# Rest wavelength;Transition; Element; Excitation Potential; Oscillator Strength; Vanderwaal Broadening; Measured Wavelength; Measured FWHM; Measured Trough; Measured Equivalent Width; Measured chi-sq; Measured Line Velocity; Detection Sigma; Abundance; Delta Abundance; Reduced Equivalent Width; Acceptable; Uncertain
3908.762; 24.0; Cr I; 1.004; -1.0; 0.0; 0.0; 0.0; 0.0; 0.0; nan; nan; nan; 0.0; 0.0; 0.0; False; False
4254.332; 24.0; Cr I; 0.0; -0.114; 0.0; 4254.32902727; 0.095347384846; 0.168725949771; 182.928161296; 1035.01067874; -0.209481423298; 6.92267511154; 0.0; 0.0; -4.36655080932; False; False
4274.8; 24.0; Cr I; 0.0; -0.22; 0.0; 4274.7850696; 0.114343350051; 0.175449736605; 171.65161616; 3811.56051431; -1.04707485621; 6.51077196825; 0.0; 0.0; -4.3962679039; False; False
4289.72; 24.0; Cr I; 0.0; -0.37; 0.0; 4289.7473845; 0.104294701884; 0.184845994343; 140.751902355; 49.0003380029; 1.91378821815; 15.1718547198; 0.0; 0.0; -4.48397467236; False; False
4337.566; 24.0; Cr I; 0.968; -1.112; 0.0; 4337.54579143; 0.0819990518871; 0.358979611803; 121.582864286; 224.659031199; -1.39672896394; 13.4775403165; 0.0; 0.0; -4.55237372562; False; False
4545.95; 24.0; Cr I; 0.94; -1.37; 0.0; 4545.93909775; 0.0806137441539; 0.500246510609; 102.906980241; 42.0; -0.718974137907; 4.46378772651; 4.33; 0.05; -4.65; True; False
4580.056; 24.0; Cr I; 0.941; -1.65; 0.0; 4580.0537511; 0.0863033801542; 0.451827533555; 117.039432016; 4135.65503477; -0.147203930767; 5.32521614499; 4.94; 0.53; -4.59; False; False
4600.752; 24.0; Cr I; 1.004; -1.26; 0.0; 4600.75399146; 0.0890092054274; 0.507745200558; 105.759450091; 42.0; 0.129766578922; 5.21154959004; 4.35; -0.06; -4.64; False; False
4616.137; 24.0; Cr I; 0.983; -1.19; 0.0; 4616.1148493; 0.0794845935127; 0.470608575403; 104.387755931; 5150.58134016; -1.43857200221; 9.67765388577; 4.22; -0.06; -4.65; True; False
4626.188; 24.0; Cr I; 0.968; -1.32; 0.0; 4626.16610083; 0.0763794644868; 0.485332320846; 96.7873429837; 5163.44600332; -1.41914632282; 13.1816746628; 4.15; -0.13; -4.68; True; False
4646.15; 24.0; Cr I; 1.03; -0.74; 0.0; 4646.15266538; 0.0880317759097; 0.432717220884; 124.690862209; 3111.74662327; 0.171983060691; 7.10424252506; 4.3; 0.02; -4.57; True; False
4651.28; 24.0; Cr I; 0.98; -1.46; 0.0; 4651.27568369; 0.079924029115; 0.5299380298; 94.8989769608; 6506.92346769; -0.278202668209; 5.82251674783; 4.25; -0.03; -4.69; True; False
4652.158; 24.0; Cr I; 1.004; -1.03; 0.0; 4652.14977216; 0.0815519368031; 0.458644120492; 111.506209356; 4665.88125232; -0.530216307596; 6.29794148518; 4.24; -0.04; -4.62; True; False
4789.34; 24.0; Cr I; 2.54; -0.33; 0.0; 4789.36174656; 0.105148446339; 0.65791954045; 94.5070003423; 42.0; 1.36123664094; 4.52993970708; 5.04; 0.63; -4.7; False; False
5206.04; 24.0; Cr I; 0.94; 0.02; 0.0; 5206.03527906; 0.136309693272; 0.375724442396; 207.069732666; 42.0; -0.27185796231; 4.27977809991; 0.0; 0.0; -4.40039087783; False; False
5208.419; 24.0; Cr I; 0.94; 0.16; 0.0; 5208.47075083; 0.158964605211; 0.266699664978; 287.744885497; 6798.58239006; 2.97870705744; 6.3228851299; 0.0; 0.0; -4.25769830148; False; False
5247.564; 24.0; Cr I; 0.961; -1.64; 0.0; 5247.55958649; 0.107259066587; 0.601196906788; 106.304934551; 4979.14725982; -0.252143313948; 4.56378114331; 4.51; 0.23; -4.69; True; False
5296.69; 24.0; Cr I; 0.98; -1.36; 0.0; 5296.68557996; 0.106799170585; 0.58664628113; 110.434695503; 14289.5017656; -0.2501742596; 3.21266400405; 4.33; 0.05; -4.68; True; False
5298.28; 24.0; Cr I; 0.98; -1.14; 0.0; 5298.2584528; 0.211075296176; 0.546697574333; 239.022534605; 11831.8794167; -1.21920962497; 7.19915184039; 0.0; 0.0; -4.34569605851; False; False
5300.74; 24.0; Cr I; 0.98; -2.0; 0.0; 5300.74494413; 0.0998677406475; 0.699742696953; 71.585482243; 42.0; 0.279623542822; 2.24617817141; 4.16; -0.12; -4.87; True; False
5345.8; 24.0; Cr I; 1.0; -0.95; 0.0; 5345.79382856; 0.114210761143; 0.524361865594; 135.618817328; 12597.1419385; -0.346095024515; 4.74512212768; 4.46; 0.18; -4.6; True; False
5348.31; 24.0; Cr I; 1.0; -1.21; 0.0; 5348.30969323; 0.10683652203; 0.576494839942; 113.093892916; 15715.5783163; -0.0171956878242; 3.63239390384; 4.26; -0.02; -4.67; True; False
5409.77; 24.0; Cr I; 1.03; -0.67; 0.0; 5409.77046069; 0.123072861302; 0.489673356333; 156.553588338; 14250.6789374; 0.0255299503658; 4.90067472077; 4.57; 0.29; -4.54; True; False
3408.737; 24.1; Cr II; 2.48; -0.424; 0.0; 3408.75085343; 0.0634619971464; 0.289023109332; 64.25174209; 13488.5112198; 1.218380354; 0.377012125132; nan; nan; -4.72470858726; False; False
4558.594; 24.1; Cr II; 4.07; -0.656; 0.0; 4558.62020344; 0.094007862852; 0.627352715515; 88.9273108215; 42.0; 1.72323948399; 10.385966657; nan; nan; -4.70979575518; True; False
4588.142; 24.1; Cr II; 4.07; -0.826; 0.0; 4588.18306313; 0.0752254971347; 0.694842047413; 57.2946917102; 499.576548869; 2.68307028919; 2.87480154288; nan; nan; -4.90352246364; True; False
4591.992; 24.1; Cr II; 4.07; -1.419; 0.0; 4592.032594; 0.0806866195701; 0.82060745188; 35.7428487681; 305.574355367; 2.65019378252; 2.12486640857; nan; nan; -5.10881195919; True; False
4995.002; 21.0; Sc I; 2.111; -0.88; 0.0; 0.0; 0.0; 0.0; 0.0; nan; nan; nan; 0.0; 0.0; 0.0; False; False
4722.15; 30.0; Zn I; 4.03; -0.39; 0.0; 4722.14197142; 0.0827387702484; 0.703843065386; 62.4983351302; 2007.64895462; -0.509706984888; 3.73612406043; 3.42; 0.085; -4.88; True; False
4810.528; 30.0; Zn I; 4.08; -0.137; 0.0; 4810.52102341; 0.0797796199257; 0.67092018354; 63.8333255947; 9546.20657911; -0.434782030139; 8.32505914444; 3.25; -0.085; -4.88; True; False
4077.714; 38.1; Sr II; 0.0; 0.15; 0.0; 4077.6952536; 0.216041842168; 0.161540977137; 418.576524345; 397.293486331; -1.37823650269; 14.0741240597; nan; nan; -3.98864189476; False; False
4215.524; 38.1; Sr II; 0.0; -0.18; 0.0; 4215.5118394; 0.134960867162; 0.122441824715; 287.20872602; 1035.43092917; -0.86481928747; 14.4449620793; nan; nan; -4.16665393562; False; False
5526.82; 21.1; Sc II; 1.77; 0.13; 0.0; 5526.79689538; 0.109278858665; 0.647632719674; 96.1031397573; 24276.0228772; -1.25327408462; 8.52481565711; 1.93; -0.19; -4.76; True; False
5657.88; 21.1; Sc II; 1.51; -0.5; 0.0; 5657.85782633; 0.108327407928; 0.668200052402; 89.484590956; 10676.520847; -1.1749147027; 3.89934979777; 2.08; -0.04; -4.8; True; False
5667.15; 21.1; Sc II; 1.5; -1.24; 0.0; 5667.13165791; 0.117585193936; 0.815953514113; 54.3676588787; 17446.2896302; -0.970300363035; 2.63761698166; 2.16; 0.04; -5.02; True; False
5669.04; 21.1; Sc II; 1.5; -1.12; 0.0; 5668.99832972; 0.124863834514; 0.790225898311; 66.5892653028; 7792.70758089; -2.20364096123; 3.30705196166; 2.25; 0.13; -4.93; True; False
6245.61; 21.1; Sc II; 1.51; -0.98; 0.0; 6245.59555101; 0.118527950937; 0.803479102534; 57.9839935339; 21680.7004711; -0.693560495954; 6.79345856718; 1.95; -0.17; -5.03; True; False
6604.6; 21.1; Sc II; 1.36; -1.48; 0.0; 6604.56845066; 0.12960035754; 0.82047501359; 57.8689016297; 23929.0680195; -1.4320773785; 6.96529319237; 2.24; 0.12; -5.06; True; False
4959.12; 60.1; Nd II; 0.06; -0.8; 0.0; 4959.1116449; 0.0873613288235; 0.768665717085; 48.4038128; 11019.2859135; -0.505089400751; 5.42477228475; nan; nan; -5.01052504475; True; False
5092.79; 60.1; Nd II; 0.38; -0.61; 0.0; 5092.7907886; 0.0854156217033; 0.869648814077; 27.3177941055; 3565.07511003; 0.0464219267643; 0.838526367962; nan; nan; -5.27051014109; True; False
5212.36; 60.1; Nd II; 0.2; -0.96; 0.0; 5212.32346039; 0.107075869601; 0.871267298884; 31.8713593776; 2425.24603081; -2.10161564127; 0.784762935073; nan; nan; -5.21363381592; True; False
5234.19; 60.1; Nd II; 0.55; -0.51; 0.0; 5234.1677061; 0.118601782209; 0.88141164161; 35.255181719; 42.0; -1.27690651156; 1.41731884862; nan; nan; -5.17162652585; True; False
5249.58; 60.1; Nd II; 0.98; 0.2; 0.0; 5249.55106918; 0.11032430587; 0.842499617328; 42.8308720353; 9303.19551976; -1.65218707058; 1.83120921738; nan; nan; -5.08836764175; True; False
5255.51; 60.1; Nd II; 0.2; -0.67; 0.0; 5255.55184757; 0.128441259095; 0.787441243465; 68.2817124941; 2722.99259353; 2.38711079737; 2.54999792563; nan; nan; -4.88631046217; False; False
5293.16; 60.1; Nd II; 0.82; 0.1; 0.0; 5293.14407581; 0.11713778934; 0.842155571822; 45.9869679252; 11715.1171626; -0.901912252636; 1.22229121123; nan; nan; -5.06108024588; True; False
5319.81; 60.1; Nd II; 0.55; -0.14; 0.0; 5319.81392346; 0.115800481477; 0.806515346768; 56.1625183848; 42.0; 0.22110242151; 2.42398568868; nan; nan; -4.97644954773; True; False
5112.27; 40.1; Zr II; 1.67; -0.59; 0.0; 5112.27038652; 0.0902747626974; 0.905644740279; 17.2894158828; 18392.7232969; 0.0226662104657; 0.440184017161; nan; nan; -5.47083346161; True; False
5123.22; 39.1; Y II; 0.99; -0.83; 0.0; 5123.15193587; 0.119454384281; 0.765437639334; 66.2855770876; 8791.22675568; -3.98292191346; 4.92628599703; nan; nan; -4.888123964; False; False
5200.42; 39.1; Y II; 0.99; -0.57; 0.0; 5200.39094862; 0.118317138035; 0.766108947561; 69.3666864376; 42.0; -1.67475558122; 4.08195586914; nan; nan; -4.87488747057; True; False
5509.91; 39.1; Y II; 0.99; -1.01; 0.0; 5509.92305178; 0.119770239563; 0.807714142479; 57.4211492016; 20642.1285056; 0.710141483276; 2.44372049101; nan; nan; -4.98207262503; True; False
5544.61; 39.1; Y II; 1.74; -1.08; 0.0; 5544.62127374; 0.0942364172416; 0.966597638199; 7.86623351596; 10024.1830451; 0.609560650441; 0.754454038258; nan; nan; -5.84810416923; True; False
4943.45; 58.1; Ce II; 1.2; -0.11; 0.0; 0.0; 0.0; 0.0; 0.0; nan; nan; nan; nan; nan; 0.0; False; False
5274.24; 58.1; Ce II; 1.04; -0.32; 0.0; 5274.22320772; 0.0845142366929; 0.923631365758; 12.2402552488; 53.220583935; -0.954491083708; 0.30479913855; nan; nan; -5.63436941378; True; False
5472.3; 58.1; Ce II; 1.24; -0.18; 0.0; 0.0; 0.0; 0.0; 0.0; nan; nan; nan; nan; nan; 0.0; False; False
5512.06; 58.1; Ce II; 1.0; 0.29; 0.0; 0.0; 0.0; 0.0; 0.0; nan; nan; nan; nan; nan; 0.0; False; False
5727.06; 23.0; V I; 1.08; -0.01; 0.0; 5727.02378551; 0.116683421142; 0.781892982792; 63.4769075784; 29979.7556911; -1.89571948151; 6.64692430499; 2.91; 0.025; -4.96; True; False
6090.22; 23.0; V I; 1.08; -0.06; 0.0; 6090.19459456; 0.109054985597; 0.819748633164; 49.5540140436; 22456.5020843; -1.25059360133; 2.76692827265; 2.7; -0.185; -5.09; True; False
6216.36; 23.0; V I; 0.28; -1.29; 0.0; 6216.34253876; 0.120551744508; 0.842319089612; 46.9155701307; 41601.8056248; -0.842094332961; 2.26378008259; 2.86; -0.025; -5.12; True; False
6251.82; 23.0; V I; 0.29; -1.34; 0.0; 6251.8002831; 0.109831585323; 0.871291608507; 34.1787001873; 14879.7714784; -0.945484312291; 3.99123995044; 2.7; -0.185; -5.26; True; False
6274.64; 23.0; V I; 0.27; -1.67; 0.0; 6274.6198436; 0.105281750361; 0.862522968925; 34.6279140081; 19333.457741; -0.96304435682; 1.6052879062; 3.01; 0.125; -5.26; True; False
6504.16; 23.0; V I; 1.18; -1.23; 0.0; 6504.14382551; 0.129756417643; 0.96991364759; 9.58438259587; 7353.49348406; -0.74552314843; 1.11837829431; 3.03; 0.145; -5.83; True; False
5154.08; 22.1; Ti II; 1.57; -1.92; 0.0; 5154.06584749; 0.116813015737; 0.626424741365; 106.632414367; 4882.79211348; -0.823197591263; 3.79634763481; 4.41; 0.25; -4.68; False; False
5185.91; 22.1; Ti II; 1.89; -1.35; 0.0; 5185.88919141; 0.101136631831; 0.637131978636; 84.7826605432; 10072.8219481; -1.20292911268; 2.54545580856; 3.76; -0.36; -4.79; True; False
5336.79; 22.1; Ti II; 1.58; -1.69; 0.0; 5336.77385134; 0.110552833184; 0.618177385532; 104.692020842; 9239.41579758; -0.90714866974; 4.31564545146; 4.12; 0.0; -4.71; True; False
5381.03; 22.1; Ti II; 1.59; -2.08; 0.0; 5381.02046466; 0.116390062266; 0.664899063431; 97.8034096564; 22244.0533743; -0.531241661592; 2.90234297987; 4.37; 0.25; -4.74; True; False
5105.54; 29.0; Cu I; 1.39; -1.52; 0.0; 5105.53253257; 0.105153374149; 0.647103611031; 89.2624156725; 7048.74008107; -0.438481310548; 2.71741537303; 2.76; 0.0; -4.76; True; False
4802.88; 26.0; Fe I; 3.69; -1.531; 0.0; 4802.86871164; 0.0754182371373; 0.704558926127; 54.2274106222; 5710.51002239; -0.704613056172; 7.02670017457; 6.25; -0.04; -4.95; False; False
4993.36; 26.1; Fe II; 2.8; -3.48; 0.0; 4993.33986457; 0.075394364971; 0.82018740143; 32.3737128106; 3932.7105378; -1.20890037956; 0.913383507929; 5.9; -0.375; -5.19; False; False
5044.21; 26.0; Fe I; 2.85; -2.034; 0.0; 5044.19935894; 0.105038496863; 0.677161998347; 84.4106214162; 2123.47346894; -0.632431284718; 1.37384429376; 6.28; -0.01; -4.78; False; False
5054.64; 26.0; Fe I; 3.64; -1.938; 0.0; 5054.63351697; 0.0915710753789; 0.866559123018; 29.034623904; 16942.63657; -0.384511510587; 0.506926952418; 6.09; -0.2; -5.24; True; False
5234.62; 26.1; Fe II; 3.22; -2.15; 0.0; 5234.61643619; 0.105988568874; 0.676362751899; 85.485604535; 9591.83500211; -0.204103476397; 3.44705582121; 6.2; -0.08; -4.79; True; False
5242.49; 26.0; Fe I; 3.63; -0.98; 0.0; 5242.48139689; 0.101949803916; 0.671541229014; 83.7227624319; 13425.9725409; -0.491970978894; 3.57258623199; 6.18; -0.11; -4.8; True; False
5321.11; 26.0; Fe I; 4.43; -1.106; 0.0; 5321.08939136; 0.107089987102; 0.905327747225; 25.1273749043; 9788.89883863; -1.16109936644; 1.09619224159; 6.12; -0.17; -5.33; True; False
5322.04; 26.0; Fe I; 2.28; -2.84; 0.0; 5322.03048505; 0.102986563083; 0.709266388561; 74.4685937378; 14365.8037037; -0.535981429872; 2.81780629228; 6.14; -0.15; -4.85; True; False
5325.55; 26.1; Fe II; 3.22; -3.22; 0.0; 5325.53893299; 0.105755009711; 0.853260699717; 37.6253548938; 15046.8288503; -0.622999126701; 1.58619333556; 6.24; -0.04; -5.15; True; False
5326.14; 26.0; Fe I; 3.57; -2.13; 0.0; 5326.13458354; 0.0991546829587; 0.883721813169; 27.7405270064; 16787.5370475; -0.30487644076; 1.22770241372; 6.16; -0.13; -5.28; True; False
5365.4; 26.0; Fe I; 3.57; -1.04; 0.0; 5365.38815524; 0.101149031867; 0.703064362105; 74.4609942808; 25204.8074687; -0.661829183612; 6.45036340483; 5.96; -0.33; -4.86; True; False
5367.48; 26.0; Fe I; 4.41; 0.43; 0.0; 5367.45539407; 0.107292747829; 0.624118844522; 99.8316625392; 15979.4948799; -1.37433303941; 8.70907637596; 6.04; -0.25; -4.73; True; False
5379.57; 26.0; Fe I; 3.69; -1.53; 0.0; 5379.56888969; 0.101584897888; 0.787681887035; 54.3037517418; 11363.0598824; -0.061875551265; 1.54581262676; 6.21; -0.08; -5.0; True; False
5414.07; 26.1; Fe II; 3.22; -3.75; 0.0; 5414.06611647; 0.0922370838686; 0.917728988904; 18.8159753541; 2944.36984111; -0.215042367229; 0.817004677653; 6.31; 0.03; -5.46; True; False
5425.26; 26.1; Fe II; 3.2; -3.37; 0.0; 5425.24454387; 0.0995371021714; 0.861978812732; 34.3264905685; 24663.0841155; -0.854087010746; 1.34259903577; 6.3; 0.02; -5.2; True; False
5491.84; 26.0; Fe I; 4.18; -2.25; 0.0; 0.0; 0.0; 0.0; 0.0; nan; nan; nan; nan; nan; 0.0; False; False
5618.63; 26.0; Fe I; 4.21; -1.292; 0.0; 5618.61254875; 0.103992462959; 0.85860542266; 35.6564793825; 22937.3800679; -0.931147041213; 3.52018061651; 6.25; -0.04; -5.2; True; False
5688.19; 11.0; Na I; 2.11; -0.42; 0.0; 5688.20659207; 0.123453256612; 0.760135874932; 74.2262524234; 42.0; 0.87447220082; 3.57976058245; 5.08; 0.21; -4.88; True; False
5690.43; 14.0; Si I; 4.93; -1.751; 0.0; 5690.41715892; 0.106120687798; 0.886164167467; 30.7757104103; 33668.5117229; -0.676516246136; 1.39824723723; 6.46; -0.06; -5.27; True; False
5701.55; 26.0; Fe I; 2.56; -2.216; 0.0; 5701.53239326; 0.115549608671; 0.653939521716; 99.6140194795; 6432.88222501; -0.925780382528; 4.24159670368; 6.35; 0.06; -4.76; True; False
5705.47; 26.0; Fe I; 4.3; -1.42; 0.0; 5705.45153554; 0.100573307868; 0.903703133209; 22.9622867969; 7546.35013244; -0.970213626712; 0.898021511428; 6.2; -0.09; -5.39; True; False
5741.85; 26.0; Fe I; 4.25; -1.689; 0.0; 5741.84342085; 0.12513231367; 0.928972786787; 22.7046536392; 23281.8412012; -0.343509845958; 0.821476054362; 6.41; 0.12; -5.4; True; False
5775.08; 26.0; Fe I; 4.22; -1.31; 0.0; 5775.06551619; 0.109870945905; 0.829519118438; 46.8626707031; 46004.7317085; -0.751876608395; 2.47542435991; 6.48; 0.19; -5.09; True; False
5778.45; 26.0; Fe I; 2.59; -3.48; 0.0; 5778.44242943; 0.107437720639; 0.903230507171; 26.189891564; 16668.9219169; -0.39276996386; 1.375458743; 6.24; -0.05; -5.34; True; False
5793.07; 14.0; Si I; 4.93; -1.843; 0.0; 5793.05809375; 0.116944427938; 0.910793666912; 26.3580085237; 22577.2418524; -0.616152160621; 1.22023516275; 6.45; -0.07; -5.34; True; False
5805.77; 57.1; La II; 0.13; -1.56; 0.0; 5805.75390094; 0.107217726636; 0.928156772483; 18.747450552; 41773.5209626; -0.831309217513; 1.9015706306; nan; nan; -5.49091761014; True; False
5811.92; 26.0; Fe I; 4.14; -2.43; 0.0; 5811.90014677; 0.0782919994384; 0.978510876843; 3.57585850729; 39249.828994; -1.02407973719; 0.364182968327; 0.0; nan; -6.21093930177; False; False
5837.7; 26.0; Fe I; 4.29; -2.34; 0.0; 5837.69712086; 0.0969805352829; 0.982593107529; 3.93674624652; 92207.317623; -0.14785716052; 0.136994294919; 0.0; nan; -6.1711043507; False; False
5846.99; 28.0; Ni I; 1.68; -3.21; 0.0; 5846.98271059; 0.107629180684; 0.879806067273; 31.465491595; 95821.4635994; -0.373750290336; 1.34742453631; 4.72; -0.23; -5.27; True; False
5853.16; 26.0; Fe I; 1.49; -5.28; 0.0; 5853.13390504; 0.0839223911625; 0.939460059186; 12.5759959082; 34440.9821723; -1.33656128677; 0.565972304808; 6.27; -0.02; -5.67; True; False
5853.64; 56.1; Ba II; 0.6; -1.01; 0.0; 5853.66496288; 0.114280179362; 0.657832496729; 97.976273599; 15624.0278473; 1.27846125794; 4.68803488394; nan; nan; -4.77630509212; True; False
5855.09; 26.0; Fe I; 4.6; -1.547; 0.0; 5855.0744303; 0.105227365906; 0.960584205866; 10.4887165545; 17561.8579097; -0.797202300304; 0.509911854424; 6.28; -0.01; -5.75; True; False
5856.1; 26.0; Fe I; 4.29; -1.64; 0.0; 5856.0717586; 0.118405210784; 0.922822936856; 22.9041870153; 20665.3205782; -1.44577440637; 1.12922727825; 6.41; 0.12; -5.41; True; False
5858.79; 26.0; Fe I; 4.22; -2.26; 0.0; 5858.77146091; 0.0883753799203; 0.976886381268; 5.3174230037; 5441.71428047; -0.948642693664; 0.269822504881; 6.21; -0.08; -6.04; True; False
5909.97; 26.0; Fe I; 3.21; -2.64; 0.0; 5909.96240811; 0.113281409386; 0.871224145646; 34.7924342961; 55240.803186; -0.385111078645; 3.73844822663; 6.34; 0.05; -5.23; True; False
5916.25; 26.0; Fe I; 2.45; -2.994; 0.0; 5916.23473435; 0.116276621255; 0.736696100266; 75.9840056724; 32795.3356229; -0.773553770668; 8.05958229091; 6.47; 0.18; -4.89; True; False
5927.8; 26.0; Fe I; 4.65; -1.09; 0.0; 5927.76783497; 0.1134947641; 0.910598987296; 25.2464242718; 41679.015888; -1.62672266494; 2.81200890323; 6.34; 0.05; -5.37; True; False
5933.8; 26.0; Fe I; 4.64; -2.23; 0.0; 5933.73914932; 0.138045511859; 0.984905532141; 4.57136411579; 1110.43579869; -3.07438082939; 0.499161540155; 0.0; nan; -6.11328708939; False; False
5956.69; 26.0; Fe I; 0.86; -4.608; 0.0; 5956.68017911; 0.111287236738; 0.678470435686; 89.8918908431; 31660.7972844; -0.494273642778; 4.50471525152; 6.3; 0.01; -4.82; True; False
5969.58; 26.0; Fe I; 4.28; -2.73; 0.0; 0.0; 0.0; 0.0; 0.0; nan; nan; nan; nan; nan; 0.0; False; False
5991.38; 26.1; Fe II; 3.15; -3.557; 0.0; 5991.35346262; 0.119348118669; 0.905987197746; 28.4062334106; 43806.8763742; -1.32786441422; 1.47934344191; 6.3; 0.02; -5.32; True; False
6012.21; 26.0; Fe I; 2.22; -4.07; 0.0; 6012.20341584; 0.115049489889; 0.90602105184; 26.4458055717; 65322.9145733; -0.328312419749; 2.90601388519; 6.36; 0.07; -5.36; True; False
6013.53; 25.0; Mn I; 3.07; -0.251; 0.0; 6013.46420389; 0.119459819275; 0.813985709968; 55.0149984587; 40586.1155119; -3.28016864341; 5.70147567682; 3.94; 0.0; -5.04; True; False
6016.67; 25.0; Mn I; 3.08; -0.1; 0.0; 6016.61721445; 0.120343813306; 0.786928598667; 63.9563785393; 36225.0654699; -2.63016728866; 7.15164260469; 3.96; 0.02; -4.97; True; False
6019.36; 26.0; Fe I; 3.57; -3.36; 0.0; 6019.34857055; 0.103682162026; 0.985162395109; 3.90505146513; 63.4767465294; -0.569241287934; 0.437692708999; 0.0; nan; -6.18792355609; False; False
6021.8; 25.0; Mn I; 3.08; 0.034; 0.0; 6021.77449729; 0.114006265974; 0.756963907711; 69.4965979237; 25787.8214631; -1.26964566404; 7.83946341748; 3.93; -0.01; -4.94; True; False
6027.05; 26.0; Fe I; 4.07; -1.106; 0.0; 6027.03649938; 0.112859131872; 0.801391135409; 56.0938097948; 39053.0962871; -0.671537918434; 6.40838131647; 6.26; -0.03; -5.03; True; False
6054.08; 26.0; Fe I; 4.37; -2.31; 0.0; 6054.11064096; 0.0903347001916; 0.982414500025; 3.58286488598; 378105.067883; 1.51730450691; 0.16155036028; 0.0; nan; -6.2278177248; False; False
6064.63; 22.0; Ti I; 1.05; -1.888; 0.0; 6064.61388946; 0.104734055702; 0.926345105369; 19.5737303382; 67812.5833726; -0.796393512494; 1.02033143851; 3.92; -0.035; -5.49; True; False
6084.11; 26.1; Fe II; 3.2; -3.808; 0.0; 6084.09258919; 0.11263493554; 0.940690963134; 16.4965330275; 43992.6699543; -0.85791443034; 0.942876518442; 6.27; -0.01; -5.57; True; False
6086.28; 28.0; Ni I; 4.26; -0.515; 0.0; 6086.26396314; 0.10965274557; 0.929979868608; 19.3841538958; 31784.2587127; -0.789931131655; 1.10482845174; 4.91; -0.04; -5.5; True; False
6091.17; 22.0; Ti I; 2.27; -0.367; 0.0; 6091.16701385; 0.107921157013; 0.929199699338; 19.6939183647; 20345.6736012; -0.146971004203; 1.10363144474; 3.92; -0.035; -5.49; True; False
6105.13; 26.0; Fe I; 4.55; -2.05; 0.0; 6105.1565799; 0.0943491717023; 0.977805115133; 4.46044010149; 139783.87133; 1.30520044687; 0.21191145536; 6.32; 0.03; -6.13; True; False
6120.24; 26.0; Fe I; 0.91; -5.97; 0.0; 6120.2237017; 0.111110496844; 0.943913853632; 15.6167437465; 16837.0692828; -0.798354296055; 1.73485575688; 6.32; 0.03; -5.59; True; False
6125.02; 14.0; Si I; 5.61; -1.506; 0.0; 6124.98125435; 0.10978616264; 0.956351792149; 12.6926609001; 7753.50225235; -1.89643915994; 1.43160605923; 6.52; 0.0; -5.68; True; False
6127.44; 40.0; Zr I; 0.15; -1.06; 0.0; 0.0; 0.0; 0.0; 0.0; nan; nan; nan; nan; nan; 0.0; False; False
6134.55; 40.0; Zr I; 0.0; -1.28; 0.0; 6134.52884665; 0.0918341006677; 0.980251407837; 3.95011104989; 16514.5015314; -1.03375757833; 0.449467712029; nan; nan; -6.19117340539; True; False
6143.2; 40.0; Zr I; 0.07; -1.1; 0.0; 6143.18907427; 0.0960155760543; 0.973002106798; 6.24395834155; 20899.4402252; -0.533184251312; 0.6201776776; nan; nan; -5.99293465771; True; False
6145.01; 14.0; Si I; 5.62; -1.362; 0.0; 6144.99698712; 0.119751555615; 0.936154372827; 18.8791342101; 38809.535475; -0.634852059557; 2.11985505235; 6.59; 0.07; -5.51; True; False
6145.42; 26.0; Fe I; 3.37; -3.6; 0.0; 0.0; 0.0; 0.0; 0.0; nan; nan; nan; nan; nan; 0.0; False; False
6149.26; 26.1; Fe II; 3.89; -2.724; 0.0; 6149.22773032; 0.117378662428; 0.912814028859; 25.789653146; 21965.3840935; -1.57323929326; 2.92703663825; 6.26; -0.02; -5.38; True; False
6151.62; 26.0; Fe I; 2.17; -3.299; 0.0; 6151.60298003; 0.113882957865; 0.765436323247; 67.1571994568; 13931.509708; -0.829451864156; 2.47290655996; 6.25; -0.04; -4.96; True; False
6154.23; 11.0; Na I; 2.1; -1.53; 0.0; 6154.19780465; 0.11227664902; 0.964584524706; 9.8782844165; 7236.84782654; -1.56834786604; 0.352899758882; 4.87; 0.0; -5.79; True; False
6155.13; 14.0; Si I; 5.62; -0.786; 0.0; 6155.12118025; 0.121026703507; 0.85291126451; 44.1675631428; 38777.8268002; -0.429576445011; 1.73641177358; 6.56; 0.04; -5.14; True; False
6157.73; 26.0; Fe I; 4.08; -1.32; 0.0; 6157.72194085; 0.118593797435; 0.804049622129; 57.3945208543; 24923.3755888; -0.392364761129; 2.38882563364; 6.49; 0.2; -5.03; True; False
6159.38; 26.0; Fe I; 4.61; -1.97; 0.0; 0.0; 0.0; 0.0; 0.0; nan; nan; nan; nan; nan; 0.0; False; False
6160.75; 11.0; Na I; 2.1; -1.23; 0.0; 6160.74137724; 0.104109928043; 0.936793021737; 12.5082483943; 42.0; -0.419598356801; 0.54557599032; 4.68; -0.19; -5.69; True; False
6165.36; 26.0; Fe I; 4.14; -1.49; 0.0; 6165.34680301; 0.111023695653; 0.88857676122; 30.6757961547; 26407.5115242; -0.641708739936; 1.45678908989; 6.24; -0.05; -5.3; True; False
6166.44; 20.0; Ca I; 2.52; -1.142; 0.0; 6166.42274274; 0.119334726518; 0.760500647859; 71.4580461595; 18357.0482102; -0.838994960769; 3.45992311598; 5.47; 0.015; -4.94; True; False
6169.04; 20.0; Ca I; 2.52; -0.797; 0.0; 6169.02185161; 0.11256582718; 0.686963847684; 88.4901230025; 22045.8514161; -0.881946892591; 4.38622017008; 5.44; -0.015; -4.84; True; False
6169.56; 20.0; Ca I; 2.53; -0.478; 0.0; 6169.54628359; 0.118472553292; 0.636928429901; 108.062111051; 17938.2012215; -0.666512052828; 5.43940742591; 5.5; 0.045; -4.76; True; False
6173.34; 26.0; Fe I; 2.22; -2.88; 0.0; 6173.32091382; 0.119595543957; 0.703386283385; 89.3811843176; 25605.9170064; -0.926874415137; 4.73953927189; 6.3; 0.01; -4.84; True; False
6175.37; 28.0; Ni I; 4.09; -0.535; 0.0; 6175.34917668; 0.114277816065; 0.894335597543; 30.3867609468; 54510.1697811; -1.01090212063; 1.41443755586; 4.99; 0.04; -5.31; True; False
6177.24; 28.0; Ni I; 1.83; -3.51; 0.0; 6177.23641153; 0.0869745832563; 0.928357890838; 15.6930984607; 32078.5266961; -0.174154713676; 0.857331137003; 4.8; -0.15; -5.59; True; False
6180.2; 26.0; Fe I; 2.73; -2.637; 0.0; 6180.18547934; 0.116744325613; 0.779384001684; 64.5008467544; 32092.6594687; -0.704377486221; 3.62124221709; 6.25; -0.04; -4.98; True; False
6189.0; 27.0; Co I; 1.71; -2.45; 0.0; 6188.98149624; 0.129481293457; 0.933968840415; 21.0304569748; 124475.788632; -0.896316886422; 1.22285407012; 3.85; 0.1; -5.47; True; False
6200.31; 26.0; Fe I; 2.61; -2.437; 0.0; 6200.29783215; 0.119008935456; 0.709512632675; 86.788889125; 27832.6349294; -0.588331190224; 4.92980939328; 6.31; 0.02; -4.85; True; False
6204.6; 28.0; Ni I; 4.09; -1.14; 0.0; 6204.58377358; 0.107144581936; 0.965982152238; 9.47066115975; 47089.2466757; -0.784026613464; 0.522239682709; 4.95; 0.0; -5.81; True; False
6219.28; 26.0; Fe I; 2.2; -2.433; 0.0; 6219.26259558; 0.122945821393; 0.630359964567; 112.846316269; 35395.9865605; -0.838960353696; 12.0616186531; 6.29; 0.0; -4.74; True; False
6229.23; 26.0; Fe I; 2.84; -2.846; 0.0; 6229.21298797; 0.122977234269; 0.857662319594; 43.7373844001; 32471.0489523; -0.818735783456; 4.91926807555; 6.24; -0.05; -5.15; True; False
6232.64; 26.0; Fe I; 3.65; -1.283; 0.0; 6232.6192254; 0.119709677659; 0.740060252043; 77.7571124407; 14800.7036174; -0.999269812766; 8.87295990376; 6.29; 0.0; -4.9; True; False
6246.32; 26.0; Fe I; 3.6; -0.894; 0.0; 6246.3005906; 0.119445857028; 0.658817150681; 101.745403467; 19851.671065; -0.931558266621; 11.7604595407; 6.3; 0.01; -4.79; True; False
6247.56; 26.1; Fe II; 3.89; -2.329; 0.0; 6247.53631463; 0.123480279251; 0.858119284785; 43.3874116046; 8939.57743641; -1.1365590871; 5.11423935969; 6.28; 0.0; -5.16; True; False
6265.13; 26.0; Fe I; 2.17; -2.55; 0.0; 6265.11567125; 0.120994812737; 0.644401289157; 106.886428611; 17998.8867637; -0.685646030657; nan; 6.25; -0.04; -4.77; True; False
6270.22; 26.0; Fe I; 2.86; -2.5; 0.0; 6270.18689244; 0.144524444557; 0.725284019944; 98.110270949; 19910.3316827; -1.58295064917; 4.20374655731; 6.89; 0.6; -4.80556830387; False; False
6271.28; 26.0; Fe I; 3.33; -2.728; 0.0; 0.0; 0.0; 0.0; 0.0; nan; nan; nan; nan; nan; 0.0; False; False
6297.79; 26.0; Fe I; 2.22; -2.74; 0.0; 6297.77932705; 0.121046294826; 0.684329985765; 95.9256853257; 18697.1814553; -0.508063369539; 5.59607727222; 6.28; -0.01; -4.82; True; False
6300.3; 8.0; O I; 0.0; -9.717; 0.0; 6300.28092701; 0.156770905803; 0.906831507355; 34.223212737; 42.0; -0.907568649812; 1.96539655387; 7.98; 0.05; -5.27; True; False
6301.5; 26.0; Fe I; 3.65; -0.766; 0.0; 6301.48465357; 0.12398727146; 0.667506301465; 103.224272837; 10232.389965; -0.73010484314; 6.1550953259; 6.3; 0.01; -4.79; True; False
6312.24; 22.0; Ti I; 1.46; -1.496; 0.0; 6312.22793871; 0.103806254834; 0.92557059359; 18.885020577; 6594.20893575; -0.572838064355; 1.08237314246; 4.01; 0.055; -5.52; True; False
6318.72; 12.0; Mg I; 5.11; -1.97; 0.0; 6318.68445142; 0.120808615268; 0.911558541175; 26.5659222421; 11114.2522899; -1.68661607413; 1.46970095834; 6.74; 0.005; -5.38; True; False
6319.24; 12.0; Mg I; 5.11; -2.22; 0.0; 6319.24800971; 0.126157394749; 0.941168286645; 18.0660893448; 42104.4369309; 0.379989837777; 1.01789278548; 6.78; 0.045; -5.54; True; False
6322.69; 26.0; Fe I; 2.59; -2.426; 0.0; 6322.66591839; 0.120975013993; 0.70551217114; 88.5959635617; 19002.3697974; -1.14184207289; 4.85353019717; 6.3; 0.01; -4.85; True; False
6336.1; 22.0; Ti I; 1.44; -1.687; 0.0; 6336.08124049; 0.112932080734; 0.954836316599; 13.2156511725; 14692.3761798; -0.887608476891; 1.45944477781; 3.99; 0.035; -5.68; True; False
6336.82; 26.0; Fe I; 3.68; -0.916; 0.0; 6336.80366748; 0.121626281445; 0.693435232252; 93.9656940221; 29841.1059687; -0.772687186867; 10.0220004872; 6.27; -0.02; -4.83; True; False
6353.84; 26.0; Fe I; 0.91; -6.477; 0.0; 6353.75082764; 0.0939314481526; 0.981846296412; 3.81478129627; 12474.0625457; -4.20746743952; 0.446036150003; 0.0; nan; -6.22156662975; False; False
6355.03; 26.0; Fe I; 2.84; -2.403; 0.0; 6355.01989307; 0.12629671371; 0.735973554936; 82.9064675305; 30600.9052455; -0.476785628126; 9.84035314563; 6.47; 0.18; -4.88; True; False
6363.78; 8.0; O I; 0.02; -10.185; 0.0; 6363.76436504; 0.114803967649; 0.958633857676; 10.6181831611; 133740.030275; -0.736551879218; 1.24938820334; 7.88; -0.05; -5.78; True; False
6369.46; 26.1; Fe II; 2.89; -4.25; 0.0; 6369.43154167; 0.125453196368; 0.946705851396; 16.7559566851; 57975.5676866; -1.33945917327; 1.8795873565; 6.36; 0.08; -5.58; True; False
6390.48; 57.1; La II; 0.32; -1.41; 0.0; 6390.46363484; 0.119550949581; 0.951417193866; 14.0941015273; 162700.885869; -0.767730151448; 0.653407423562; nan; nan; -5.65649608437; True; False
6411.65; 26.0; Fe I; 3.65; -0.734; 0.0; 6411.63316701; 0.125703017377; 0.653497135167; 109.59763196; 24817.7625929; -0.787069711526; 6.44698555248; 6.34; 0.05; -4.77; True; False
6416.92; 26.1; Fe II; 3.89; -2.74; 0.0; 6416.90639906; 0.127558244498; 0.911670234423; 28.5949882953; 37993.336985; -0.635424513024; 1.72303717085; 6.35; 0.07; -5.35; True; False
6432.68; 26.1; Fe II; 2.89; -3.708; 0.0; 6432.66094199; 0.120215231545; 0.866045538343; 40.4261286514; 26570.6656982; -0.888193373782; 2.40017837761; 6.4; 0.12; -5.2; True; False
6455.03; 27.0; Co I; 3.63; -0.25; 0.0; 6454.97988013; 0.0997285985571; 0.96148208469; 9.02414014262; 91485.6628544; -2.32774679304; 1.01439523206; 3.59; -0.16; -5.86; True; False
6455.6; 20.0; Ca I; 2.52; -1.29; 0.0; 6455.58392218; 0.118779330347; 0.812660942587; 55.0433197189; 46046.1717596; -0.746641921441; 6.17097388943; 5.33; -0.125; -5.07; True; False
6456.38; 26.1; Fe II; 3.9; -2.075; 0.0; 6456.36578613; 0.124910524047; 0.82429314147; 54.1763929744; 28450.4113737; -0.660001366564; 5.61080488909; 6.27; -0.01; -5.08; True; False
6469.19; 26.0; Fe I; 4.84; -0.77; 0.0; 6469.11954784; 0.132948194639; 0.841147428647; 48.8871957659; 84975.7139679; -3.26489977511; 4.71529534155; 6.71; 0.42; -5.12; True; False
6574.23; 26.0; Fe I; 0.99; -5.004; 0.0; 6574.20602966; 0.125493085543; 0.800846230529; 63.6849493767; 13163.2997736; -1.09307913682; 7.05965261083; 6.34; 0.05; -5.01; True; False
6575.02; 26.0; Fe I; 2.59; -2.727; 0.0; 6575.00259408; 0.125819198657; 0.757537115103; 77.1283097474; 17635.0356532; -0.793636920348; 8.53805506437; 6.36; 0.07; -4.93; True; False
6581.21; 26.0; Fe I; 1.5; -4.705; 0.0; 6581.18101415; 0.130011222758; 0.877152054016; 39.7972190114; 55949.0514564; -1.32039216267; 4.33873775472; 6.32; 0.03; -5.22; True; False
6609.11; 26.0; Fe I; 2.56; -2.692; 0.0; 6609.09186247; 0.126229427263; 0.748141261213; 79.8447142291; 28720.6020366; -0.822729355225; 9.78824938429; 6.33; 0.04; -4.92; True; False
6632.45; 27.0; Co I; 2.28; -2.0; 0.0; 6632.41503274; 0.117500460469; 0.96312811209; 10.7619703982; 49169.6264506; -1.58055842218; 1.26883887051; 3.75; 0.0; -5.79; True; False
6635.12; 28.0; Ni I; 4.42; -0.828; 0.0; 6635.09548034; 0.124460178664; 0.965368210981; 10.4374471098; 166541.486123; -1.1078679862; 0.480821413408; 5.07; 0.12; -5.8; True; False
6645.11; 63.1; Eu II; 1.38; 0.204; 0.0; 6645.08929948; 0.129059226019; 0.921809261798; 25.2626546213; 105266.199512; -0.933901816072; 1.32589046429; nan; nan; -5.42002318979; True; False
6648.08; 26.0; Fe I; 1.01; -5.918; 0.0; 6648.05106459; 0.125401017419; 0.947699551675; 16.676510324; 51867.9968456; -1.30483600729; 0.904381731646; 6.4; 0.11; -5.6; True; False
6696.02; 13.0; Al I; 3.14; -1.34; 0.0; 6696.03916061; 0.194438086268; 0.952044345602; 23.3538363387; 193085.995385; 0.857851215471; 1.27194631499; 5.34; 0.215; -5.46; True; False
6698.67; 13.0; Al I; 3.14; -1.64; 0.0; 6698.64892624; 0.1218517508; 0.976400242365; 6.97241487294; 386497.616854; -0.943138560994; 0.762691493034; 5.04; -0.085; -5.98; True; False
6699.16; 26.0; Fe I; 4.59; -2.17; 0.0; 6699.1303716; 0.0766899932753; 0.989830241792; 1.73686855267; 319898.222125; -1.32589891337; 0.190445041397; 0.0; nan; -6.58625339842; False; False
6739.52; 26.0; Fe I; 1.56; -4.82; 0.0; 6739.51093754; 0.11685790934; 0.921535043; 23.9141420888; 23383.7383601; -0.403123611452; 2.94795615812; 6.18; -0.11; -5.45; True; False
6750.15; 26.0; Fe I; 2.42; -2.621; 0.0; 6750.13957855; 0.1261224859; 0.710274006982; 91.5350987765; 47283.5556301; -0.462845589078; 10.3387506884; 6.28; -0.01; -4.87; True; False
6756.56; 26.0; Fe I; 4.29; -2.75; 0.0; 6756.55660315; 0.074876118254; 0.989098556274; 1.79408066669; 214919.758157; -0.15072011902; 0.215725649309; 0.0; nan; -6.57588367157; False; False
6772.32; 28.0; Ni I; 3.66; -0.987; 0.0; 6772.293217; 0.132794634634; 0.885447734517; 38.4281354526; 67508.7277271; -1.18561646731; 1.92158888018; 5.04; 0.09; -5.25; True; False
6786.86; 26.0; Fe I; 4.19; -1.85; 0.0; 6786.84784756; 0.132571169559; 0.949201959828; 17.7737828253; 29927.8721676; -0.53680447653; 1.0361625514; 6.32; 0.03; -5.58; True; False
6810.26; 26.0; Fe I; 4.6; -1.0; 0.0; 6810.2438462; 0.121846507232; 0.904648395144; 28.8268427722; 173650.576786; -0.711103418974; 1.77461131167; 6.24; -0.05; -5.37; True; False
6965.41; 12.0; Mg I; 5.75; -1.51; 0.0; 6965.35691259; 0.135609643196; 0.95397945238; 15.5863844149; 108273.121623; -2.2849089593; 1.64672453882; 6.73; -0.005; -5.65; True; False
6971.93; 26.0; Fe I; 3.02; -3.39; 0.0; 6971.92159071; 0.12948439946; 0.959201656682; 13.2728229124; 8509.37337027; -0.361599295879; 1.45114238545; 6.26; -0.03; -5.72; True; False
7112.17; 26.0; Fe I; 2.99; -3.044; 0.0; 7112.14777384; 0.142353090208; 0.908808994139; 32.8317755566; 33512.2774392; -0.936880889374; 3.62457436472; 6.36; 0.07; -5.34; True; False
7189.15; 26.0; Fe I; 3.07; -2.796; 0.0; 7189.14136668; 0.132284259471; 0.869922137509; 38.3080920703; 281.808829497; -0.360015953424; 4.59321412781; 6.33; 0.04; -5.27; True; False
7223.66; 26.0; Fe I; 3.01; -2.269; 0.0; 7223.63222651; 0.130219249678; 0.78100694497; 68.6234409772; 17826.5612794; -1.15264476543; 3.7199443484; 6.24; -0.05; -5.02; True; False
7224.49; 26.1; Fe II; 3.89; -3.243; 0.0; 7224.64631248; 0.160093653103; 0.85892084698; 53.1234448595; 722.372815517; 6.48631113354; 3.39912575534; 7.37; 1.03; -5.1335209646; False; False
7387.69; 12.0; Mg I; 5.75; -0.87; 0.0; 7387.64749285; 0.136987370626; 0.907179322705; 32.8309207483; 25426.8809498; -1.72495016799; 2.13224951193; 6.5; -0.235; -5.35; True; False
7401.69; 26.0; Fe I; 4.18; -1.66; 0.0; 7401.65871727; 0.148916098153; 0.925016646629; 28.4237825372; 40430.1543872; -1.2670572822; 1.79174473171; 6.35; 0.06; -5.42; True; False
7710.36; 26.0; Fe I; 4.22; -1.129; 0.0; 7710.33708972; 0.139753904091; 0.85342983136; 51.2703019164; 51681.6632592; -0.890794825581; 3.2675371171; 6.29; 0.0; -5.18; True; False
7711.72; 26.1; Fe II; 3.9; -2.543; 0.0; 7711.69196071; 0.138660118775; 0.909069714429; 31.3025721622; 98979.9032725; -1.09002893769; 2.00713410384; 6.21; -0.07; -5.39; True; False
7723.2; 26.0; Fe I; 2.28; -3.617; 0.0; 7723.19042878; 0.137939596605; 0.850698053391; 52.2361958397; 36238.8160542; -0.371527640811; 3.37523869832; 6.35; 0.06; -5.17; True; False
7800.29; 37.0; Rb I; 0.0; 0.13; 0.0; 0.0; 0.0; 0.0; 0.0; nan; nan; nan; nan; nan; 0.0; False; False
7835.31; 13.0; Al I; 4.02; -0.47; 0.0; 7835.25850639; 0.143448600619; 0.968365249188; 11.7775093284; 30343.446366; -1.97024736086; 1.46627217462; 5.13; 0.005; -5.82; True; False
7836.13; 13.0; Al I; 4.02; -0.31; 0.0; 7836.08705468; 0.146918648019; 0.957607905717; 15.8572493571; 60892.8579921; -1.64299909852; 1.96587005708; 5.12; -0.005; -5.69; True; False
7941.09; 26.0; Fe I; 3.27; -2.331; 0.0; 7941.07507018; 0.133427330874; 0.890397494588; 35.7882988781; 63805.9763039; -0.563632332272; 4.06823762596; 6.02; -0.27; -5.35; True; False
