#Title: Sodium-oxygen anticorrelation and neutron capture elements in 
#       Omega Centauri stellar populations  
#Authors: Marino A.F., Milone A.P., Piotto G., Villanova S., Gratton R., 
#         D'Antona F., Anderson J., Bedin L.R., Bellini A., Cassisi S., 
#         Geisler D., Renzini A., Zoccali M. 
#Table: Coordinates RA and DEC, V magnitude, adopted atmospheric parameters 
#       and measured abundance ratios for the 300 stars in {Omega} Cen
#================================================================================
#Byte-by-byte Description of file: apj383801t1_mrt.txt
#--------------------------------------------------------------------------------
#   Bytes Format Units   Label    Explanations
#--------------------------------------------------------------------------------
#   1-  7 A7     ---     ID       Bellini et al. (2009) catalog identifier
#   9- 18 F10.6  deg     RAdeg    Right Ascension in decimal degrees (J2000)
#  20- 29 F10.6  deg     DEdeg    Declination in decimal degrees (J2000)
#  31- 36 F6.3   mag     Vmag     V band magnitude
#  38- 41 I4     K       Teff     Effective temperature
#  43- 46 F4.2   [cm/s2] log(g)   Log of the surface gravity
#  48- 51 F4.2   km/s    Vmicro   Microturbulent velocity
#  53- 57 F5.2   [-]     [Fe/H]   Log of the Fe/H number abundance
#  59- 63 F5.2   [-]     [O/Fe]   ? Log of the O/Fe number abundance
#  65- 69 F5.2   [-]     [Na/Fe]  ? Log of the Na/Fe number abundance
#  71- 75 F5.2   [-]     [Ba/Fe]  Log of the Ba/Fe number abundance
#  77- 81 F5.2   [-]     [La/Fe]  ? Log of the La/Fe number abundance
#--------------------------------------------------------------------------------
109369  201.818386 -47.549133 13.044 4544 1.44 1.70 -1.43  0.75 -0.14  0.56  0.00 
112383  201.834424 -47.534160 12.850 4359 1.24 1.65 -1.62  0.62  0.20  0.40  0.36 
114842  201.817052 -47.522465 12.927 4415 1.31 1.52 -1.90  0.39  0.23 -0.10  0.06 
116394  201.846235 -47.515000 13.777 4663 1.80 1.35 -1.71  0.10  0.30  0.24 -0.07 
119799  201.830431 -47.499341 14.023 4293 1.67 1.40 -0.71  0.14  0.84  0.38  0.58 
120847  201.807438 -47.494576 13.034 4343 1.31 1.55 -1.51  0.47  0.44  0.49  0.47 
121048  201.834524 -47.493559 13.781 4394 1.64 1.48 -1.16  0.69  0.20  0.54  0.53 
126851  201.854789 -47.466319 14.061 4274 1.67 1.55 -0.72  0.49  0.81  0.60  1.24 
131171  201.849422 -47.445934 13.760 4648 1.78 1.60 -1.85             -0.42       
131256  201.823805 -47.445611 13.407 4428 1.51 1.53 -1.34 -0.20  0.39  0.53  0.57 
135553  201.943507 -47.423762 12.683 4361 1.18 1.71 -1.61  0.51  0.18  0.09  0.28 
138268  201.849618 -47.409597 12.323 4227 0.94 1.82 -1.79  0.43 -0.22  0.45  0.49 
203735  201.757052 -47.585988 13.536 4552 1.64 1.60 -1.46  0.00  0.45  0.77  0.66 
206582  201.627089 -47.574434 12.096 4189 0.82 2.00 -1.69 -0.30  0.49  0.95  0.80 
206824  201.731465 -47.573174 11.832 3829 0.38 2.17 -1.56  0.53  0.10  0.39  0.34 
212584  201.711551 -47.551074 12.553 4054 0.90 1.80 -1.26  0.42 -0.29 -0.08 -0.17 
212943  201.669715 -47.549795 13.415 4624 1.63 1.69 -1.82        0.00  0.08  0.08 
214227  201.700979 -47.544814 12.909 4099 1.07 1.98 -1.16  0.21  1.08  1.24  1.05 
214842  201.755003 -47.542394 13.593 4124 1.37 1.80 -0.95  0.60  1.20  1.04  0.81 
215912  201.636970 -47.538646 12.421 4102 0.88 1.92 -1.54  0.60  0.08  0.57  0.58 
216985  201.751396 -47.534475 12.767 4323 1.19 1.74 -1.73  0.62 -0.05  0.02  0.21 
217039  201.727820 -47.534340 13.076 4411 1.37 1.49 -1.53  0.15  0.51  1.22  0.88 
217600  201.778680 -47.531941 11.846 4128 0.68 2.05 -1.85 -0.26  0.30  0.27  0.27 
217650  201.702652 -47.531918 13.277 4248 1.34 1.31 -1.73  0.21  0.43  0.48  0.28 
218472  201.737407 -47.528727 12.535 4302 1.08 1.66 -1.91  0.59  0.10 -0.20  0.05 
222357  201.670820 -47.514508 12.693 4292 1.13 1.95 -1.44  0.04  0.57  0.98  0.91 
223280  201.714621 -47.510955 13.005 4383 1.32 1.47 -1.46 -0.35  0.50  0.60  0.61 
223855  201.651740 -47.508848 12.626 4234 1.07 1.75 -1.49        0.51  0.96  0.73 
224162  201.764782 -47.507526 12.600 4293 1.10 1.77 -1.67  0.19  0.40  0.25  0.39 
224351  201.719377 -47.506923 13.391 4352 1.45 1.60 -1.28  0.18  0.90  1.06  0.96 
224515  201.786785 -47.506104 13.356 4557 1.57 1.38 -1.87  0.70        0.40  0.04 
225055  201.728754 -47.504144 12.389 4335 1.04 1.68 -1.82  0.28  0.10 -0.45 -0.16 
226236  201.700788 -47.499741 12.107 4143 0.79 2.03 -1.72  0.28  0.40  0.54  0.58 
226863  201.746159 -47.497203 12.389 4214 0.96 1.84 -1.69  0.20  0.39  0.41  0.38 
227198  201.688366 -47.495977 12.017 4480 0.99 2.15 -1.34  0.00  0.61  0.20  0.45 
229207  201.611755 -47.488308 13.386 4453 1.52 1.53 -1.44  0.34  0.33  0.40  0.48 
230588  201.601634 -47.483085 12.804 4320 1.20 1.73 -1.55  0.24  0.36  0.52  0.57 
230691  201.692097 -47.482543 11.730 4023 0.54 2.03 -1.95  0.40 -0.05 -0.43 -0.28 
230804  201.733506 -47.482011 13.418 4268 1.41 1.76 -1.16 -0.04  0.94  0.79  0.88 
231867  201.746699 -47.477878 12.851 4204 1.14 1.77 -1.42  0.76  0.21  0.59  0.67 
233742  201.730306 -47.470689 11.657 4202 0.66 2.27 -1.46        0.70  0.53  0.71 
233934  201.649379 -47.470115 12.845 4311 1.21 1.73 -1.43 -0.25  0.50  0.87  0.88 
234159  201.751327 -47.469066 13.626 4279 1.50 1.45 -1.27  1.01  0.34  0.80  0.64 
236180  201.751216 -47.461380 12.751 4072 0.99 1.91 -1.13  0.14  0.98  0.70  0.71 
236533  201.664978 -47.460204 13.771 4247 1.53 1.70 -0.97  0.04  1.00  0.58  0.76 
236599  201.630216 -47.460030 11.882 4061 0.64 2.05 -1.63 -0.19  0.50  0.54  0.54 
236988  201.752248 -47.458272 13.139 4383 1.37 1.45 -1.28 -0.24  0.65  0.69  0.52 
237123  201.703666 -47.457825 13.568 4128 1.36 1.72 -1.00  0.33  1.04  0.90  0.87 
237327  201.654249 -47.457171 12.925 4390 1.29 1.60 -1.46 -0.10  0.59  0.52  0.39 
239113  201.748366 -47.450304 12.744 4332 1.18 1.72 -1.70  0.73  0.02  0.21  0.24 
239444  201.639606 -47.449191 12.454 4214 0.98 1.97 -1.45 -0.35  0.64  0.80  0.83 
239529  201.704422 -47.448706 12.583 4298 1.10 1.72 -1.76  0.64  0.00  0.10  0.00 
239549  201.623229 -47.448759 13.423 4609 1.62 1.42 -1.59  0.19  0.62  0.45  0.30 
240754  201.647906 -47.444097 12.980 4381 1.31 1.67 -1.58  0.05  0.63  0.65  0.66 
241046  201.691673 -47.442939 12.657 4241 1.08 1.90 -1.59  0.63  0.13  0.54  0.67 
241447  201.727987 -47.441281 12.065 4184 0.81 2.04 -1.65  0.54  0.10  0.12  0.36 
243761  201.717443 -47.432801 12.790 4344 1.21 1.72 -1.58        0.50  0.55  0.50 
244640  201.639535 -47.429727 13.461 4514 1.58 1.37 -1.89        0.22  0.02       
244812  201.730474 -47.428860 12.262 4049 0.78 2.31 -1.40 -0.03  0.72  0.46  0.74 
245199  201.657013 -47.427474 12.868 4514 1.35 1.69 -1.74 -0.20  0.30  0.41  0.38 
245829  201.745989 -47.424944 13.444 4520 1.58 1.55 -1.73  0.58       -0.06  0.19 
245870  201.662287 -47.424971 12.975 4596 1.44 1.95 -1.74  0.61        0.65  0.51 
246239  201.701470 -47.423480 13.159 4406 1.40 1.67 -1.37 -0.25  0.62  0.95  0.72 
246259  201.636052 -47.423493 14.019 4339 1.70 1.65 -0.93  0.08  0.80  0.33  0.71 
246677  201.623965 -47.421791 13.473 4422 1.53 1.80 -1.23 -0.13  0.93  0.76  0.76 
246680  201.753165 -47.421539 12.679 4243 1.10 1.90 -1.44        0.81  0.63  0.85 
246861  201.706819 -47.421016 13.827 4276 1.58 1.70 -1.02  0.61  1.01  0.78  1.04 
248374  201.639805 -47.415550 13.506 4583 1.64 1.36 -1.83  0.47  0.17  0.12 -0.23 
248664  201.628407 -47.414446 12.873 4434 1.30 1.78 -1.69  0.39  0.20  0.00  0.34 
249427  201.754839 -47.411193 12.804 4399 1.25 1.71 -1.59 -0.35  0.43  1.17  1.07 
250606  201.778823 -47.406507 13.688 4265 1.51 1.43 -1.00  0.86  0.19  0.59  0.61 
252309  201.695477 -47.400135 14.012 4709 1.92 1.58 -1.67        0.10  0.02  0.10 
254800  201.632617 -47.390278 13.601 4691 1.74 1.42 -1.62  0.00  0.23 -0.01  0.01 
256506  201.732371 -47.383171 12.998 4402 1.33 1.62 -1.58  0.38  0.44  0.56  0.53 
258694  201.737003 -47.373753 14.241 4418 1.84 1.72 -1.00  0.19  1.03  0.87  0.85 
262451  201.665530 -47.356432 14.256 4886 2.11 1.00 -1.54             -0.07       
263340  201.711274 -47.351881 13.763 4300 1.57 1.50 -0.79  0.21  0.76  0.62  0.43 
263410  201.728755 -47.351467 12.537 4424 1.16 1.79 -1.82  0.40  0.00 -0.43 -0.09 
300029  201.494656 -47.602735 12.091 3893 0.56 2.42 -1.25  0.03  0.66  0.65  0.58 
303710  201.501708 -47.575241 12.553 3990 0.84 1.65 -1.34  0.64 -0.04  0.60  0.54 
305654  201.425709 -47.562175 13.429 4109 1.29 1.73 -0.81  0.22  1.11  0.90  0.85 
308639  201.438109 -47.543980 12.211 3969 0.68 2.05 -1.56              0.14  0.33 
320285  201.544593 -47.481104 13.200 4620 1.54 1.78 -1.60  0.33  0.20  0.43  0.63 
321293  201.515987 -47.475759 13.723 4261 1.52 1.55 -0.92  0.11  0.91  0.58  0.65 
328201  201.576373 -47.440457 13.302 4447 1.48 1.59 -1.45  0.00  0.62  0.83  0.77 
509939  201.933557 -47.658310 12.218 4206 0.88 1.96 -1.70  0.56  0.29  0.04  0.23 
710087  201.551079 -47.634071 13.143 4591 1.50 2.25 -1.93  0.42       -0.72       
710121  201.456414 -47.633724 13.253 4484 1.48 1.67 -1.48  0.37  0.08  0.40  0.54 
100981  201.816749 -47.595915 12.021 4163 0.77 1.95 -1.95  0.38 -0.07 -0.50 -0.66 
108685  201.831443 -47.552575 12.538 4387 1.14 1.79 -1.94  0.44 -0.20 -0.69 -0.15 
110885  201.920344 -47.541237 12.537 4271 1.06 1.64 -1.46 -0.50  0.44  0.48  0.50 
112189  201.833568 -47.535065 12.487 4314 1.07 1.77 -1.89  0.42  0.00 -0.58 -0.38 
116584  201.827729 -47.514145 11.836 3920 0.49 2.26 -1.67  0.60  0.06  0.23  0.20 
117319  201.809081 -47.510831 12.401 4260 1.00 1.67 -1.86  0.36  0.10 -0.16 -0.13 
126361  201.848177 -47.468669 12.173 3788 0.46 1.45 -1.03  0.40 -0.13  0.58  0.24 
133985  201.934291 -47.432057 12.582 4391 1.16 1.60 -1.79  0.32 -0.42 -0.44 -0.21 
139870  201.900306 -47.400617 12.317 4257 0.96 1.98 -1.74 -0.40  0.49  1.00  1.08 
141747  201.824615 -47.389330 12.417 4350 1.06 1.80 -1.85        0.27  0.09  0.15 
143572  201.937511 -47.377869 12.083 4264 0.87 1.87 -1.92  0.39 -0.10 -0.64 -0.18 
146096  201.870352 -47.360932 11.917 4143 0.72 2.10 -1.70 -0.30  0.33  0.75  0.70 
146995  201.902822 -47.354268 12.183 4074 0.77 1.90 -1.90  0.50 -0.10 -0.18  0.10 
200041  201.666895 -47.602645 12.135 4209 0.85 1.89 -1.59 -0.60  0.37  0.27  0.48 
203839  201.713467 -47.585667 12.423 4371 1.08 1.73 -1.83 -0.30  0.35 -0.35 -0.04 
204087  201.655656 -47.584651 11.665 4018 0.51 2.25 -1.63  0.43  0.40  0.22  0.34 
208896  201.751406 -47.564878 12.266 4479 1.08 2.01 -1.75  0.25 -0.12 -0.85 -0.12 
209404  201.773314 -47.562780 11.893 3993 0.58 1.96 -1.74  0.47 -0.16 -0.18  0.16 
210517  201.698368 -47.558750 12.048 4082 0.72 2.10 -1.68  0.57  0.14  0.32  0.58 
211516  201.618528 -47.555148 12.079 4211 0.83 1.92 -1.92  0.34 -0.18 -0.62 -0.36 
215367  201.654890 -47.540681 12.428 4393 1.10 1.97 -1.93  0.15  0.18 -0.02  0.15 
216217  201.743349 -47.537334 12.357 4165 0.91 2.00 -1.65        0.44  0.36  0.63 
217134  201.619855 -47.534126 12.070 4302 0.89 2.21 -1.87  0.56  0.20  0.15  0.46 
217404  201.723054 -47.532859 11.963 4041 0.65 2.16 -1.52 -0.17  0.68  0.23  0.69 
218445  201.671424 -47.528951 12.518 4125 0.94 1.82 -1.54  0.50  0.27  0.36  0.54 
220325  201.713855 -47.521948 12.140 4052 0.73 1.90 -1.61  0.00  0.39  0.41  0.53 
222298  201.650527 -47.514798 12.297 4183 0.90 1.86 -1.58 -0.13  0.37  0.90  0.94 
223455  201.670683 -47.510356 11.974 3899 0.52 1.87 -1.45  0.11  0.56  0.44  0.43 
224500  201.648916 -47.506455 12.063 3963 0.62 1.90 -1.51  0.49 -0.05  0.36  0.37 
225246  201.672537 -47.503558 12.174 4212 0.87 1.88 -1.87  0.19  0.13 -0.15  0.07 
225658  201.754809 -47.501790 12.270 4199 0.90 2.28 -1.71  0.75  0.00  0.31  0.57 
227946  201.739353 -47.493055 12.255 4281 0.95 1.75 -1.81  0.03  0.26 -0.19 -0.04 
229324  201.734621 -47.487662 11.941 4238 0.80 1.86 -1.79 -0.40  0.28  0.17  0.31 
229352  201.617221 -47.487752 11.713 4121 0.62 2.21 -1.86  0.36  0.20 -0.69  0.00 
230340  201.662050 -47.483925 12.072 4120 0.76 2.05 -1.48 -0.35  0.56  0.53  0.67 
230502  201.604498 -47.483386 12.191 4172 0.85 1.85 -1.96  0.09  0.18 -0.46 -0.17 
232173  201.668634 -47.476893 12.105 3948 0.62 2.14 -1.49        0.69  0.98  0.70 
232373  201.749868 -47.475961 12.192 4093 0.79 1.96 -1.58  0.55  0.05  0.47  0.57 
232599  201.655205 -47.475299 11.955 4175 0.76 1.90 -1.89  0.25  0.18 -0.58 -0.22 
232639  201.613672 -47.475199 12.278 4262 0.95 1.90 -1.76 -0.23  0.32  0.37  0.52 
233835  201.772260 -47.470258 12.479 4316 1.07 1.78 -1.59 -0.34  0.26  0.58  0.67 
234239  201.748553 -47.468743 11.968 3909 0.53 2.21 -1.54        0.41  0.70  0.43 
236112  201.704489 -47.461738 12.440 4452 1.14 1.72 -1.77  0.25 -0.10 -0.68 -0.30 
236354  201.764215 -47.460666 12.341 4102 0.85 1.82 -1.54  0.18  0.31  0.39  0.45 
236813  201.639915 -47.459153 12.142 4159 0.82 2.09 -1.59 -0.23  0.57  0.24  0.48 
238940  201.774569 -47.450908 12.057 4080 0.72 1.84 -1.96  0.20  0.15 -0.53 -0.15 
239630  201.667820 -47.448358 11.941 4399 0.90 2.23 -1.77  0.43 -0.10 -0.05  0.30 
240160  201.662447 -47.446334 12.331 4215 0.94 1.66 -1.84  0.02  0.14 -0.09  0.04 
240679  201.764844 -47.444143 12.453 4227 0.99 1.85 -1.70  0.45 -0.01 -0.06  0.11 
241138  201.632439 -47.442625 12.195 4062 0.76 1.84 -1.30  0.37 -0.23 -0.08 -0.09 
241359  201.650027 -47.441754 11.977 4210 0.79 2.07 -1.69  0.40 -0.10 -0.60 -0.24 
242056  201.642135 -47.439216 12.101 3990 0.66 2.53 -1.15  0.00  0.89  0.96  0.58 
242176  201.748009 -47.438548 11.580 3988 0.45 2.32 -1.81  0.49 -0.10 -0.05  0.23 
242745  201.770257 -47.436333 11.907 4143 0.71 1.94 -1.91  0.37 -0.18 -0.49 -0.23 
245724  201.707055 -47.425434 11.925 4167 0.74 1.89 -1.97  0.30 -0.06 -0.53 -0.17 
245973  201.769657 -47.424366 12.609 4381 1.16 1.79 -1.92  0.40 -0.16 -0.46 -0.14 
246585  201.609545 -47.422222 12.103 4119 0.77 2.20 -1.64 -0.21  0.47  0.47  0.59 
249334  201.621956 -47.411838 12.081 4165 0.80 1.90 -1.65 -0.35  0.42  0.21  0.31 
249565  201.608964 -47.410885 12.466 4355 1.09 1.76 -1.75  0.28 -0.10 -0.64 -0.21 
253743  201.617269 -47.394579 11.777 4296 0.77 2.20 -1.64  0.00  0.31  0.47  1.08 
254299  201.720506 -47.392141 12.287 4148 0.87 1.90 -1.53  0.36 -0.05  0.15  0.40 
259718  201.622564 -47.369300 12.382 4377 1.07 1.88 -1.77  0.14  0.30 -0.37 -0.01 
261880  201.626710 -47.359261 12.539 4397 1.14 1.63 -1.49 -0.40  0.35  0.31  0.37 
264044  201.736412 -47.347992 11.611 3968 0.45 2.18 -1.75  0.40 -0.26 -0.56 -0.58 
312224  201.550841 -47.523675 12.454 3852 0.65 2.00 -1.00 -0.02  0.82  0.45  0.36 
313673  201.567323 -47.515586 11.533 3968 0.42 2.75 -1.97  0.36  0.31 -0.50 -0.05 
320205  201.551868 -47.481495 12.102 4213 0.84 1.80 -1.84  0.33 -0.30 -0.65 -0.18 
321523  201.548793 -47.474572 11.637 4089 0.56 2.13 -1.93  0.40 -0.14 -0.65 -0.39 
322456  201.530416 -47.469811 12.018 4113 0.73 2.06 -1.61  0.49  0.20  0.18  0.41 
322480  201.446364 -47.469631 12.212 4332 0.97 1.86 -1.82  0.37 -0.10 -0.74 -0.18 
327302  201.578699 -47.445156 12.141 4025 0.71 2.04 -1.45        0.70  0.71  0.72 
331089  201.542023 -47.425166 12.260 4261 0.94 1.90 -1.62 -0.60  0.48  0.25  0.41 
331868  201.518323 -47.420810 12.351 4466 1.11 2.15 -1.92  0.33  0.14 -0.69 -0.17 
332564  201.518234 -47.416927 12.221 4113 0.81 2.05 -1.50  0.36  0.44  0.24  0.52 
512176  201.868280 -47.636981 12.404 4331 1.05 1.71 -1.75  0.39 -0.10 -0.48 -0.18 
614525  201.712301 -47.636828 12.206 4265 0.92 1.86 -1.87 -0.30  0.27 -0.03  0.15 
619210  201.722339 -47.609730 12.439 3909 0.71 2.20 -1.30  0.41  0.98  0.40  0.56 
711372  201.573942 -47.620477 12.349 4266 0.98 1.83 -1.70  0.36  0.13 -0.07  0.23 
104377  201.864205 -47.575461 14.183 4602 1.93 1.63 -1.01  0.18  0.98  0.57  0.62 
104921  201.928604 -47.572230 14.339 4856 2.12 1.07 -1.79  0.67       -0.11  0.49 
109472  201.840464 -47.548587 14.020 4649 1.89 1.45 -1.38  0.36  0.46  0.60  0.44 
118311  201.842743 -47.506159 14.245 4816 2.06 1.48 -1.75        0.20 -0.29  0.20 
120021  201.881843 -47.498245 14.466 4859 2.17 1.50 -1.74  0.60       -0.02       
121287  201.879911 -47.492465 14.401 4935 2.19 1.56 -1.50        0.48  0.40  0.12 
122501  201.849062 -47.486798 13.809 4659 1.81 1.57 -1.63  0.62        0.42  0.13 
123917  201.859893 -47.480118 14.630 4453 2.02 1.48 -1.00  0.50  1.11  1.05  1.18 
128373  201.879759 -47.459370 14.009 4675 1.90 1.38 -1.56  0.19  0.39  0.55  0.52 
131248  201.805938 -47.445668 14.176 4762 2.01 1.51 -1.76  0.64        0.05       
132373  201.860578 -47.439930 14.743 4612 2.16 1.37 -1.23  0.80  0.19  0.65  0.66 
134373  201.814847 -47.430135 13.785 4600 1.76 1.47 -1.62 -0.02  0.40  0.53  0.53 
135472  201.838169 -47.424472 14.412 4697 2.07 1.19 -1.56  0.06  0.51  0.58  0.56 
200897  201.591755 -47.598779 13.710 4665 1.77 1.65 -1.76  0.49  0.28 -0.24 -0.60 
201509  201.638142 -47.595871 14.416 4730 2.09 1.52 -1.14  0.25  1.14  0.46  0.64 
203484  201.758964 -47.586981 14.014 4591 1.85 1.50 -1.14  0.07  1.00  0.53  0.71 
205809  201.767507 -47.577308 13.707 4705 1.79 1.62 -1.62        0.18  0.23       
205814  201.638482 -47.577514 13.939 4733 1.90 1.57 -1.56 -0.25  0.50  0.58  0.44 
206311  201.725167 -47.575315 14.580 4796 2.19 1.16 -1.82  0.59       -0.15       
208244  201.731030 -47.567471 14.218 4663 1.97 1.50 -1.72  0.11  0.57  0.17  0.12 
209667  201.714183 -47.561857 13.992 4619 1.86 1.57 -1.50 -0.30  0.73  0.66  0.71 
210430  201.771261 -47.558920 14.511 4831 2.18 1.75 -1.41  0.15  0.90  0.86  0.90 
211359  201.673637 -47.555627 14.496 4664 2.09 1.00 -1.59  0.20  0.40  0.76  0.43 
212322  201.782876 -47.551873 13.906 4501 1.75 1.28 -2.00  0.39  0.26  0.06 -0.03 
213225  201.653048 -47.548786 13.653 4582 1.70 1.60 -1.44 -0.18  0.66  0.80  0.74 
213671  201.625367 -47.546993 13.866 4644 1.82 1.62 -1.89  0.59  0.00 -0.17       
215638  201.744794 -47.539485 14.817 4485 2.11 1.41 -0.99  0.40  1.14  0.88  1.00 
216145  201.635115 -47.537805 14.162 4735 1.99 1.38 -1.83  0.50  0.40  0.28 -0.04 
218469  201.623939 -47.528935 14.258 4825 2.08 1.60 -1.50 -0.10  0.62  0.30  0.46 
218496  201.774480 -47.528543 14.428 4786 2.12 1.10 -1.68  0.63  0.70  0.51       
218548  201.712118 -47.528486 14.380 4756 2.09 1.43 -1.80        0.07 -0.28 -0.51 
219620  201.760046 -47.524472 13.836 4529 1.74 1.18 -1.99  0.81  0.36  0.98  0.51 
222172  201.699007 -47.515172 13.847 4710 1.85 1.52 -1.76  0.61  0.15  0.40  0.44 
222550  201.708521 -47.513748 13.622 4358 1.55 1.52 -1.16 -0.11  0.94  0.73  0.63 
222732  201.664316 -47.513097 13.254 4290 1.36 1.66 -1.13  0.06  1.01  0.75  0.73 
224533  201.653096 -47.506312 13.142 4561 1.48 1.53 -1.79 -0.05  0.30  0.03 -0.02 
227774  201.733668 -47.493716 14.392 4510 1.95 1.19 -1.78  0.50  0.40  0.50  0.30 
228375  201.660153 -47.491542 13.343 4413 1.48 1.64 -1.49  0.61  0.21  0.38  0.41 
228660  201.596238 -47.490456 14.004 4559 1.83 1.51 -1.44  0.55  0.13  0.31  0.52 
229396  201.619531 -47.487557 13.294 4501 1.51 1.59 -1.98  0.49  0.20 -0.23  0.17 
230070  201.725041 -47.484898 13.136 4318 1.33 1.71 -1.48 -0.06  0.73  0.85  0.95 
234661  201.657256 -47.467314 14.773 4691 2.22 1.52 -0.74  0.42  0.97  0.36  0.53 
236728  201.781671 -47.459205 14.987 4590 2.24 1.44 -0.95  0.02  0.94  0.61  0.79 
240730  201.739669 -47.444012 14.184 4538 1.89 1.23 -1.77  0.50  0.00  0.43  0.54 
240777  201.632405 -47.444043 13.320 4540 1.54 1.77 -1.80  0.48  0.04  0.00  0.36 
241085  201.716777 -47.442737 14.480 4790 2.15 1.38 -1.36  0.09  0.44  0.52  0.69 
241098  201.616394 -47.442821 13.673 4564 1.70 1.61 -1.64  0.34  0.40  0.48  0.52 
241561  201.711260 -47.440868 13.779 4710 1.82 1.50 -1.78  0.20  0.37 -0.38 -0.44 
242665  201.634707 -47.436959 14.043 4581 1.86 1.32 -1.09 -0.09  0.76  0.47  0.52 
245412  201.742026 -47.426478 14.482 4860 2.18 1.42 -1.62        0.35  0.58  0.25 
246266  201.648970 -47.423437 13.743 4751 1.83 1.70 -1.75  0.00  0.43  0.30  0.61 
246416  201.655452 -47.422844 13.738 4689 1.80 1.62 -1.60  0.00  0.50  0.95  0.85 
247734  201.761743 -47.417614 14.612 4871 2.24 1.36 -1.75  0.80  0.30  0.43       
249670  201.593737 -47.410499 13.834 4775 1.88 1.73 -1.78  0.44       -0.40       
251010  201.630760 -47.405291 13.301 4623 1.58 1.80 -1.73  0.25  0.40  0.13  0.45 
251106  201.621828 -47.404943 14.365 4828 2.12 1.59 -1.60  0.76        0.29  0.36 
263346  201.699679 -47.351866 13.726 4649 1.77 1.58 -1.76  0.43  0.03 -0.02  0.06 
303070  201.534306 -47.579686 13.773 4673 1.80 1.54 -1.46 -0.20  0.47  0.57  0.49 
305467  201.523618 -47.563435 14.524 4833 2.19 1.52 -1.62        0.60  0.08  0.36 
305814  201.559763 -47.561363 14.113 4577 1.89 1.55 -1.00  0.01  0.95  0.87  0.83 
308636  201.568715 -47.544066 13.784 4654 1.80 1.52 -1.55 -0.08  0.49  0.50  0.47 
310679  201.397244 -47.532171 13.847 4730 1.86 1.64 -1.75  0.45  0.55 -0.30  0.27 
316908  201.559088 -47.498319 14.927 4596 2.22 1.38 -0.76  0.02  0.62  0.46  0.63 
318705  201.494972 -47.489219 14.207 4483 1.87 2.00 -0.81  0.33  0.91  1.10  1.05 
329001  201.538539 -47.436338 14.330 4964 2.18 1.48 -1.62  0.60  0.35 -0.35       
332494  201.577604 -47.417318 14.159 4817 2.03 1.60 -1.72        0.30 -0.55  0.53 
511562  201.902957 -47.642358 13.684 4662 1.76 1.40 -1.60  0.05  0.37  0.13  0.12 
615712  201.724461 -47.629257 14.109 4799 2.00 1.53 -1.79  0.50       -0.21       
616025  201.738714 -47.627368 13.931 4750 1.90 1.57 -1.73  0.38  0.39  0.14  0.10 
617926  201.628546 -47.616619 15.011 4667 2.30 1.28 -1.03  0.65  0.16  0.42  0.52 
619191  201.746706 -47.609812 13.707 4678 1.78 1.71 -1.69  0.54        0.40  0.31 
712892  201.521610 -47.606973 14.650 4665 2.15 1.69 -0.92  0.12  1.18  0.92  1.07 
RGB.358 201.625208 -47.438361 14.300 4947 2.16 1.85 -1.60  0.00  0.41  0.60  0.00 
RGB.373 201.633541 -47.433250 14.188 4754 2.01 1.48 -1.78 -0.10  0.28  0.08  0.13 
RGB.363 201.718916 -47.436583 13.812 4654 1.80 1.68 -1.92  0.02  0.28 -0.60 -0.96 
RGB.447 201.659541 -47.395138 14.522 4798 2.17 1.19 -1.72  0.39  0.14 -0.08       
RGB.370 201.746708 -47.433444 14.407 4569 1.99 1.46 -2.03  0.21  0.00 -0.51 -0.35 
RGB.356 201.741375 -47.439888 14.433 4870 2.17 1.50 -1.65  0.29  0.00  0.11 -0.09 
RGB.337 201.738666 -47.445305 14.304 4899 2.13 1.79 -1.71  0.16  0.30 -0.25  0.15 
RGB.438 201.701625 -47.401472 13.539 4491 1.60 1.50 -2.01  0.08  0.33 -0.41 -0.13 
RGB.449 201.732041 -47.394583 14.259 4790 2.06 1.61 -1.63  0.31  0.02 -0.11       
RGB.440 201.761583 -47.400583 14.210 4615 1.95 1.80 -1.32 -0.05  0.79  0.96  1.01 
RGB.422 201.783458 -47.410444 14.488 4799 2.16 1.52 -1.52  0.42 -0.11  0.45  0.57 
RGB.209 201.774125 -47.477638 14.367 4770 2.09 1.86 -2.03        0.10 -0.70 -0.06 
RGB.229 201.757791 -47.471638 14.190 4784 2.02 1.96 -1.96  0.42  0.05 -0.67  0.00 
RGB.257 201.720541 -47.464722 13.735 4578 1.73 1.55 -1.74  0.46  0.04  0.30  0.30 
RGB.359 201.780541 -47.437777 13.976 4516 1.79 1.45 -1.80  0.41  0.18  0.18  0.32 
RGB.272 201.804833 -47.461277 14.603 4565 2.08 1.60 -0.85 -0.25  0.60  0.65  0.66 
RGB.333 201.753583 -47.447055 14.367 4888 2.15 1.59 -1.63        0.39  0.43  0.44 
RGB.161 201.747833 -47.492055 14.379 4750 2.08 1.50 -1.82  0.07  0.19 -0.03  0.00 
RGB.233 201.789125 -47.471000 14.095 4740 1.96 1.50 -1.87  0.20  0.05 -0.51       
RGB.148 201.780708 -47.494694 13.832 4610 1.79 1.78 -1.94  0.44 -0.30 -0.71 -0.46 
RGB.200 201.806833 -47.479777 14.359 4405 1.88 1.43 -0.75        0.48  0.48  0.45 
RGB.473 201.817541 -47.494388 14.796 4434 2.07 1.16 -1.75  0.55  0.14  0.59  0.71 
RGB.270 201.790500 -47.462750 14.033 4742 1.94 1.67 -1.69        0.29 -0.01  0.17 
RGB.74  201.803208 -47.517444 13.794 4658 1.80 1.61 -1.78 -0.02  0.20 -0.05  0.01 
RGB.95  201.815083 -47.508277 13.860 4646 1.82 1.57 -1.62        0.35  0.20  0.35 
RGB.110 201.786416 -47.504888 14.401 4694 2.07 1.54 -1.31        0.75  0.97  1.05 
RGB.56  201.805958 -47.523861 14.540 4768 2.16 1.49 -1.52  0.23  0.42  0.52  0.52 
RGB.81  201.738750 -47.514055 14.175 4648 1.95 1.55 -1.46  0.01  0.44  0.36  0.53 
RGB.96  201.725000 -47.508194 14.394 4854 2.14 1.59 -1.78  0.26  0.00 -0.59       
RGB.58  201.721416 -47.523055 14.389 4787 2.11 1.87 -1.95  0.25  0.00 -0.72       
RGB.8   201.766541 -47.546444 13.710 4445 1.64 1.59 -1.56  0.15  0.50  0.44  0.53 
RGB.40  201.741750 -47.528750 14.333 4792 2.09 1.68 -1.82  0.35 -0.10 -0.55       
RGB.15  201.736541 -47.543305 14.525 4813 2.18 1.51 -1.69        0.53  0.46  0.60 
RGB.14  201.742833 -47.543722 14.114 4751 1.98 1.44 -1.64        0.44  1.02  0.98 
RGB.59  201.651208 -47.523027 14.504 4756 2.14 1.48 -1.76  0.33  0.16  0.38  0.39 
RGB.46  201.630708 -47.527055 14.422 4769 2.11 1.48 -1.66        0.50  0.35  0.42 
RGB.29  201.731208 -47.534611 13.848 4468 1.71 1.54 -2.01  0.45  0.00  0.07  0.24 
RGB.100 201.697291 -47.506972 13.761 4695 1.81 1.59 -1.85  0.10  0.12 -0.53 -0.01 
RGB.176 201.707208 -47.487861 13.931 4712 1.89 1.64 -1.43        0.44  0.47  0.67 
RGB.7   201.685000 -47.546888 13.833 4580 1.77 1.59 -1.44  0.50  0.10  0.29  0.43 
RGB.98  201.664833 -47.507416 14.320 4784 2.08 1.51 -1.63        0.30  0.64  0.89 
RGB.86  201.686291 -47.511250 14.418 4957 2.21 1.96 -1.60  0.17  0.33 -0.27  0.20 
RGB.63  201.672083 -47.520861 13.663 4576 1.70 1.83 -1.98  0.43  0.15 -0.54 -0.01 
RGB.47  201.689166 -47.526611 13.751 4597 1.75 1.60 -1.92  0.31  0.05 -0.15 -0.48 
RGB.18  201.613000 -47.541416 13.696 4695 1.78 1.86 -1.83  0.00  0.26 -0.54  0.00 
RGB.85  201.642333 -47.512305 13.708 4661 1.77 1.72 -1.61  0.50 -0.15  0.05  0.20 
RGB.108 201.611791 -47.505583 14.000 4611 1.86 1.78 -1.37  0.77  0.15  0.54  0.53 
RGB.93  201.577375 -47.508722 14.331 4894 2.14 1.79 -1.78  0.32  0.15 -0.53       
RGB.115 201.573208 -47.503305 14.085 4666 1.92 1.44 -1.75  0.00  0.56  0.52  0.46 
RGB.113 201.581250 -47.504000 13.721 4718 1.80 1.93 -1.86  0.02  0.34 -0.63  0.18 
RGB.256 201.587958 -47.464861 14.218 4789 2.04 1.71 -1.62  0.00  0.47 -0.12  0.13 
RGB.205 201.635666 -47.478111 13.938 4678 1.87 1.56 -1.52 -0.30  0.59  0.44  0.47 
RGB.126 201.627083 -47.499472 14.193 4731 2.00 1.57 -1.83  0.00  0.34 -0.08  0.11 
RGB.147 201.636375 -47.495055 13.775 4666 1.80 1.91 -1.56  0.50  0.01  0.32  0.68 
RGB.260 201.664583 -47.464305 14.123 3984 1.47 1.20 -2.02 -0.10  0.51  0.74  0.59 
RGB.319 201.641375 -47.449916 14.381 4818 2.12 1.51 -1.83  0.00  0.43 -0.35       
RGB.367 201.591666 -47.435777 14.233 4391 1.82 1.93 -0.76  0.41  0.90  0.48  0.82 
RGB.342 201.569083 -47.443027 14.398 4596 2.01 1.56 -1.64  0.39  0.40  0.27  0.39 
RGB.314 201.609125 -47.450638 14.456 4867 2.18 1.72 -1.81       -0.05 -0.57       
RGB.393 201.561541 -47.424416 13.604 4774 1.79 1.82 -1.69 -0.05  0.13 -0.06  0.12 
RGB.391 201.662166 -47.426277 13.838 4575 1.77 1.60 -1.49  0.48 -0.01  0.16  0.28 
RGB.399 201.598000 -47.421166 14.150 4812 2.03 1.87 -1.78  0.22  0.19 -0.40  0.30 
