#recno|Group|HIP|[Fe/H]|Teff|logg|HRV|ULSR|VLSR|WLSR|Rm|e|Zmax|tau9|E_tau9|e_tau9|Pr|e_Pr|[FeI/H]|[C/H]|[O/H]|[Na/H]|[Mg/H]|[Al/H]|[Si/H]|[Ca/H]|[Sc/H]|[Ti/H]|[V/H]|[Cr/H]|[Mn/H]|[Co/H]|[Ni/H]|[Cu/H]|[Zn/H]|[Y/H]|[Ba/H]|[Ce/H]|[Nd/H]|[Eu/H]|_RA|_DE
# | | |Sun|K|[cm/s2]|km/s|km/s|km/s|km/s|kpc| |kpc|Gyr|Gyr|Gyr|%|%|Sun|Sun|Sun|Sun|Sun|Sun|Sun|Sun|Sun|Sun|Sun|Sun|Sun|Sun|Sun|Sun|Sun|Sun|Sun|Sun|Sun|Sun|deg|deg
#--------|----------------|------|-----|----|-----|------|------|----|----|------|-----|------|-----|----|----|--|--|-----|-----|-----|-----|-----|-----|-----|-----|-----|-----|-----|-----|-----|-----|-----|-----|-----|-----|-----|-------|-------|-------|---------|---------
       1|Thick disc      |  3086|-0.23|5697| 4.14| -29.2|-159.0| -50|  56|  8.55| 0.51|  0.70| 7.90| 2.4| 1.8|95| 1|-0.23| 0.14| 0.34| 0.08| 0.15| 0.17| 0.09| 0.04|-0.07| 0.04|     |-0.04|-0.18| 0.02|-0.03|-0.06| 0.14|-0.16|-0.15|   0.04|   0.14|   0.23|009.80527|+03.13392
       2|Thick disc      |  3185|-0.65|5344| 3.81| -45.3| -37.0| -84|  45|  6.20| 0.40|  0.43|11.30| 2.7| 2.2|87| 0|-0.65| 0.28| 0.51| 0.19| 0.40| 0.34| 0.25| 0.21| 0.19| 0.27| 0.04| 0.08|-0.19| 0.12| 0.04|-0.09| 0.14| 0.04|-0.06|   0.12|   0.34|   0.60|010.13670|-23.80488
       3|Thick disc      |  3441|-0.50|5723| 4.50|-108.3|  89.0| -66|  86|  7.08| 0.39|  1.13|     |    |    |96| 0|-0.50| 0.35| 0.56| 0.06| 0.32| 0.24| 0.18| 0.10| 0.24| 0.19| 0.06|-0.03|-0.32| 0.08| 0.05|-0.08| 0.23| 0.04|-0.09|   0.18|   0.26|   0.42|010.98788|-07.53360
       4|Thick disc      |  4039|-1.24|5803| 3.92|  -5.3|-116.0| -92|  46|  6.75| 0.52|  0.47|13.00| 2.6| 2.1|95| 1|-1.24|     | 0.71| 0.22| 0.30|-0.12| 0.15| 0.29|-0.13| 0.24|     | 0.07|-0.51| 0.28|-0.08|-0.48| 0.08| 0.05| 0.30|       |       |   0.88|012.95340|+74.47398
       5|Thick disc      |  4544|-0.87|5832| 4.51|-112.2| -33.0|-133| -74|  5.35| 0.61|  0.81|     |    |    |90| 6|-0.87| 0.26| 0.49| 0.09| 0.39| 0.24| 0.21| 0.11| 0.12| 0.22| 0.24|-0.09|-0.40| 0.13|     |-0.05| 0.08|-0.02|-0.14|       |   0.58|   0.53|014.54871|+80.11368
       6|Thick disc      |  5122|-0.62|5204| 3.80|   8.9| -93.0| -73|  48|  6.93| 0.42|  0.50|12.60| 3.0| 2.4|91| 2|-0.62| 0.44| 0.56| 0.11| 0.26| 0.30| 0.20| 0.12| 0.11| 0.18| 0.12|     |-0.22| 0.11| 0.05| 0.11| 0.09|-0.03|-0.16|  -0.02|   0.20|   0.40|016.42311|+87.31899
       7|Thick disc      |  5315|-0.47|5014| 3.45| -94.0|  59.0|-117|  44|  5.68| 0.56|  0.41| 8.80| 6.7| 3.8|96| 1|-0.47| 0.37| 0.51| 0.20| 0.46| 0.32| 0.23| 0.27| 0.22| 0.29| 0.17|     |-0.18| 0.12| 0.03| 0.14| 0.23| 0.07|-0.20|   0.08|   0.19|   0.43|016.99860|+01.99304
       8|Thick disc      |  5336|-0.86|5300| 4.67| -99.6| -31.0|-154| -27|  4.99| 0.72|  0.22|     |    |    |91| 1|-0.86| 0.49| 0.72| 0.13| 0.24| 0.30| 0.28| 0.22| 0.18| 0.26| 0.15|     |-0.23| 0.18| 0.12| 0.02| 0.16|-0.02|-0.23|   0.05|   0.14|   0.34|017.06831|+54.92034
       9|Thick disc      |  5775|-0.59|5547| 4.62|  81.8| -59.0| -97| -74|  6.10| 0.47|  0.90|     |    |    |96| 1|-0.59| 0.48| 0.79| 0.17| 0.32| 0.26| 0.28| 0.22| 0.29| 0.23| 0.25| 0.06|-0.16| 0.12| 0.04|     | 0.21| 0.22| 0.08|   0.07|       |   0.43|018.53017|-16.42639
      10|Thick disc      |  6159|-0.67|5653| 4.56|  -6.7| 148.0| -68| -40|  7.78| 0.52|  0.43|     |    |    |93| 9|-0.67| 0.42| 0.59| 0.10| 0.33| 0.23| 0.18| 0.12| 0.17| 0.20| 0.13|-0.04|-0.26| 0.06| 0.04| 0.03| 0.08|-0.01|-0.14|   0.22|   0.25|   0.46|019.74994|-08.93949
      11|Thick disc      |  6607|-0.41|5454| 4.59|  84.7| -15.0| -80| -68|  6.26| 0.36|  0.71|     |    |    |97| 0|-0.41| 0.26| 0.48| 0.08| 0.18| 0.19| 0.19| 0.09| 0.22| 0.18| 0.03|-0.01|-0.15| 0.14| 0.04| 0.02| 0.01| 0.06|-0.08|   0.21|   0.36|   0.41|021.20503|-27.83905
      12|Thick disc      |  7961|-0.64|5565| 3.96|  -8.6| -86.0| -71|  40|  6.83| 0.41|  0.37|10.70| 2.9| 2.3|78| 1|-0.64| 0.44| 0.68| 0.16| 0.35| 0.35| 0.26| 0.22| 0.08| 0.24| 0.04|-0.01|-0.28| 0.07| 0.02|-0.20| 0.10|-0.03|-0.20|  -0.04|   0.07|   0.28|025.56213|-17.88881
      13|Thick disc      |  8674|-0.60|5455| 4.62|  41.8|  28.0| -88| -43|  6.10| 0.41|  0.37|     |    |    |86|11|-0.60| 0.56| 0.58| 0.06|     | 0.21| 0.20| 0.08| 0.13| 0.13| 0.07|-0.03|-0.24| 0.08|-0.01| 0.01| 0.26| 0.69| 0.57|   0.64|   0.89|   0.45|027.91886|-16.31765
      14|Thick disc      |  9080|-0.37|5162| 4.65| -14.2| -83.0| -85|  52|  6.53| 0.45|  0.48|     |    |    |96| 1|-0.37| 0.69| 0.57|-0.01| 0.14| 0.13| 0.15|     | 0.21| 0.05| 0.11|-0.05|-0.04| 0.10| 0.11| 0.03| 0.02|-0.28|-0.11|   0.21|   0.27|   0.19|029.23375|+11.66352
      15|Thick disc      | 10652|-0.67|5499| 4.58| -20.5| -90.0| -86|  90|  6.61| 0.46|  1.21|     |    |    |93| 2|-0.67|     | 0.70| 0.07| 0.24| 0.25| 0.16| 0.13| 0.19| 0.13| 0.02|-0.01|-0.33| 0.06| 0.02|-0.02| 0.10|-0.07|-0.09|  -0.07|       |   0.39|034.27974|+21.56681
      16|Thick disc      | 12579|-0.80|5770| 4.60| -12.5|  -2.0| -54| -67|  6.84| 0.24|  0.70|     |    |    |94|13|-0.80| 0.42| 0.71| 0.08| 0.26| 0.16| 0.19| 0.16| 0.08| 0.13| 0.21|-0.08|-0.42| 0.17|-0.05|-0.09| 0.11| 0.05|-0.04|  -0.05|   0.20|   0.37|040.44059|+47.35036
      17|Thick disc      | 13366|-0.70|5669| 4.19|   7.0|  45.0| -99| -74|  5.97| 0.47|  0.83|11.80| 4.3| 3.2|96| 1|-0.70| 0.36| 0.64| 0.08| 0.37| 0.21| 0.23| 0.16| 0.18| 0.19| 0.03|-0.06|-0.30| 0.06|-0.01|-0.05| 0.14|-0.07|-0.15|  -0.10|   0.18|   0.29|042.99315|+11.36998
      18|Thick disc      | 15405|-0.73|5107| 3.56|  17.8|-137.0| -95| -40|  6.91| 0.57|  0.39|10.20| 8.3| 4.6|94| 1|-0.73| 0.34| 0.49| 0.04| 0.16| 0.16| 0.13| 0.10| 0.03| 0.05|-0.01|-0.05|-0.30| 0.07|-0.03| 0.04| 0.11|-0.13|-0.12|   0.16|   0.08|   0.24|049.66041|+72.27512
      19|Thick disc      | 17147|-0.87|5722| 4.50| 121.0|-100.0| -80| -38|  6.74| 0.46|  0.35|     |    |    |88| 2|-0.87| 0.32| 0.72| 0.10| 0.44| 0.22| 0.24| 0.21| 0.16| 0.21| 0.19|-0.03|-0.39| 0.11|-0.02|-0.08| 0.15| 0.22|     |   0.13|   0.25|   0.42|055.09194|-03.21698
      20|Thick disc      | 17666|-1.03|5000| 4.50|  76.0|-108.0| -99| -73|  6.04| 0.55|  0.78|     |    |    |93| 3|-1.03|     | 0.87| 0.06| 0.35| 0.33| 0.42| 0.21| 0.11| 0.25| 0.07|-0.03|-0.29| 0.22|-0.01|-0.13| 0.21| 0.31| 0.11|   0.25|   0.43|   0.57|056.75882|+41.42726
      21|Thick disc      | 22020|-0.35|5604| 4.27|  28.1| -71.0| -85| -53|  6.43| 0.43|  0.52|     |    |    |95|14|-0.35| 0.27| 0.51| 0.10| 0.24| 0.25| 0.19| 0.11| 0.12| 0.17| 0.06|-0.03|-0.23| 0.09|-0.01| 0.04| 0.11|-0.13|-0.06|   0.02|       |   0.21|071.01500|+52.98162
      22|Thick disc      | 22060|-0.63|5610| 4.61| 172.1|-184.0| -66|  52|  8.75| 0.59|  0.65|     |    |    |89| 7|-0.63| 0.52| 0.63| 0.19| 0.28| 0.25| 0.21| 0.11| 0.20| 0.19|-0.02|-0.07|-0.28| 0.02|     |     | 0.14| 0.10|-0.05|   0.23|  -0.02|   0.47|071.17526|+25.93600
      23|Thick disc      | 23080|-0.32|5334| 4.60|  38.5| -46.0| -67|  55|  6.65| 0.33|  0.54|     |    |    |88| 1|-0.32| 0.29| 0.32| 0.01| 0.24| 0.19| 0.19| 0.13| 0.25| 0.20| 0.19|-0.03|-0.13| 0.15| 0.04| 0.09| 0.11| 0.08|-0.06|   0.24|   0.16|   0.40|074.49739|+34.26802
      24|Thick disc      | 24030|-1.00|5738| 4.64| -15.7|  20.0| -88|  97|  6.18| 0.39|  1.22|     |    |    |95| 1|-1.00|     | 0.69| 0.12| 0.30| 0.19| 0.23| 0.11| 0.09| 0.19| 0.08|-0.05|-0.53| 0.02| 0.04|-0.33| 0.13| 0.21| 0.02|       |       |       |077.48733|+05.55743
      25|Thick disc      | 25860|-0.35|5543| 4.56|  48.1| -14.0| -74| -59|  6.38| 0.34|  0.59|     |    |    |94| 8|-0.35| 0.24| 0.52| 0.05| 0.29| 0.20| 0.21| 0.14| 0.28| 0.22| 0.14| 0.01|-0.20| 0.16| 0.04| 0.10| 0.17| 0.07|-0.08|   0.26|   0.22|   0.35|082.80741|+15.77345
      26|Thick disc      | 26452|-0.89|5749| 4.64| -37.7|   3.0| -96|  47|  5.93| 0.43|  0.44|     |    |    |94| 1|-0.89| 0.36| 0.73| 0.12| 0.33| 0.24| 0.25| 0.17| 0.17| 0.23| 0.16|-0.03|-0.38| 0.20|-0.01|-0.08| 0.13| 0.09|-0.20|       |   0.24|   0.41|084.41487|+68.73518
      27|Thick disc      | 26828|-0.34|6180| 4.12|  77.7| -63.0| -81|  40|  6.42| 0.42|  0.35| 3.20| 3.6| 1.7|80| 1|-0.34| 0.23| 0.64| 0.18| 0.23| 0.25| 0.15| 0.17| 0.01| 0.12| 0.16|-0.07|-0.28| 0.05|-0.04|-0.10| 0.02|-0.13|-0.12|       |       |   0.13|085.44480|+22.87035
      28|Thick disc      | 27128|-0.81|5802| 4.16| 180.7|-162.0| -68| -66|  8.11| 0.56|  0.91|12.30| 2.8| 2.3|91| 0|-0.81| 0.27| 0.66| 0.15| 0.33| 0.29| 0.17| 0.28| 0.05| 0.14| 0.10|-0.14|-0.39| 0.16|-0.02|-0.09| 0.11|-0.02|-0.12|  -0.01|       |   0.40|086.29027|-26.99179
      29|Thick disc      | 29269|-0.68|5484| 3.95| -32.0| -95.0| -85| -74|  6.64| 0.47|  0.89|12.20| 3.7| 2.8|95| 1|-0.68| 0.27| 0.62| 0.17| 0.36| 0.36| 0.20| 0.24|-0.02| 0.23| 0.11|     |-0.28| 0.05| 0.01|-0.03| 0.17|-0.14|-0.10|  -0.08|   0.07|   0.29|092.55325|+81.51284
      30|Thick disc      | 31188|-0.59|5789| 4.54|   3.3|  19.0| -26|  71|  7.68| 0.12|  0.77|     |    |    |92| 3|-0.59| 0.15| 0.30|-0.03| 0.12| 0.04| 0.03| 0.04|-0.01| 0.05| 0.01|-0.12|-0.15| 0.03|-0.06|-0.07|-0.02|-0.06|-0.07|  -0.01|   0.04|   0.17|098.15830|-06.48847
      31|Thick disc      | 34642|-0.44|5747| 4.14| -29.5| -13.0| -87| -55|  6.09| 0.40|  0.53| 8.97| 3.2| 2.4|95|12|-0.44| 0.18| 0.44| 0.04| 0.10| 0.21| 0.11| 0.04|-0.02| 0.06|-0.01|-0.04|-0.27| 0.02|-0.02|-0.10|-0.04|-0.16|     |  -0.23|   0.08|   0.15|107.62412|+53.25178
      32|Thick disc      | 35989|-0.19|5185| 4.60|   6.3| -37.0| -41| -65|  7.27| 0.21|  0.68|     |    |    |92|13|-0.19| 0.04| 0.21|-0.14|-0.03|-0.02| 0.04|-0.03| 0.03| 0.04| 0.14|-0.04|-0.11|-0.02|-0.03|-0.25|-0.02|-0.33|-0.21|   0.18|   0.01|   0.13|111.24699|+46.09961
      33|Thick disc      | 36849|-0.77|5843| 4.40| -36.8|  70.0| -84| -46|  6.35| 0.43|  0.42|     |    |    |92|17|-0.77| 0.37| 0.58| 0.06| 0.27| 0.18| 0.15| 0.08| 0.10| 0.13| 0.08|-0.14|-0.40| 0.02|-0.04|-0.10| 0.10|-0.10|-0.12|   0.02|       |   0.39|113.64628|+16.90112
      34|Thick disc      | 37233|-0.51|5627| 4.01|  52.8|  13.0| -67|  50|  6.55| 0.30|  0.47| 9.30| 2.6| 2.1|75| 2|-0.51| 0.16| 0.42| 0.06| 0.36| 0.31| 0.20| 0.22| 0.14| 0.24| 0.17|     |-0.27| 0.10| 0.02|-0.04|-0.03|-0.11|-0.12|  -0.12|   0.04|   0.36|114.71389|-05.46557
      35|Thick disc      | 38769|-0.79|5726| 4.15|   5.6|  25.0| -65|  69|  6.63| 0.30|  0.74|12.70| 3.5| 2.8|97| 1|-0.79| 0.49| 0.68| 0.11| 0.34| 0.40| 0.20| 0.20| 0.08| 0.20| 0.06|-0.06|-0.54| 0.02| 0.01|     | 0.17|-0.05|-0.12|       |       |   0.26|119.04250|+50.54092
      36|Thick disc      | 39893|-0.84|5249| 4.69| -40.6|  66.0|-127| -55|  5.59| 0.61|  0.56|     |    |    |93| 3|-0.84| 0.68| 0.78| 0.22| 0.29| 0.33| 0.35| 0.24| 0.23| 0.15| 0.16|-0.02|-0.25| 0.16| 0.02|-0.05| 0.19|-0.16|-0.14|   0.18|   0.31|   0.53|122.22687|+24.62396
      37|Thick disc      | 40613|-0.62|5670| 4.16| 111.3| -27.0|-138| -36|  5.18| 0.65|  0.30|12.40| 2.8| 2.3|94| 1|-0.62| 0.36| 0.71| 0.15| 0.39| 0.28| 0.21| 0.15| 0.16| 0.19| 0.03|-0.03|-0.31| 0.09|-0.04|-0.04| 0.10|-0.05|-0.19|  -0.15|   0.07|   0.24|124.37228|-03.98962
      38|Thick disc      | 43393|-0.59|5256| 4.65|  33.4|  32.0|-104| -79|  5.88| 0.47|  0.93|     |    |    |95| 2|-0.59|     | 0.57| 0.07| 0.20| 0.26| 0.25| 0.11| 0.14| 0.25| 0.19|-0.01|-0.28| 0.09| 0.02| 0.02| 0.10|-0.10|-0.22|  -0.02|   0.15|   0.33|132.58750|-05.53603
      39|Thick disc      | 44075|-0.86|5783| 4.09| 149.6| -51.0|-111|  86|  6.25| 0.39|  0.87|12.80| 2.6| 2.2|92| 0|-0.86| 0.39| 0.64| 0.09| 0.27| 0.24| 0.19| 0.17| 0.12| 0.15| 0.03|-0.07|-0.35| 0.11|-0.06|-0.12| 0.10| 0.09|-0.06|   0.12|   0.14|   0.35|134.68305|-16.13273
      40|Thick disc      | 44347|-0.85|5798| 4.62| -57.4| 117.0| -64|  31|  7.34| 0.45|  0.29|     |    |    |70| 0|-0.85| 0.44| 0.68| 0.08| 0.43| 0.25| 0.30| 0.25| 0.22| 0.26| 0.11|-0.08|-0.43| 0.21| 0.05|-0.13| 0.19| 0.13| 0.10|   0.13|   0.35|   0.52|135.47898|+35.89342
      41|Thick disc      | 44860|-0.51| 554| 4.27|  65.5| -58.0| -67| -57|  6.69| 0.35|  0.57|12.60| 3.8| 2.9|92| 5|-0.51| 0.36| 0.58| 0.17| 0.37| 0.32| 0.24| 0.19| 0.11| 0.24| 0.08|     |-0.20| 0.14| 0.05| 0.09| 0.17| 0.09|-0.10|   0.08|   0.08|   0.39|137.10516|-15.14479
      42|Thick disc      | 45947|-0.46|4911| 3.29|  26.6| -16.0|-105| -60|  5.77| 0.48|  0.60| 9.51| 8.2| 4.4|97| 7|-0.46| 0.35| 0.57| 0.11| 0.25| 0.32| 0.24| 0.22| 0.15| 0.33| 0.19| 0.04|-0.21| 0.06| 0.03| 0.22| 0.13| 0.06|-0.11|  -0.04|   0.13|   0.57|140.55400|+12.54910
      43|Thick disc      | 50005|-0.53|5394| 4.64|  60.1| 101.0| -99|  41|  6.31| 0.53|  0.42|     |    |    |95| 4|-0.53|     | 0.63| 0.08| 0.30| 0.38| 0.29| 0.20| 0.23| 0.20| 0.20| 0.02|-0.22| 0.23| 0.03| 0.14| 0.05| 0.09|-0.19|       |       |   0.42|153.12447|-00.63710
      44|Thick disc      | 50671|-0.48|5878| 4.45|  82.0| -60.0| -41|  63|  7.39| 0.26|  0.69|     |    |    |90| 1|-0.48| 0.34| 0.39| 0.13| 0.13| 0.07| 0.09| 0.06|     |-0.03| 0.01|-0.02|-0.13|-0.02| 0.02| 0.05| 0.09|-0.05| 0.03|  -0.01|   0.02|   0.17|155.20826|-15.47991
      45|Thick disc      | 50965|-0.57|5715| 4.56|  19.8| -51.0| -88| -84|  6.26| 0.42|  1.02|     |    |    |96| 1|-0.57| 0.41| 0.57| 0.06| 0.26| 0.23| 0.19| 0.15| 0.25| 0.33| 0.02|-0.04|-0.22| 0.13| 0.02|     | 0.10| 0.03|-0.07|   0.02|       |   0.34|156.14868|-05.51967
      46|Thick disc      | 52673|-0.66|5541| 4.62|  74.7|  52.0| -99| -39|  5.97| 0.47|  0.35|     |    |    |92|14|-0.66|     | 0.58| 0.14| 0.27| 0.22| 0.21| 0.18| 0.20| 0.24| 0.09| 0.02|-0.20| 0.11| 0.04| 0.02| 0.23| 0.15|-0.01|   0.03|   0.19|   0.40|161.55933|-29.34043
      47|Thick disc      | 58843|-0.79|5663| 4.63|   6.8| 109.0|-122| -52|  6.01| 0.63|  0.53|     |    |    |91| 6|-0.79| 0.28|     | 0.05| 0.28| 0.22| 0.23| 0.21| 0.05| 0.22| 0.05|     |-0.33| 0.13| 0.03|-0.03| 0.09| 0.18|     |   0.08|   0.09|   0.44|181.02317|+03.34075
      48|Thick disc      | 59233|-0.83|5333| 3.71| -12.2|-181.0| -72| -37|  8.38| 0.60|  0.38|     |    |    |91|18|-0.83| 0.47| 0.60| 0.22| 0.38| 0.42| 0.15| 0.30|-0.17| 0.22| 0.28| 0.07|-0.08| 0.06|-0.01| 0.02| 0.17|-0.40|-0.25|  -0.08|   0.05|   0.12|182.22777|+21.78873
      49|Thick disc      | 59750|-0.74|6069| 4.44|  -3.7|  61.0| -61| -60|  6.77| 0.35|  0.54|     |    |    |93| 2|-0.74| 0.28| 0.74| 0.15| 0.32| 0.25| 0.25| 0.17| 0.08| 0.17| 0.02|-0.09|-0.35| 0.09| 0.02|-0.08| 0.12| 0.07|-0.14|       |       |   0.32|183.79399|-10.31240
      50|Thick disc      | 60268|-0.72|5532| 4.62| -81.8|   6.7| -98| -37|  5.86| 0.45|  0.32|     |    |    |88| 5|-0.72| 0.39| 0.65| 0.08| 0.28| 0.29| 0.21| 0.19| 0.17| 0.21| 0.09| 0.02|-0.26| 0.10| 0.05| 0.08| 0.17|     |-0.14|   0.07|   0.17|   0.41|185.36720|+61.74725
      51|Thick disc      | 60956|-0.58|5362| 4.63|   6.1|   7.3|-139| -64|  5.21| 0.63|  0.73|     |    |    |91| 7|-0.58| 0.47| 0.56| 0.07| 0.22| 0.23| 0.21| 0.15| 0.19| 0.22| 0.20|-0.02|-0.18| 0.08| 0.05| 0.04| 0.15| 0.06|-0.10|   0.22|   0.29|   0.44|187.42806|-03.33297
      52|Thick disc      | 62240|-0.83|5663| 4.46| -36.4|  61.0| -68| -69|  6.73| 0.35|  0.75|     |    |    |97| 4|-0.83|     | 0.87| 0.16| 0.33| 0.34| 0.30| 0.03| 0.03| 0.11| 0.01| 0.03|-0.32| 0.19| 0.07|-0.11| 0.04| 0.04|-0.28|   0.21|   0.22|   0.57|191.34694|+04.35996
      53|Thick disc      | 64426|-0.71|5754| 4.16|  49.4| -72.0| -64|  64|  6.91| 0.36|  0.70|11.30| 3.4| 2.6|96| 0|-0.71| 0.31| 0.57| 0.06| 0.33| 0.16| 0.14| 0.20| 0.05| 0.14|-0.01|-0.09|-0.36| 0.09|-0.04|-0.08| 0.04|-0.07|-0.21|   0.09|   0.21|   0.21|198.08226|+17.51712
      54|Thick disc      | 65449|-0.44|5383| 3.84| -21.6|-141.0| -55| -37|  7.97| 0.48|  0.38| 9.70| 4.5| 3.1|85| 2|-0.44| 0.33| 0.50| 0.08| 0.20| 0.31| 0.17| 0.10| 0.07| 0.15| 0.09| 0.03|-0.22| 0.04|-0.01| 0.09| 0.04|-0.16|-0.14|  -0.27|       |   0.29|201.20379|+68.17576
      55|Thick disc      | 70520|-0.62|5708| 4.01| -48.2|  96.0| -78| -65|  6.79| 0.45|  0.75| 9.90| 2.9| 2.2|97| 0|-0.62| 0.23| 0.52| 0.12| 0.28| 0.28| 0.21| 0.20| 0.05| 0.23| 0.11|     |-0.25| 0.12| 0.01|-0.02| 0.09|-0.06|-0.22|   0.11|   0.07|   0.28|216.37550|+20.59016
      56|Thick disc      | 70681|-1.10|5396| 4.70| -46.7| -12.0| -41| -69|  7.21| 0.18|  0.71|     |    |    |94| 7|-1.10|     | 0.90| 0.05| 0.32| 0.29| 0.39| 0.19| 0.13| 0.12| 0.07|-0.06|-0.47| 0.07|-0.01|-0.33| 0.08| 0.29| 0.10|       |   0.34|   0.53|216.85379|-18.41124
      57|Thick disc      | 71819|-0.14|5825| 4.35| -18.1| -65.0|-101|  38|  6.01| 0.50|  0.33|     |    |    |94| 0|-0.14| 0.10| 0.16| 0.02| 0.06| 0.09| 0.03| 0.05| 0.02|     | 0.04|-0.01|-0.07| 0.02|     | 0.01| 0.02|-0.02|-0.06|   0.03|   0.16|   0.03|220.36990|+13.60147
      58|Thick disc      | 72407|-0.54|5567| 4.56|   1.5| -88.0| -60|  48|  7.10| 0.38|  0.47|     |    |    |81| 6|-0.54| 0.45| 0.65| 0.12| 0.32| 0.29| 0.30| 0.21| 0.30| 0.25| 0.20| 0.05|-0.20| 0.14| 0.10| 0.08| 0.17| 0.13|-0.13|   0.09|   0.29|   0.56|222.07793|+58.91003
      59|Thick disc      | 72803|-0.73|5159| 3.57| -98.9| -98.0| -85| -45|  6.65| 0.47|  0.40| 9.60| 5.0| 3.3|94| 1|-0.73| 0.37| 0.83| 0.14| 0.34| 0.40| 0.31| 0.17| 0.14| 0.19| 0.08|-0.05|-0.26| 0.11| 0.09| 0.01| 0.09|-0.01|-0.28|   0.07|   0.19|   0.42|223.21496|+48.46841
      60|Thick disc      | 74033|-0.85|5574| 3.95| -59.9|-104.0|-120|  33|  5.99| 0.62|  0.28|13.80| 2.2| 1.9|94| 2|-0.85| 0.39| 0.80| 0.16| 0.41| 1.60| 0.27| 0.25| 0.13| 0.24| 0.11|     |-0.35| 0.20| 0.03|-0.09| 0.18| 0.17|-0.11|   0.02|   0.19|   0.34|226.94375|+08.87978
      61|Thick disc      | 74067|-0.75|5572| 4.63| -61.1| -20.0| -60| -61|  6.72| 0.27|  0.62|     |    |    |91| 3|-0.75| 0.42| 0.63| 0.05| 0.31| 0.27| 0.20| 0.13| 0.19| 0.15| 0.05|-0.06|-0.32| 0.01| 0.01|-0.07| 0.14| 0.09|-0.10|   0.14|   0.21|   0.48|227.05236|-07.91320
      62|Thick disc      | 81748|-0.01|5559| 4.29| -76.0|  -4.0| -65| -56|  6.56| 0.29|  0.55|     |    |    |86| 4|-0.01| 0.14| 0.23|-0.03|-0.03| 0.09| 0.08|-0.06| 0.02|-0.08|-0.03|-0.01|-0.09|-0.03|-0.03|-0.01|-0.08|-0.04|-0.19|   0.16|   0.10|   0.04|250.45926|+13.14884
      63|Thick disc      | 84781|-0.29|5259| 3.86| -93.9| -91.0| -60|  49|  7.17| 0.35|  0.54|12.10| 2.8| 2.3|85| 7|-0.29| 0.22| 0.48| 0.01| 0.25| 0.23| 0.15| 0.11| 0.19| 0.18| 0.12|     |-0.23| 0.09| 0.03| 0.13| 0.14| 0.10|-0.01|   0.22|   0.18|   0.45|259.94332|+06.55374
      64|Thick disc      | 84803|-0.52|5524| 3.87| -90.5| -47.0| -79| -51|  6.36| 0.39|  0.49| 8.40| 3.9| 2.6|91|13|-0.52| 0.35| 0.66| 0.19| 0.31| 0.38| 0.23| 0.24| 0.05| 0.14|-0.02| 0.02|-0.19| 0.11| 0.05| 0.04| 0.03|-0.08|-0.32|   0.09|   0.14|   0.25|260.00057|-08.02315
      65|Thick disc      | 84862|-0.41|5605| 4.49| -79.3|  35.0| -76| -57|  6.40| 0.35|  0.55|     |    |    |93| 1|-0.41| 0.40| 0.61| 0.07| 0.35| 0.28| 0.22| 0.16| 0.23| 0.18| 0.06|-0.03|-0.24| 0.12| 0.04| 0.02| 0.26| 0.10|-0.12|   0.06|   0.32|   0.45|260.16486|+32.46774
      66|Thick disc      | 85373|-0.82|5351| 4.66| -74.1| -57.0|-103|  75|  5.99| 0.49|  0.87|     |    |    |95| 2|-0.82|     | 0.42| 0.01| 0.18| 0.26| 0.34| 0.05| 0.30| 0.15| 0.19| 0.04|-0.30| 0.23| 0.08|-0.20| 0.10| 0.05|-0.31|       |   0.63|   0.71|261.67254|+31.05944
      67|Thick disc      | 85378|-0.51|5709| 4.22| -72.7| -55.0|-100|  73|  6.00| 0.48|  0.82|     |    |    |96| 0|-0.51| 0.27| 0.57| 0.12| 0.34| 0.35| 0.21| 0.23| 0.12| 0.23|-0.01|-0.04|-0.24| 0.09| 0.04|-0.02| 0.09|-0.01|-0.15|   0.08|   0.22|   0.36|261.67998|+31.07719
      68|Thick disc      | 85757|-0.70|5414| 3.81|   3.5|  24.0| -75|  71|  6.40| 0.34|  0.78| 9.90| 4.2| 2.9|98| 0|-0.70| 0.40| 0.72| 0.14| 0.36| 0.37| 0.29| 0.23| 0.08| 0.23| 0.11|-0.03|-0.29| 0.10| 0.03|-0.02| 0.10| 0.03|-0.17|  -0.10|   0.14|   0.09|262.85585|-02.53881
      69|Thick disc      | 86013|-0.70|5630| 4.58|-138.0|-156.0| -57|  87|  8.36| 0.51|  1.35|     |    |    |88| 6|-0.70| 0.49| 0.72| 0.07| 0.31| 0.16| 0.21| 0.14| 0.18| 0.14| 0.07|-0.11|-0.32| 0.08|-0.03|-0.13| 0.11| 0.02|-0.13|  -0.02|   0.30|   0.35|263.67942|+06.01432
      70|Thick disc      | 86830|-0.59|5305| 3.74| -82.6| 165.0|-100|  52|  7.33| 0.63|  0.60|11.50| 3.8| 2.9|88| 5|-0.59| 0.43| 0.69| 0.17| 0.35| 0.35| 0.30| 0.23| 0.07| 0.21| 0.14| 0.01|-0.22| 0.14| 0.05|     | 0.04|-0.09|-0.27|  -0.07|   0.10|   0.25|266.13697|+67.29512
      71|Thick disc      | 87089|-0.30|5142| 4.63| -96.3| -47.0|-120|  47|  5.58| 0.56|  0.44|     |    |    |96| 1|-0.30| 0.37| 0.47|-0.12|     | 0.06| 0.14| 0.10| 0.16| 0.26| 0.24|-0.03|-0.05| 0.12| 0.06| 0.06| 0.04| 0.05|-0.10|   0.32|   0.28|   0.46|266.92538|+04.93965
      72|Thick disc      | 87533|-0.21|5727| 3.97|-115.9| -68.0|-106| -33|  5.93| 0.52|  0.28| 5.80| 2.0| 1.5|93| 8|-0.21| 0.12| 0.22| 0.08| 0.15| 0.16| 0.04| 0.08|-0.06|     | 0.04|-0.01|-0.12|-0.04|-0.02|-0.04|-0.01|-0.13|-0.14|  -0.08|  -0.06|  -0.06|268.24436|-07.91952
      73|Thick disc      | 88039|-0.81|5680| 4.01| -18.5|   4.0|-108|  83|  5.73| 0.49|  0.99|12.20| 3.1| 2.5|94| 1|-0.81| 0.41| 0.66| 0.15| 0.43| 0.34| 0.30| 0.18| 0.12| 0.15| 0.20|-0.09|-0.35| 0.07| 0.04|-0.07| 0.22| 0.01|-0.14|   0.04|   0.09|   0.26|269.73248|-22.38433
      74|Thick disc      | 88166|-0.76|5305| 4.67| -12.7|  51.0| -97|  75|  6.06| 0.46|  0.85|     |    |    |96| 0|-0.76|     | 0.73| 0.13| 0.34| 0.28| 0.28| 0.14| 0.15| 0.21| 0.12|-0.01|-0.27| 0.11| 0.03|-0.05| 0.14| 0.09|-0.21|   0.26|   0.17|   0.52|270.10085|+14.71529
      75|Thick disc      | 90393|-0.72|5541| 3.97| -85.0| -56.0|-110|  91|  5.86| 0.52|  1.18|13.50| 2.3| 1.9|90| 3|-0.72|     | 0.11| 0.04| 0.26| 0.17| 0.07| 0.11| 0.30| 0.33| 0.34| 0.05|-0.15| 0.14| 0.05|-0.06| 0.04| 0.09|-0.24|   0.23|   0.61|       |276.65719|+46.08378
      76|Thick disc      | 94129|-0.27|5630| 4.35| -45.3|   5.0|-122|  41|  5.43| 0.56|  0.36|     |    |    |96| 0|-0.27| 0.23| 0.45| 0.04| 0.25| 0.24| 0.15| 0.03| 0.10| 0.14| 0.11|-0.01|-0.17| 0.10| 0.01| 0.03| 0.13|     | 0.06|  -0.04|   0.08|   0.30|287.41349|-21.46967
      77|Thick disc      | 96185|-0.56|    |     |      |      |    |    |      |     |      |     |    |    |  |  |-0.56| 0.30| 0.68| 0.15| 0.22| 0.31| 0.22| 0.19| 0.07| 0.16| 0.09|-0.09|-0.32| 0.10|     |-0.03| 0.04| 0.01|-0.34|  -0.06|   0.17|   0.20|293.36284|+33.20186
      78|Thick disc      | 96902|-0.29|5697| 4.05|-104.7|  -3.0|-109| -54|  5.67| 0.50|  0.52| 6.90| 2.4| 1.8|96| 2|-0.29| 0.20| 0.34| 0.12| 0.25| 0.25| 0.14| 0.14| 0.06| 0.17| 0.14|-0.02|-0.17| 0.09| 0.03| 0.09| 0.08|-0.15|-0.22|  -0.06|  -0.02|   0.14|295.46827|+23.37799
      79|Thick disc      | 97846|-0.18|5259| 3.81| -73.1| -82.0| -49|  55|  7.33| 0.33|  0.58|11.30| 3.2| 2.5|85| 4|-0.18| 0.38| 0.45| 0.04|     | 0.23| 0.14| 0.10| 0.11| 0.10| 0.07| 0.01| 0.02| 0.08| 0.04| 0.08| 0.19|-0.08|-0.02|   0.03|   0.19|   0.12|298.25642|+38.77338
      80|Thick disc      | 98020|-1.61|5170| 4.73|-192.2|-142.0|-108|  69|  6.77| 0.62|  0.87|     |    |    |84| 0|-1.61|     | 1.10| 0.25| 0.31|     | 0.44| 0.20| 0.22| 0.03| 0.39|-0.16|-0.48| 0.16|     |-0.66| 0.56|-0.01|-0.04|   0.65|   0.57|       |298.79033|+10.74094
      81|Thick disc      | 98532|-1.13|5518| 3.71| -14.0|  84.0|-123|  50|  5.78| 0.61|  0.49|11.10| 4.2| 3.1|94| 3|-1.13|     | 0.65| 0.01| 0.34| 0.33| 0.29| 0.25|-0.03| 0.15| 0.10|-0.03|-0.44| 0.03|     |-0.40| 0.07| 0.20| 0.04|   0.05|   0.23|   0.31|300.25102|-12.25565
      82|Thick disc      | 99224|-0.12|5580| 4.20|   0.4|  19.0| -87| -68|  6.11| 0.40|  0.72| 9.90| 3.0| 2.3|97| 1|-0.12| 0.18| 0.40| 0.05| 0.01| 0.16| 0.14|     |     |-0.01|     |-0.04|-0.16| 0.02|-0.02| 0.05| 0.07|-0.04|-0.12|       |   0.14|   0.08|302.14127|-15.72975
      83|Thick disc      |104659|-1.07|5730| 4.34| -45.3| 102.0|-111| -51|  6.16| 0.57|  0.51|13.20| 4.0| 3.1|94| 1|-1.07| 0.47| 0.75| 0.06| 0.35| 0.26| 0.25| 0.18| 0.06| 0.31| 0.11|-0.19|-0.56|-0.06|-0.05|-0.23| 0.11|-0.12|-0.18|       |       |   0.27|317.99597|+17.72775
      84|Thick disc      |106947|-0.35|5305| 4.63|-107.0| -55.0| -68|  76|  6.71| 0.34|  0.89|     |    |    |98| 0|-0.35| 0.43| 0.34|-0.01|     | 0.15| 0.15| 0.09| 0.21| 0.20| 0.20|-0.02|-0.05| 0.12| 0.05| 0.11| 0.13|     | 0.05|   0.28|   0.24|   0.47|324.90191|+23.26552
      85|Thick disc      |107294|-1.14|5929| 4.63| -95.0| 139.0|-101|  62|  6.85| 0.59|  0.72|     |    |    |90| 6|-1.14|     | 0.73| 0.23| 0.25| 0.26| 0.25| 0.22| 0.09| 0.27| 0.24|-0.03|-0.28| 0.25| 0.11|-0.50| 0.04| 0.22| 0.11|       |       |       |325.98801|+27.39000
      86|Thick disc      |108056| 0.14|5928| 4.39| -98.3|   5.0| -67| 118|  6.72| 0.28|  1.73|     |    |    |92| 6| 0.14| 0.20| 0.25|     | 0.09| 0.03| 0.07|-0.08| 0.08|-0.13|-0.01|-0.06|-0.14|-0.03|-0.01| 0.04| 0.04| 0.06| 0.15|  -0.05|       |  -0.12|328.39496|+35.84844
      87|Thick disc      |109384|-0.38|5126| 4.64| -64.8|  -5.0| -55| -59|  6.84| 0.24|  0.59|     |    |    |85| 7|-0.38| 0.50| 0.65| 0.02| 0.30| 0.17| 0.26| 0.10| 0.20| 0.12| 0.24|-0.04|-0.06| 0.16| 0.04| 0.04| 0.19| 0.13|-0.20|   0.29|   0.17|   0.34|332.40582|+71.31433
      88|Thick disc      |110291|-0.93|5729| 4.55|-104.4|  75.0| -87|  37|  6.31| 0.46|  0.33|     |    |    |84| 1|-0.93| 0.52| 0.82| 0.06| 0.36| 0.17| 0.21| 0.11| 0.15| 0.12| 0.11|-0.12|-0.41| 0.04|-0.04|-0.21| 0.09| 0.03|-0.03|       |   0.03|   0.40|335.09937|+46.41825
      89|Thick disc      |111517|-0.45|5471| 3.88| -11.6| -88.0| -95|-107|  6.45| 0.49|  1.59| 9.00| 3.7| 2.6|84|11|-0.45| 0.44| 0.49| 0.17| 0.31| 0.36| 0.23| 0.15| 0.07| 0.18| 0.10| 0.06|-0.13| 0.18| 0.09| 0.16| 0.16|-0.08|-0.22|  -0.11|  -0.02|   0.36|338.90903|+05.37338
      90|Thick disc      |112666|-0.42|5208| 4.62| -97.4| -31.0|-103| -70|  5.80| 0.48|  0.77|     |    |    |96| 1|-0.42| 0.25| 0.44| 0.07|     | 0.21| 0.21| 0.13| 0.14| 0.10| 0.17|-0.03|-0.14| 0.09|-0.01| 0.01| 0.07|-0.09|-0.13|   0.27|   0.16|   0.43|342.25226|+77.95301
      91|Thick disc      |112811|-0.70|5347| 4.64|  -4.0|  38.0| -84| -55|  6.21| 0.40|  0.53|     |    |    |95|11|-0.70|     | 0.65| 0.01| 0.30| 0.24| 0.25| 0.12| 0.15| 0.24| 0.21|-0.10|-0.37| 0.07|-0.02|-0.11|     | 0.07|-0.19|  -0.10|  -0.05|   0.28|342.69142|+01.86516
      92|Thick disc      |113514|-0.63|5720| 4.57|-119.8| -46.0|-128|  33|  5.51| 0.58|  0.24|     |    |    |95| 0|-0.63| 0.42| 0.66| 0.09| 0.29| 0.19| 0.21| 0.16| 0.19| 0.13| 0.03|-0.05|-0.24| 0.04|     | 0.08| 0.16| 0.08|-0.03|   0.07|   0.35|   0.43|344.83107|+12.19234
      93|Thick disc      |116421|-0.51|5617| 4.15|-112.0| -55.0|-108|  69|  5.85| 0.51|  0.76|11.70| 2.6| 2.1|95| 0|-0.51| 0.38| 0.60| 0.13| 0.31| 0.34| 0.26| 0.21| 0.22| 0.23| 0.13|-0.01|-0.24| 0.12| 0.03|     | 0.07| 0.03|-0.13|       |   0.19|   0.23|353.87039|+31.01717
      94|Thick disc      |117029|-0.77|5436| 3.86| -71.7| -61.0| -99|  89|  6.12| 0.47|  1.15|12.40| 2.2| 1.9|93| 0|-0.77| 0.46| 0.77| 0.14| 0.33| 0.38| 0.27| 0.17| 0.11| 0.20| 0.10|-0.02|-0.31| 0.13| 0.04|-0.03| 0.11|-0.04|-0.27|   0.05|   0.18|   0.25|355.86268|+58.08030
      95|Thin disc       |  2909|-0.28|5634| 4.15|  24.9|  38.0| -60| -21|  6.75| 0.29|  0.18| 8.90| 2.7| 2.1|88| 3|-0.28| 0.37| 0.40| 0.13| 0.19| 0.23| 0.15| 0.08| 0.04| 0.10| 0.04|-0.01|-0.15| 0.08| 0.03| 0.04|-0.01|-0.08|-0.12|   0.02|   0.12|   0.16|009.21365|-24.49662
      96|Thin disc       | 14086|-0.65|5075| 3.72|  42.6|  18.0| -78| -13|  6.27| 0.36|  0.10| 8.30| 4.3| 2.8|78| 2|-0.65| 0.34| 0.54| 0.09| 0.39| 0.29| 0.27| 0.19| 0.21| 0.27| 0.20| 0.01|-0.23| 0.14| 0.05| 0.07| 0.06| 0.09|-0.18|   0.06|   0.28|   0.39|045.40682|-28.09155
      97|Thin disc       | 14241|-0.49|5457| 4.61| -19.7|  14.0| -63|  33|  6.60| 0.29|  0.28|     |    |    |75| 2|-0.49| 0.33| 0.57| 0.10|     | 0.24| 0.23| 0.13| 0.27| 0.22| 0.11|-0.01|-0.19| 0.15| 0.04| 0.15| 0.16| 0.16|-0.06|   0.13|   0.22|   0.48|045.91233|-05.66630
      98|Thin disc       | 19696|-0.24|5554| 4.45|  -5.5|  -2.0| -49|  40|  6.95| 0.22|  0.34|     |    |    |77| 3|-0.24| 0.34| 0.44| 0.05| 0.12| 0.13| 0.14| 0.02| 0.10| 0.05| 0.01|-0.01|-0.14| 0.06|     | 0.10| 0.19| 0.08| 0.02|   0.07|   0.20|   0.25|063.29567|+16.76683
      99|Thin disc       | 26437| 0.10|5911| 4.40| -63.8|  23.0| -55| -38|  6.83| 0.26|  0.32|     |    |    |74| 3| 0.10| 0.02| 0.07|     | 0.07| 0.06| 0.01|     |-0.09|-0.03|-0.02|     |-0.05|-0.04|     |-0.02|-0.11|-0.05|-0.13|  -0.16|   0.02|  -0.08|084.38949|+74.68877
     100|Thin disc       | 39616|-0.41|5936| 4.43|   3.7| -53.0| -36| -35|  7.48| 0.23|  0.30|     |    |    |87| 2|-0.41| 0.15| 0.32| 0.10| 0.15| 0.06| 0.08| 0.02| 0.05| 0.01|-0.04|-0.05|-0.15|-0.02|-0.04|-0.06| 0.06| 0.05| 0.12|   0.21|   0.27|   0.12|121.43340|+68.38159
     101|Thin disc       | 40118|-0.47|5484| 4.58|  28.4| -36.0| -55| -32|  6.86| 0.27|  0.27|     |    |    |81| 2|-0.47| 0.41| 0.54| 0.08| 0.21| 0.22| 0.21| 0.10| 0.23| 0.15| 0.08|-0.05|-0.19| 0.10| 0.01| 0.10| 0.16|     |-0.06|   0.17|   0.32|   0.38|122.91102|+32.45713
     102|Thin disc       | 64924|-0.03|5515| 4.53|  -8.4| -13.0| -41| -24|  7.13| 0.19|  0.19|     |    |    |95| 0|-0.03| 0.18| 0.07|-0.06| 0.02|-0.01| 0.05|-0.02| 0.08|-0.06|     |-0.03|-0.06| 0.01|-0.05|     | 0.07|-0.08| 0.03|   0.17|   0.26|   0.15|199.60131|-18.31120
     103|Thin disc       | 73078|-0.11|5189| 3.76|  10.6| -26.0|  11|  21|  8.87| 0.09|  0.18|11.70| 3.4| 2.6|98| 0|-0.11| 0.30| 0.47| 0.04| 0.15| 1.30| 0.18|-0.03| 0.02|-0.13|-0.04|-0.04|-0.07| 0.04| 0.05| 0.02| 0.02|-0.09|-0.41|   0.13|   0.18|  -0.10|224.03338|+43.31780
     104|Thin disc       | 74933|-0.39|5712| 4.24|   9.3|   9.0| -44|  39|  7.06| 0.20|  0.33|     |    |    |82| 0|-0.39| 0.33| 0.52|     | 0.11| 0.19| 0.12| 0.05| 0.16|-0.02|-0.05|-0.08|-0.20|-0.02|-0.04|-0.03| 0.09| 0.02| 0.05|   0.04|   0.16|   0.24|229.67950|+25.77157
     105|Thin disc       | 81681|-0.38|5565| 4.52| -41.0|   1.0| -53| -38|  6.85| 0.24|  0.32|     |    |    |77| 3|-0.38| 0.31| 0.50| 0.04| 0.27| 0.23| 0.18| 0.10| 0.19| 0.16| 0.10|-0.05|-0.22| 0.09| 0.04| 0.10| 0.12| 0.05|-0.15|   0.10|   0.35|   0.30|250.28423|-02.85728
     106|Thin disc       | 84506| 0.09|5610| 4.05| -62.6| -10.0| -45| -38|  7.04| 0.21|  0.33| 5.70| 2.0| 1.5|82| 5| 0.09| 0.50| 0.43| 0.14| 0.04| 0.24| 0.20|-0.03| 0.09|-0.08|-0.01| 0.02|-0.07| 0.08| 0.06| 0.15| 0.05| 0.01|-0.08|   0.03|       |  -0.11|259.13824|+14.67401
     107|Thin disc       | 86568|-0.40|5214| 4.64| -51.3|  -5.0| -71|  28|  6.40| 0.32|  0.23|     |    |    |74| 2|-0.40| 0.35| 0.62| 0.03|     | 0.21| 0.24| 0.07| 0.19| 0.17| 0.22|-0.05|-0.16| 0.17| 0.04| 0.04| 0.13|-0.07|-0.07|   0.20|   0.18|   0.49|265.36233|+70.46440
     108|Halo            |  3026|-1.04|6060| 4.47| -50.2| 146.0|-231| -33|166.00| 0.99| 57.20|     |    |    |97| 2|-1.04|     | 0.47| 0.07| 0.19|     | 0.09| 0.11| 0.13| 0.20|     |-0.21|-0.52| 0.31|-0.01|     | 0.03| 0.06| 0.09|       |       |       |009.63311|-08.30928
     109|Halo            | 10449|-0.87|5566| 4.64|  27.9|-196.0|-196|  65|  6.46| 0.94|  0.77|     |    |    |75| 0|-0.87|     | 0.71|-0.04| 0.26| 0.18| 0.24| 0.18| 0.19| 0.12|-0.09|-0.01|-0.41| 0.13|-0.06|-0.20| 0.14| 0.07|-0.01|   0.29|       |   0.49|033.66791|-01.20142
     110|Halo            | 12294|-0.95|6069| 4.58|  54.6|-188.0|-149|  69|  6.97| 0.80|  0.81|     |    |    |99| 3|-0.95| 0.24| 0.22| 0.07| 0.14|     | 0.28| 0.14| 0.07| 0.15|     | 0.09|-0.35|     | 0.04|-0.37|     | 0.01|-0.12|       |   0.80|       |039.58959|+02.44566
     111|Halo            | 16072|-1.39|5608| 4.72| -13.3| -31.0|-279| -49|  4.88| 0.76|  0.46|     |    |    |99|13|-1.39|     | 1.20| 0.41| 0.45|     | 0.49| 0.28|     | 0.26| 0.33|-0.02|-0.28|     |-0.01|-0.32| 0.33| 0.36| 0.14|       |       |       |051.74905|+23.77665
     112|Halo            | 28671|-1.01|5357| 4.69|-190.7| 245.0|-234|  99|361.00| 0.99|  9.07|     |    |    |99| 0|-1.01|     | 0.79|-0.03| 0.14|     | 0.17| 0.16|-0.06| 0.16| 0.26| 0.02|-0.48| 0.01|-0.03|-0.42| 0.15| 0.10|-0.15|       |       |   0.42|090.81193|+19.36074
     113|Halo            | 52771|-1.98|5354| 4.77|  81.5| 163.0|-339| 102|  7.44| 0.63|  1.74|     |    |    |99| 0|-1.98|     | 1.10|     | 0.21|     |     | 0.10|     | 0.11|     |     |-0.47| 0.78|-0.06|     | 0.17|     |-0.27|       |       |       |161.84651|+28.39887
     114|Halo            | 55592|-0.94|5886| 4.60|  97.2| -95.0|-239|  13| 24.90| 0.99|  5.54|     |    |    |96| 2|-0.94| 0.39| 0.59| 0.08| 0.31| 0.21| 0.18| 0.15|-0.01| 0.15| 0.11|-0.11|-0.42|-0.02|-0.05|-0.34| 0.17| 0.09| 0.13|   0.12|       |   0.40|170.81763|+19.89379
     115|Halo            | 57450|-1.50|5315| 4.74|  64.0|-221.0|-270|  60|  7.48| 0.89|  0.77|     |    |    |99| 0|-1.50|     | 0.99| 0.18| 0.36|     | 0.34| 0.20| 0.23| 0.10| 0.26|-0.09|-0.40|     |-0.11|-0.36| 0.08|-0.04|-0.05|       |       |       |176.64647|+50.88186
     116|Halo            | 58229|-0.83|5740| 4.61| 167.9| -66.0|-201|  57| 27.50| 0.99|  3.01|     |    |    |73| 3|-0.83|     | 0.67| 0.06| 0.18| 0.13| 0.10| 0.07|-0.03| 0.10|     |-0.35|-0.40| 0.26|-0.05|-0.44| 0.02| 0.03|-0.13|       |       |       |179.15010|-21.41940
     117|Halo            | 62882|-0.98|5619| 3.83| 152.6| 280.0|-201|-103| 61.90| 0.99|  2.28|12.20| 3.6| 2.8|99| 0|-0.98| 0.20| 0.80|-0.02| 0.26| 0.12| 0.27| 0.19|-0.12| 0.08| 0.10|-0.07|-0.61|-0.15|-0.08|-0.55| 0.12| 0.08|-0.06|   0.07|   0.10|   0.12|193.31272|-18.52222
     118|Halo            | 73385|-1.46|5435| 3.86| 175.6|  51.0|-361|  61|  6.41| 0.38|  0.64|     |    |    |99| 0|-1.46|     | 1.00|     |     | 1.60| 0.49| 0.32|     | 0.33|     | 0.18|-0.39|     | 0.07|-0.46| 0.20| 0.20| 0.07|   0.27|       |   0.31|224.95735|-22.01272
     119|Halo            | 78640|-1.34|5665| 3.92|-152.3| 119.0|-261| -16|  5.25| 0.86|  0.12|14.90| 1.7| 1.6|99| 0|-1.34|     | 0.78|     | 0.29|     | 0.23| 0.26|-0.18| 0.26| 0.22|     |-0.34| 0.41|-0.03|     |-0.07|-0.07|-0.28|       |   0.14|   0.06|240.80541|+42.24629
     120|Halo            | 80837|-0.80|5724| 4.10| -47.3|  96.0|-258| -70|  4.88| 0.86|  0.64|13.30| 2.4| 2.0|99| 0|-0.80| 0.46| 0.72| 0.14| 0.36| 0.26| 0.24| 0.16| 0.17| 0.21| 0.12| 0.05|-0.27| 0.22| 0.04| 0.01| 0.15| 0.06|-0.13|  -0.05|   0.14|   0.29|247.61858|+04.17822
     121|Halo            | 86321|-0.87|5760| 4.59|-241.8| -75.0|-260| -45|  4.84| 0.86|  0.41|     |    |    |99| 0|-0.87| 0.30| 0.55| 0.02| 0.15| 0.07| 0.15| 0.13| 0.13| 0.12| 0.06|-0.07|-0.34| 0.20|-0.04|-0.43| 0.08| 0.07| 0.03|       |       |   0.36|264.56504|+18.55707
     122|Halo            | 86431|-0.54|5648| 4.48|  33.9| 215.0|-112|  91|  8.55| 0.74|  1.63|     |    |    |78| 5|-0.54| 0.39| 0.57| 0.05| 0.24| 0.19| 0.15| 0.07| 0.15| 0.08| 0.04|-0.08|-0.23| 0.05|-0.05|-0.03| 0.07|     |-0.07|   0.03|   0.33|   0.30|264.90364|+37.18375
     123|Halo            | 94449|-1.12|5545| 3.68| -65.4| 156.0|-310|  60|  6.61| 0.73|  0.69|10.10| 5.3| 3.5|99| 0|-1.12| 0.66| 0.95| 0.11| 0.46| 0.48| 0.36| 0.37|-0.06| 0.24| 0.08|-0.08|-0.36| 0.14|-0.01|-0.40| 0.03|-0.12|-0.27|   0.11|       |   0.10|288.33633|-00.59509
     124|Halo            |100568|-0.99|5566| 4.67|-170.7|-145.0|-240| -65|  8.76| 0.96|  1.48|     |    |    |99| 0|-0.99|     | 0.68| 0.01| 0.20|     | 0.14| 0.11|     | 0.08|     |-0.06|-0.51|-0.07|-0.12|-0.45|-0.06|-0.17|-0.23|   0.11|   0.14|   0.41|305.89936|-21.37062
     125|Halo            |109067|-0.79|5362| 4.69|-198.4| -24.0|-213|  36|182.00| 0.99|  9.61|     |    |    |73| 1|-0.79| 0.48| 0.68| 0.07| 0.28| 0.24| 0.24| 0.13| 0.21| 0.15| 0.11|-0.16|-0.40| 0.06|-0.05|-0.22| 0.10| 0.13|-0.10|   0.04|   0.01|       |331.41960|+12.37669
     126|Halo            |111549|-0.95|5704| 4.13|-296.0| 190.0|-261|  41|  6.39| 0.90|  0.33|14.20| 2.5| 2.1|99| 0|-0.95|     | 0.40|-0.42|     |     | 0.03| 0.17|-0.30| 0.12|     |-0.04|-0.34|-0.06|-0.07|-0.40|-0.03|-0.29|-0.24|       |  -0.01|   0.27|338.96928|+76.49237
     127|Halo            |115704|-1.78|5691| 4.65|-110.3|-167.0|-189| -49|  5.96| 0.90|  0.53|     |    |    |88| 0|-1.78|     | 0.67|     |     |     |     |     |     |     |     |     |     |     |     |     |     |     |     |       |       |       |351.63683|+60.62854
     128|Thin/thick disc |  5163|-0.74|5547| 4.63|  26.1| -21.0| -59| -38|  6.74| 0.27|  0.35|     |    |    |31|12|-0.74| 0.44| 0.68| 0.12| 0.27| 0.31| 0.23| 0.13| 0.18| 0.17| 0.06|     |-0.25| 0.10| 0.06| 0.07| 0.06| 0.03|-0.09|   0.25|       |   0.38|016.52147|+01.70641
     129|Thin/thick disc |  8720|-0.74|5079| 4.70|  -3.7|  90.0| -59| -42|  7.14| 0.38|  0.40|     |    |    |69|44|-0.74|     | 0.82| 0.08| 0.40| 0.28| 0.28| 0.13| 0.24| 0.16| 0.20|-0.03|-0.19| 0.25| 0.07|-0.01| 0.13| 0.02|-0.20|   0.17|   0.15|   0.45|028.04365|-02.80502
     130|Thin/thick disc | 10711|-0.69|5585| 4.57|  49.6| -82.0| -56| -43|  7.19| 0.35|  0.42|     |    |    |64|20|-0.69| 0.40| 0.71|     | 0.25| 0.23| 0.22| 0.09| 0.08| 0.11| 0.02|-0.11|-0.42| 0.11|-0.06|-0.13| 0.11| 0.02|-0.13|   0.13|       |   0.27|034.48455|+38.08180
     131|Thin/thick disc | 12381|-0.16|6151| 4.24|  45.9|  26.0| -62| -46|  6.65| 0.29|  0.45|     |    |    |58|14|-0.16| 0.08| 0.30| 0.02| 0.17| 0.12| 0.01| 0.04|-0.01|-0.02| 0.02|-0.06|-0.25|     |-0.09|-0.01|-0.07| 0.12|-0.02|  -0.27|       |   0.14|039.84897|-14.28929
     132|Thin/thick disc | 15126|-0.82|5305| 4.68|  88.1| 145.0| -52|  35|  8.15| 0.48|  0.36|     |    |    |80|12|-0.82|     | 0.64| 0.01| 0.28| 0.16| 0.25| 0.12| 0.14| 0.15| 0.06|-0.04|-0.40| 0.11|-0.03|-0.14| 0.13|-0.05|-0.07|       |       |   0.49|048.76983|+01.03755
     133|Thin/thick disc | 15394|-0.27|5211| 3.73|   4.9|  29.0| -52| -46|  6.92| 0.25|  0.43|10.60| 4.2| 3.1|58|15|-0.27| 0.09| 0.19| 0.04| 0.26| 0.17| 0.13| 0.04| 0.06|-0.02|-0.01|     |-0.09| 0.02| 0.01|-0.02| 0.12|-0.08|-0.15|   0.02|   0.09|   0.09|049.61307|+15.17735
     134|Thin/thick disc | 16738| 0.37|6000| 3.99|  60.0| -91.0| -62|  37|  7.07| 0.39|  0.34|     |    |    |62|20| 0.37|-0.01| 0.18| 0.31| 0.32| 0.14| 0.12|-0.08|-0.08|-0.17|-0.07|-0.01| 0.01| 0.03| 0.06| 0.22| 0.18|-0.08| 0.12|       |       |       |053.83031|+11.39676
     135|Thin/thick disc | 21227|-0.45|5701| 4.48|  65.7| -93.0| -71|  17|  6.90| 0.42|  0.14|     |    |    |41|14|-0.45| 0.45| 0.52| 0.06| 0.12| 0.18| 0.13|-0.01| 0.16| 0.04|-0.05|-0.12|-0.26|     |-0.02|-0.04| 0.03| 0.02|-0.08|   0.08|   0.49|   0.37|068.30910|+46.69825
     136|Thin/thick disc | 21306|-0.65|5532| 4.63| -83.0|-120.0| -92| -23|  6.72| 0.53|  0.21|     |    |    |86|30|-0.65| 0.59| 0.79| 0.09| 0.23| 0.25| 0.28| 0.12| 0.22| 0.14|-0.02|-0.05|-0.33| 0.08| 0.02|-0.05| 0.17| 0.07|-0.10|   0.24|   0.24|   0.29|068.60819|+12.73421
     137|Thin/thick disc | 21703| 0.15|5386| 4.53| -19.7|  23.0| -62|  40|  6.66| 0.29|  0.35|     |    |    |39| 1| 0.15|-0.01| 0.17|-0.14|-0.06|-0.06| 0.06|-0.14| 0.08|-0.07|-0.06|-0.08|-0.09|-0.01| 0.01|-0.01|-0.01| 0.13|-0.04|   0.14|   0.15|   0.14|069.90210|+13.12310
     138|Thin/thick disc | 21921|-0.41|5285| 4.61| -33.0|  30.0| -43|  55|  6.86| 0.30|  0.46|     |    |    |68| 6|-0.41| 0.32| 0.65| 0.12| 0.21| 0.25| 0.26| 0.11| 0.27| 0.15| 0.17|-0.01|-0.20| 0.12| 0.03| 0.02| 0.11| 0.06|-0.13|   0.12|   0.39|   0.47|070.70925|+66.73582
     139|Thin/thick disc | 24037|-0.49|5473| 4.60|  64.4|  -9.0| -51| -52|  6.92| 0.23|  0.48|     |    |    |58| 8|-0.49| 0.28| 0.48| 0.07|     | 0.19| 0.19| 0.08| 0.15| 0.17| 0.11|-0.01|-0.19| 0.13| 0.04| 0.15| 0.14| 0.05|-0.07|   0.06|   0.33|   0.38|077.50866|-07.07176
     140|Thin/thick disc | 30990|-0.87|5655| 3.99|  61.3| -77.0| -58|  45|  7.06| 0.35|  0.43|13.20| 2.6| 2.2|58| 3|-0.87|     | 0.87| 0.14| 0.34| 0.30| 0.26| 0.16| 0.18| 0.17|-0.01|-0.07|-0.48| 0.14|-0.01|-0.15| 0.12|-0.10|-0.21|   0.04|       |   0.29|097.56529|+60.78412
     141|Thin/thick disc | 33382|-0.05|5513| 4.49| -10.1|  59.0| -55| -34|  6.94| 0.31|  0.29|     |    |    |72| 4|-0.05| 0.07|-0.01|-0.08| 0.07| 0.01| 0.06|-0.05| 0.03|-0.08|-0.04|-0.05|-0.12|-0.01|-0.03| 0.01|-0.08|-0.04|-0.04|   0.04|   0.13|   0.08|104.14244|+01.16208
     142|Thin/thick disc | 34511|-0.15|5710| 4.51|  42.6| -24.0| -50| -39|  6.94| 0.24|  0.34|     |    |    |76| 6|-0.15| 0.19| 0.17|-0.03| 0.04| 0.01| 0.05|-0.02| 0.08|-0.08|-0.04|-0.03|-0.09|-0.06|-0.05|-0.01|-0.03| 0.11| 0.11|   0.09|   0.25|   0.11|107.27065|+15.42159
     143|Thin/thick disc | 35148|-0.30|5710| 4.16|  41.5|  22.0| -56|  49|  6.80| 0.26|  0.45| 9.00| 2.5| 1.9|57| 6|-0.30| 0.22| 0.36| 0.02| 0.17| 0.12| 0.06|     |     |-0.05|-0.03|-0.06|-0.17|-0.04|-0.07|-0.06|-0.07|-0.16|-0.15|  -0.12|   0.05|   0.08|108.98170|-27.44845
     144|Thin/thick disc | 40023|-0.12|5250| 3.45| -45.0|  49.0| -46| -45|  7.16| 0.25|  0.41| 4.60| 2.5| 1.6|39| 5|-0.12| 0.01| 0.08| 0.03| 0.03| 0.13| 0.04| 0.05|-0.12| 0.08| 0.07| 0.04|-0.04| 0.02|-0.03| 0.08|-0.10|-0.18|-0.04|  -0.07|  -0.01|  -0.05|122.61326|+25.50733
     145|Thin/thick disc | 42734|-0.70|5635| 4.03|  57.9| -28.0| -65|  38|  6.59| 0.30|  0.30|11.60| 3.0| 2.4|40| 2|-0.70| 0.42| 0.68| 0.19| 0.31| 0.32| 0.24| 0.21| 0.08| 0.22| 0.26| 0.05|-0.23| 0.12| 0.01| 0.01| 0.11|-0.14|-0.13|  -0.01|   0.02|   0.34|130.62841|+34.18770
     146|Thin/thick disc | 47588|-0.47|5610| 4.06|  41.1|  14.0| -76| -48|  6.72| 0.26|  0.59|10.70| 2.9| 2.3|77|21|-0.47| 0.34| 0.53| 0.23| 0.28| 0.29| 0.20| 0.10| 0.22| 0.16| 0.23|-0.03|-0.22| 0.19| 0.02| 0.08| 0.10|-0.05|-0.19|  -0.20|   0.07|   0.26|145.55065|-07.77053
     147|Thin/thick disc | 52015|-0.02|5641| 4.03|  42.8|  24.0| -57|  38|  6.77| 0.27|  0.33| 6.32| 2.1| 1.6|71| 3|-0.02| 0.13| 0.26| 0.09| 0.05| 0.16| 0.11|-0.01| 0.02|-0.05|-0.01|     |-0.04| 0.04|-0.01| 0.05| 0.02|-0.08|-0.10|  -0.02|   0.06|  -0.03|159.40332|+18.34952
     148|Thin/thick disc | 53535| 0.11|5575| 4.03| -85.5|  56.0| -68| -33|  6.61| 0.36|  0.32| 5.90| 1.9| 1.4|39| 8| 0.11| 0.25| 0.35| 0.11|-0.06| 0.15| 0.17|-0.03| 0.04|-0.11|-0.05|     |-0.08| 0.07| 0.01| 0.10| 0.02|-0.13|-0.11|  -0.06|   0.20|  -0.16|164.28845|+65.27806
     149|Thin/thick disc | 54196|-0.39|5800| 4.04|  -0.9| -81.0| -46| -40|  7.38| 0.32|  0.36| 6.90| 2.2| 1.7|42| 7|-0.39| 0.11| 0.24| 0.01| 0.16| 0.06| 0.04| 0.04|-0.05| 0.02| 0.03|-0.04|-0.21| 0.04|-0.04|     | 0.03|-0.10|-0.14|  -0.13|  -0.03|   0.17|166.31448|+25.20190
     150|Thin/thick disc | 62077|-0.59|    |     |      |      |    |    |      |     |      |     |    |    |  |  |-0.59| 0.53| 0.76| 0.13| 0.31| 0.27| 0.23| 0.11| 0.25| 0.21| 0.10|-0.02|-0.22| 0.17| 0.02| 0.10| 0.09|-0.03| 0.01|   0.05|       |   0.36|190.84156|+30.79795
     151|Thin/thick disc | 64103|-0.21|5482| 4.59| -57.2| -71.0| -43| -46|  7.40| 0.29|  0.43|     |    |    |48| 6|-0.21| 0.16| 0.19|-0.09| 0.13| 0.04| 0.04|-0.03| 0.02|-0.02| 0.02|-0.06|-0.13|-0.06|-0.05|-0.03| 0.01|-0.05|-0.02|   0.11|   0.14|   0.17|197.05482|+03.77683
     152|Thin/thick disc | 74442|-0.23|5649| 4.22| -60.4|  20.0| -41| -48|  7.17| 0.20|  0.45|     |    |    |38| 5|-0.23| 0.52| 0.41|-0.01| 0.16| 0.10| 0.09| 0.04| 0.03|-0.08|-0.09|-0.06|-0.13|-0.05|-0.02|-0.02| 0.05|-0.02|-0.14|   0.08|       |   0.07|228.19892|+27.92655
     153|Thin/thick disc | 74443|-0.59|5116| 4.68| -60.5| -29.0| -64| -40|  6.62| 0.30|  0.36|     |    |    |43| 8|-0.59| 0.62| 0.63| 0.13| 0.12| 0.26| 0.25| 0.14| 0.21| 0.26| 0.25| 0.01|-0.08| 0.20| 0.06|     | 0.13|-0.06|-0.22|  -0.03|   0.07|   0.44|228.19844|-01.16611
     154|Thin/thick disc | 80162|-0.66|5058| 4.67|  -9.0|   8.0| -83|  37|  6.16| 0.38|  0.32|     |    |    |61| 3|-0.66| 0.75| 0.73| 0.10| 0.06| 0.34| 0.31| 0.11| 0.26| 0.25| 0.22|-0.02|-0.17| 0.12| 0.08| 0.05| 0.16|-0.01|-0.20|   0.15|   0.15|   0.41|245.45367|+07.17483
     155|Thin/thick disc | 82265| 0.09|5446| 4.52| -75.3| -54.0| -58| -37|  6.89| 0.31|  0.32|     |    |    |34| 5| 0.09| 0.05| 0.08|-0.06| 0.17| 0.06| 0.05|-0.02| 0.11| 0.02| 0.03|-0.03|-0.04| 0.04| 0.01| 0.04|-0.03| 0.01|-0.04|   0.14|   0.14|   0.22|252.13433|-19.28777
     156|Thin/thick disc | 85653|-0.43|5300| 4.61| -83.8| -16.0| -50| -53|  6.94| 0.23|  0.50|     |    |    |61| 3|-0.43| 0.35| 0.45| 0.06|     | 0.23| 0.19| 0.13| 0.11| 0.21| 0.19|     |-0.22| 0.13| 0.05| 0.11| 0.12| 0.37| 0.17|   0.10|   0.39|   0.41|262.56844|+47.40220
     157|Thin/thick disc | 89583|-0.20|5492| 4.55| -57.1| -29.0| -51| -40|  6.95| 0.25|  0.35|     |    |    |74| 7|-0.20| 0.05| 0.22|     | 0.27| 0.16| 0.13| 0.04| 0.26| 0.11| 0.06|-0.05|-0.15| 0.10| 0.03| 0.11| 0.03| 0.03|-0.04|   0.06|   0.19|   0.40|274.20646|-11.40586
     158|Thin/thick disc | 90745|-0.50|5663| 4.10| -77.3| -59.0| -62|  39|  6.83| 0.33|  0.35|10.50| 2.8| 2.2|47| 9|-0.50| 0.42| 0.64| 0.12| 0.36| 0.25| 0.20| 0.10| 0.07| 0.09| 0.04|-0.01|-0.20| 0.06| 0.02| 0.04| 0.06|-0.02|-0.11|  -0.04|   0.07|   0.22|277.73980|+33.93300
     159|Thin/thick disc | 94615| 0.20|5634| 4.48| -81.4| -49.0| -54|  38|  6.93| 0.29|  0.32|     |    |    |30|13| 0.20|-0.01|-0.06|-0.16|-0.01|-0.05|-0.02|-0.06| 0.11|-0.02| 0.06| 0.01|-0.07| 1.30|-0.02| 0.06|-0.02| 0.07| 0.12|   0.23|   0.19|   0.06|288.80978|+19.60935
     160|Thin/thick disc | 99938|-0.54|5732| 4.48|-111.2|-105.0| -70| -36|  7.04| 0.44|  0.33|     |    |    |74|11|-0.54| 0.36| 0.72| 0.05| 0.30| 0.15| 0.16| 0.09| 0.34| 0.17| 0.06|-0.10|-0.26| 0.03|     |-0.03| 0.06| 0.02|-0.08|   0.05|   0.21|   0.37|304.15868|-07.44384
     161|Thin/thick disc |102081| 0.09|5664| 4.34| -57.7| -39.0| -46| -43|  7.10| 0.24|  0.39|     |    |    |32| 7| 0.09| 0.12| 0.20|-0.04| 0.20| 0.05| 0.05|-0.03|     |-0.11|-0.09|-0.06|-0.09|     |-0.03|-0.03| 0.04| 0.04|-0.02|       |  -0.04|  -0.01|310.32608|+30.19128
     162|Thin/thick disc |107236|-0.50|5300| 4.61| -41.2| -71.0| -80|  34|  6.48| 0.42|  0.30|     |    |    |72| 5|-0.50| 0.43| 0.60| 0.10| 0.29| 0.21| 0.22| 0.06| 0.19| 0.09| 0.05|-0.04|-0.18| 0.17| 0.07| 0.05| 0.10| 0.07|-0.15|   0.11|   0.15|   0.42|325.78593|+74.44623
     163|Thin/thick disc |115721|-0.46|5563| 4.08| -55.2|   4.0| -63| -55|  6.63| 0.28|  0.53|11.80| 3.0| 2.4|81|19|-0.46| 0.45| 0.53| 0.11| 0.26| 0.19| 0.16| 0.12| 0.16| 0.08| 0.07|-0.01|-0.29| 0.04|-0.01| 0.11| 0.17|-0.02|-0.02|   0.07|   0.05|   0.30|351.66954|+58.75701
     164|Thick disc/halo |  7452|-1.53|5735| 4.59|-151.2|  34.0|-193| -46|  4.45| 0.90|  0.38|     |    |    |97|36|-1.53|     | 0.78|     | 0.18| 0.65| 0.77| 0.20| 0.24| 0.28|     | 0.38|     |     |     |     | 0.02| 0.23|-0.01|   0.12|       |       |024.00545|+49.71186
     165|Thick disc/halo | 14594|-1.88|5522| 4.55|-140.8| 167.0|-118| -59|  7.00| 0.69|  0.72|     |    |    |73| 9|-1.88|     | 0.58|     |     |     | 0.64| 0.28|     | 0.50|     |     |     | 0.91| 0.44|     | 0.33|     |-0.16|1000.00|1000.00|1000.00|047.10662|+26.33094
     166|Thick disc/halo | 20298|-0.84|5547| 4.65|  36.6| -94.0|-133|  81|  5.64| 0.66|  1.02|     |    |    |79|13|-0.84| 0.67| 0.93| 0.08| 0.42| 0.41| 0.38| 0.28| 0.20| 0.23|     |-0.04|-0.43| 0.07|-0.07| 0.05| 0.20| 0.34|-0.02|   0.16|   0.28|   0.29|065.24281|+45.81993
     167|Thick disc/halo | 23922|-0.66|5663| 4.58|-107.8|  42.0|-132|-116|  5.46| 0.62|  1.74|     |    |    |38|37|-0.66|     | 0.63| 0.05| 0.29| 0.12| 0.18| 0.13| 0.19| 0.18| 0.08|-0.08|-0.31| 0.07|-0.02|-0.04| 0.17| 0.09|-0.11|  -0.09|   0.11|   0.35|077.11116|+55.42005
     168|Thick disc/halo | 26617|-0.75|5429| 4.67| 127.2| -50.0|-224|  33| 93.80| 0.99|140.00|     |    |    |99|34|-0.75| 0.50| 0.83| 0.04| 0.23| 0.25| 0.25| 0.19| 0.13| 0.13| 0.08|-0.05|-0.30| 0.18|     |-0.21| 0.09| 0.12|-0.06|   0.21|   0.25|   0.39|084.86431|+03.95074
     169|Thick disc/halo | 42864|-1.47|5356| 4.76| -13.7|  16.0|-212| -39|583.00| 1.00|756.00|     |    |    |98|64|-1.47|     | 0.95|     | 0.40|     | 0.55| 0.20|     | 0.22| 0.34|-0.17|-0.58|     | 0.24|-0.16| 0.39|     | 0.04|1000.00|1000.00|1000.00|131.02086|+36.24550
     170|Thick disc/halo | 43595|-0.84|5506| 4.67|  49.9| -71.0|-148| -94|  5.30| 0.71|  1.23|     |    |    |63|62|-0.84| 0.52| 0.71| 0.05| 0.29| 0.32| 0.17| 0.13| 0.12| 0.24| 0.06|-0.04|-0.29| 0.14|-0.01|-0.03| 0.20| 0.07|-0.11|   0.26|   0.23|   0.36|133.18545|+22.55840
     171|Thick disc/halo | 48209|-0.65|5415| 4.64| -35.2|-121.0|-125| -86|  6.20| 0.65|  1.15|     |    |    |73|21|-0.65| 0.39| 0.66| 0.10| 0.21| 0.24| 0.22| 0.11| 0.22| 0.18| 0.08|-0.01|-0.18| 0.09| 0.06| 0.06| 0.12| 0.04|-0.09|   0.09|   0.10|   0.35|147.42841|+65.30417
     172|Thick disc/halo | 51477|-1.25|5326| 4.07| 102.9|  75.0|-173| -78|  4.92| 0.82|  0.81|     |    |    |87|24|-1.25|     | 1.40| 0.14| 0.44| 0.42| 0.53| 0.26| 0.08| 0.11|-0.02|     |-0.47| 0.15| 0.01|-0.24| 0.22| 0.26| 0.02|   0.11|   0.25|   0.29|157.71573|-21.22698
     173|Thick disc/halo | 60331|-0.64|5346| 4.50|-152.0| -16.0|-105|-135|  6.57| 0.34|  1.31|     |    |    |64| 3|-0.64|     | 0.82| 0.07| 0.22| 0.35| 0.27| 0.05| 0.27| 0.14| 0.10| 0.21|-0.35| 0.17|-0.06|     | 0.28|-0.05|-0.25|  -0.08|       |   0.58|185.54889|+73.24848
     174|Thick disc/halo | 62507|-0.24|5730| 4.09| -42.0| -71.0| -79| -36|  6.51| 0.41|  0.33| 6.80| 2.3| 1.7|73|11|-0.24| 0.16| 0.27| 0.06| 0.15| 0.14| 0.09| 0.03|-0.12|-0.03| 0.01|-0.04|-0.13| 0.01|-0.03|-0.04| 0.12|-0.16|-0.17|  -0.20|   0.07|  -0.05|192.14202|+26.59701
     175|Thick disc/halo | 71019|-0.39|5204| 3.85|  70.4| 125.0|-109|-117|  6.68| 0.59|  1.99|13.00| 2.8| 2.3|64|39|-0.39| 0.41| 0.66| 0.04| 0.23| 0.33| 0.23| 0.12| 0.20| 0.13| 0.07|     |-0.27| 0.07| 0.03| 0.04| 0.15|-0.15|-0.10|   0.02|   0.09|   0.21|217.87597|-26.59861
     176|Thick disc/halo | 85650|-0.39|5521| 4.17| -31.8| 147.0|-133|  76|  6.42| 0.71|  1.00|     |    |    |62|20|-0.39| 0.34| 0.60| 0.13| 0.25| 0.35| 0.25| 0.17| 0.16| 0.17| 0.11| 0.01|-0.18| 0.12|     |     | 0.19|-0.08|-0.14|   0.23|   0.24|       |262.55856|+43.96830
