#recno|HD|Teff|logg|[Fe/H]|UVel|VVel|WVel|Rm|Zmax|ecc|logt9|Simbad|[C/Fe]|[N/Fe]|[O/Fe]|[O/Fe]n|[Na/Fe]|[Mg/Fe]|[Al/Fe]|[Si/Fe]|[S/Fe]|[K/Fe]|[Ca/Fe]|[Sc/Fe]|[Ti/Fe]|[V/Fe]|[Cr/Fe]|[Mn/Fe]|[Co/Fe]|[Ni/Fe]|[Cu/Fe]|[Zn/Fe]|[Sr/Fe]|[Yr/Fe]|[Ba/Fe]|[Zr/Fe]|[Ce/Fe]|[Nd/Fe]|[Eu/Fe]|_RA|_DE
# | |K|[cm/s2]|[Sun]|km/s|km/s|km/s|kpc|kpc| |[Gyr]| |[Sun]|[Sun]|[Sun]|[Sun]|[Sun]|[Sun]|[Sun]|[Sun]|[Sun]|[Sun]|[Sun]|[Sun]|[Sun]|[Sun]|[Sun]|[Sun]|[Sun]|[Sun]|[Sun]|[Sun]|[Sun]|[Sun]|[Sun]|[Sun]|[Sun]|[Sun]|[Sun]|deg|deg
#--------|------|----|-----|-----|------|-----|-----|-----|------|------|-----|------|-----|-----|-----|-----|-----|-----|-----|-----|------|-----|-----|-----|-----|-----|-----|-----|-----|-----|-----|-----|-----|-----|-----|-----|-----|-----|-----|---------|---------
       1|    70|5649| 4.37|-0.35| -16.7|-25.9|-29.5| 7.59| 0.241| 0.130|     |Simbad| 0.21|     | 0.29|-0.04| 0.02|-0.02| 0.08| 0.08|  0.10| 0.12| 0.08| 0.08| 0.01|-0.05| 0.01|-0.08| 0.02|-0.02|-0.03| 0.11|-0.12|-0.05|     |-0.10| 0.03|     | 0.08|001.42364|+58.31326
       2|   101|5826| 4.36|-0.29| -55.7|-28.8| 23.9| 7.67| 0.199| 0.220| 0.85|Simbad| 0.19|     | 0.24| 0.09| 0.01| 0.01| 0.04| 0.05|  0.12| 0.11| 0.02| 0.06|-0.01|-0.06|-0.02|-0.13| 0.01|-0.02|-0.11| 0.10|-0.01| 0.08| 0.00| 0.01| 0.05| 0.07|     |001.47812|+18.23500
       3|   153|5791| 3.80|-0.11|  18.3|-43.0|  9.9| 7.11| 0.075| 0.210| 0.56|Simbad| 0.28| 0.42| 0.40| 0.01| 0.11| 0.06| 0.15| 0.11|  0.21| 0.21| 0.00| 0.00|-0.03|-0.04| 0.01|-0.07| 0.00| 0.01|-0.03| 0.05|-0.02| 0.00|-0.03|-0.19|-0.16|-0.10| 0.01|001.60844|+42.75276
       4|   330|5775| 3.84|-0.27|  -4.1|-50.2|-21.8| 6.91| 0.171| 0.230| 0.58|Simbad| 0.33| 0.32| 0.35| 0.12| 0.05| 0.07| 0.09| 0.07|  0.12| 0.18| 0.02| 0.00|-0.03|-0.07|-0.03|-0.15|-0.03|-0.03|-0.07| 0.08|-0.02|-0.01| 0.01|-0.13|-0.07|-0.01| 0.00|002.01955|+53.79625
       5|   912|6011| 3.82|-0.26|  29.4| -5.5|  6.8| 8.26| 0.053| 0.100| 0.43|Simbad| 0.15|     | 0.43|     | 0.08| 0.09| 0.08| 0.08|  0.16| 0.34| 0.06|-0.03| 0.04|-0.05|-0.02|-0.17|-0.08|-0.03|-0.14| 0.00| 0.10| 0.07| 0.04| 0.02| 0.00|-0.06| 0.01|003.44388|+64.86487
       6|  2663|5982| 4.33|-0.41|  47.0|-11.9|-10.1| 8.13| 0.080| 0.160| 0.86|Simbad| 0.20|     | 0.30|     | 0.05| 0.07| 0.04| 0.04|  0.12| 0.22| 0.04| 0.01| 0.00|-0.05|-0.05|-0.18|-0.04|-0.03|-0.13| 0.07| 0.02| 0.01|     |-0.01|-0.01| 0.10|     |007.80379|+69.78526
       7|  3079|5892| 4.20|-0.19|  62.6|-48.2| 17.4| 7.18| 0.140| 0.290| 0.83|Simbad| 0.20| 0.43| 0.27|-0.07| 0.01|-0.03| 0.04| 0.03|  0.15| 0.12|-0.01| 0.02|-0.05|-0.03|-0.06|-0.13|-0.04|-0.05|-0.12| 0.06|-0.02|-0.01| 0.02|-0.09|-0.05| 0.03|-0.06|008.62380|+47.91554
       8|  3440|5830| 4.11|-0.36| -43.9|-16.6|  7.6| 7.96| 0.059| 0.160| 0.91|Simbad| 0.33| 0.25| 0.33|     | 0.03| 0.10| 0.11| 0.06|  0.15| 0.21| 0.03| 0.06| 0.03|-0.03|-0.03|-0.06|-0.03|-0.03|-0.04| 0.08|-0.11|-0.05|     |-0.16|-0.08| 0.03|-0.02|009.94686|+82.49376
       9|  3454|6058| 4.30|-0.58|  23.4| 14.4|-20.9| 8.98| 0.175| 0.090| 0.90|Simbad| 0.22|     | 0.36|     | 0.10| 0.11| 0.07| 0.07|  0.11| 0.28| 0.05| 0.05| 0.04| 0.04|-0.04|-0.13|-0.05|-0.03|-0.13| 0.08| 0.04|-0.06|-0.02|-0.05|-0.05|     | 0.21|009.48747|+47.40771
      10|  3532|6146| 3.98|-0.35|   4.5| -5.6| -5.8| 8.20| 0.043| 0.040| 0.59|Simbad| 0.14|     | 0.37|     | 0.05| 0.11| 0.04| 0.07|  0.06| 0.32| 0.08| 0.04| 0.03| 0.06|-0.02|-0.18| 0.00|-0.05|-0.15| 0.13| 0.08| 0.01| 0.01| 0.06| 0.09|     | 0.04|009.58847|+19.70500
      11|  3894|6103| 4.20|-0.38|   3.2|-17.0| -4.9| 7.83| 0.036| 0.090| 0.74|Simbad| 0.05|     | 0.18|     | 0.03| 0.09| 0.18| 0.03| -0.05| 0.26| 0.06| 0.01| 0.09|-0.01| 0.01|-0.20|-0.06|-0.05|-0.15|-0.02| 0.03|-0.04|-0.08|-0.04| 0.06|     |     |010.42498|+20.13708
      12|  5065|5811| 4.02|-0.18| -60.4|-38.6| 45.1| 7.45| 0.424| 0.250| 0.76|Simbad| 0.19| 0.28| 0.30|     |-0.02| 0.06| 0.14| 0.06|  0.08| 0.17| 0.03| 0.08| 0.02|-0.05|-0.02|-0.16| 0.00|-0.01|-0.07| 0.06|-0.02|-0.01|-0.02|-0.10| 0.04| 0.03| 0.16|013.21564|+40.24557
      13|  5494|6083| 4.00|-0.17| -34.2|  9.0| 24.7| 8.82| 0.210| 0.110| 0.56|Simbad| 0.22|     | 0.35|     | 0.16|-0.07| 0.05| 0.11|  0.16| 0.20| 0.02|-0.12|     | 0.06|-0.08|-0.02|     | 0.00|     |-0.03|     |     |     |-0.08|     |     |     |014.29079|+34.86407
      14|  5750|6228| 4.00|-0.39|  62.3|-23.0| -8.8| 7.89| 0.070| 0.220| 0.60|Simbad| 0.07|     | 0.20|     | 0.08| 0.01| 0.06| 0.08| -0.10|     | 0.07|-0.19| 0.06|     | 0.03|-0.27|     |-0.05|     |-0.05|     |-0.18|     |-0.06|-0.02|     |     |014.89933|+32.49220
      15|  6250|6127| 3.90|-0.15| -66.0| -6.4| -7.4| 8.46| 0.061| 0.210| 0.45|Simbad| 0.09| 0.15| 0.21|     | 0.00| 0.05| 0.03| 0.02|  0.03|     | 0.01|-0.04| 0.00|-0.05|-0.03|-0.13|-0.07|-0.05|-0.15| 0.01| 0.06| 0.03|-0.06| 0.03|-0.03|     | 0.07|016.06917|+54.20425
      16|  6312|5754| 4.33|-0.32|  25.0|-52.7|-32.8| 6.89| 0.274| 0.250|     |Simbad| 0.24|     | 0.28|     | 0.02| 0.00| 0.07| 0.04|  0.04| 0.05| 0.03| 0.07|-0.02|-0.07|-0.03|-0.12| 0.04|-0.02|-0.06| 0.00|-0.07|-0.02| 0.03|-0.07| 0.00| 0.05| 0.09|016.36037|+63.72129
      17|  6834|6290| 4.02|-0.69|   2.0| 23.4|-21.9| 9.31| 0.187| 0.090| 0.74|Simbad|     |     | 0.39|     |     |     | 0.08| 0.16|  0.16|     | 0.08| 0.01| 0.02|     |     |-0.21|     |-0.02|-0.15|-0.04|     |-0.12|     | 0.01|     |     |     |017.39693|+39.78105
      18|  6840|5851| 3.72|-0.43|  39.6|-41.7| 17.9| 7.21| 0.141| 0.230| 0.50|Simbad| 0.10|     | 0.33| 0.05| 0.15| 0.11| 0.16| 0.09|  0.04| 0.32| 0.06|-0.07| 0.07|-0.01| 0.02|-0.14| 0.02| 0.01|-0.06| 0.03| 0.04|-0.11|-0.10|-0.13|-0.11|-0.04|     |017.71144|+67.78009
      19|  7228|6059| 4.08|-0.12| -51.6| -1.0| -4.6| 8.54| 0.037| 0.160| 0.59|Simbad| 0.16|     | 0.25|     | 0.02| 0.01| 0.13| 0.05|  0.08| 0.25| 0.03|-0.10| 0.07| 0.00| 0.01|-0.12| 0.01|-0.01|-0.32| 0.05|-0.03|-0.04| 0.11| 0.02|-0.05|     |     |018.25960|+33.15494
      20|  8671|6196| 3.92|-0.16|  24.6| 11.4|-11.2| 8.86| 0.089| 0.080| 0.44|Simbad| 0.04| 0.04| 0.26|-0.01| 0.05| 0.03| 0.06| 0.01|  0.03| 0.46| 0.01|-0.01| 0.03| 0.01|-0.02|-0.16|-0.06|-0.04|-0.12| 0.04|     | 0.08| 0.13| 0.22|-0.04| 0.06| 0.03|021.57786|+43.45774
      21|  9091|5829| 4.26|-0.35| -49.2|-22.8| 28.5| 7.81| 0.241| 0.190| 0.85|Simbad| 0.13|     | 0.31| 0.05|-0.02| 0.10| 0.12| 0.03|  0.11| 0.20| 0.04| 0.04| 0.03|-0.04|-0.05|-0.17|-0.04|-0.04|-0.07| 0.06|-0.08|-0.08|-0.07|-0.11|-0.06| 0.06| 0.00|022.45272|+23.69044
      22|  9670|6032| 4.27|-0.28| -13.3|-58.2| 10.6| 6.72| 0.080| 0.270| 0.78|Simbad| 0.09| 0.26| 0.21| 0.07| 0.05| 0.11| 0.02| 0.04|  0.05| 0.23| 0.03| 0.03| 0.04|-0.02|-0.01|-0.12|-0.02|-0.02|-0.07| 0.05| 0.03| 0.01|-0.07| 0.06|-0.03| 0.02| 0.13|023.70361|+00.94477
      23| 11007|5850| 4.00|-0.31| -35.1| 23.4| 46.6| 9.45| 0.477| 0.140| 0.76|Simbad| 0.08|     | 0.22| 0.06| 0.03| 0.05| 0.11| 0.02|  0.08| 0.21| 0.01| 0.00| 0.01|-0.06|-0.03|-0.16|-0.02| 0.00|-0.05| 0.08|-0.04|-0.05|-0.07|-0.02|-0.06|-0.02| 0.16|027.17318|+32.69021
      24| 11045|5703| 4.19|-0.39|  17.0|  2.8|-26.6| 8.53| 0.219| 0.050|     |Simbad| 0.30|     | 0.46|     | 0.08| 0.19| 0.25| 0.14|  0.24| 0.19| 0.09| 0.12| 0.15| 0.00|-0.03|-0.22| 0.05|-0.01| 0.01| 0.20|-0.07|-0.07|     |-0.31|-0.06|     | 0.14|027.31727|+35.44038
      25| 11592|6235| 4.22|-0.29| -68.4|-17.0|-23.0| 8.14| 0.197| 0.220| 0.62|Simbad|-0.01| 0.25| 0.24|     | 0.02| 0.03| 0.00| 0.02|  0.02| 0.32| 0.01|-0.05| 0.05| 0.02|-0.05|-0.21| 0.03|-0.06|-0.23|-0.02| 0.02|-0.05| 0.00| 0.09| 0.03|     |     |028.49034|+10.61403
      26| 14877|5971| 4.03|-0.42|  52.1|-17.3| 10.2| 7.99| 0.081| 0.180| 0.82|Simbad| 0.15|     | 0.30|     | 0.06| 0.09| 0.08| 0.06| -0.02| 0.25| 0.02|-0.14| 0.02|-0.04|-0.04|-0.16|-0.01|-0.02|-0.11| 0.01| 0.00|-0.14|-0.09|-0.19|-0.13|     |-0.03|036.16569|+22.43386
      27| 15029|6119| 3.98|-0.31| -73.2|-34.2|-55.3| 7.70| 0.573| 0.270| 0.60|Simbad|-0.10| 0.24| 0.21|     | 0.07| 0.05| 0.08| 0.03| -0.01| 0.38| 0.04|-0.12| 0.07| 0.02|-0.02|-0.18| 0.02|-0.04|-0.12| 0.07| 0.03|-0.12|-0.03|-0.04|-0.03|     |     |036.39140|+11.97123
      28| 15398|6190| 3.92|-0.01|  14.2|-41.6| 15.2| 7.14| 0.117| 0.200| 0.37|Simbad|-0.19| 0.06| 0.24|     |-0.02| 0.02| 0.11| 0.03|  0.01|     | 0.06|-0.12| 0.03| 0.00|-0.02|-0.12| 0.00|-0.02|-0.15|-0.02|     | 0.04| 0.08| 0.12| 0.04|     |-0.03|037.32298|+21.59376
      29| 16067|5912| 3.85|-0.12| -19.0|-11.6|-18.2| 8.03| 0.142| 0.080| 0.51|Simbad| 0.14|     | 0.35|-0.15| 0.04| 0.06| 0.15| 0.08|  0.14| 0.24| 0.06|-0.03|-0.01|-0.07| 0.01|-0.13|-0.03| 0.00|-0.11|-0.05| 0.06| 0.06| 0.05|-0.04|-0.09|-0.06| 0.02|039.47069|+65.31867
      30| 20427|6091| 4.00|-0.52|  46.1|-20.4|  0.2| 7.86| 0.016| 0.170| 0.71|Simbad| 0.21|     | 0.40|     | 0.12| 0.12| 0.10| 0.13|  0.05|     | 0.06|-0.06| 0.06| 0.02|-0.01|-0.24| 0.11|-0.03|-0.06| 0.08| 0.01|-0.06| 0.07|-0.08| 0.01|     |-0.09|049.63325|+38.45871
      31| 20717|6257| 4.02|-0.33|  51.5|-13.9|  4.0| 8.10| 0.031| 0.170| 0.60|Simbad| 0.06|     | 0.22|     | 0.06| 0.06| 0.02| 0.06| -0.03|     | 0.02|-0.01| 0.03| 0.01|-0.03|-0.20| 0.05|-0.04|-0.18|-0.04| 0.05|-0.04|-0.08| 0.18| 0.03|     |     |050.14045|+12.34660
      32| 21922|5943| 4.31|-0.48|  -9.6|-11.2| 20.7| 8.32| 0.188| 0.070| 0.85|Simbad| 0.27|     | 0.41|     | 0.07| 0.14| 0.16| 0.07|  0.16| 0.29|-0.02| 0.05| 0.04|-0.03|-0.07|-0.18|-0.02|-0.02|-0.03| 0.19| 0.25| 0.23| 0.18| 0.33| 0.34| 0.17|     |054.10857|+67.95219
      33| 22255|6187| 4.14|-0.28|  20.5| -3.3|-23.4| 8.32| 0.188| 0.070| 0.66|Simbad| 0.13|     | 0.27|     | 0.06| 0.10| 0.09| 0.06|  0.07| 0.22| 0.02| 0.05| 0.02|-0.05| 0.03|-0.19| 0.00| 0.00|     | 0.09|     | 0.06|     | 0.15|     |     | 0.08|053.79232|+05.71401
      34| 22521|5783| 3.96|-0.25| -59.2| -3.0|-29.7| 8.54| 0.264| 0.180| 0.70|Simbad| 0.19|     | 0.28| 0.15| 0.06| 0.09| 0.11| 0.04|  0.18| 0.43| 0.09| 0.11| 0.06| 0.02| 0.04|-0.15| 0.07| 0.05|-0.04| 0.09|-0.06|-0.03|-0.02|-0.03| 0.03| 0.01| 0.17|054.73827|+42.53828
      35| 22718|5729| 3.93|-0.19| -73.5| -1.3| 22.1| 8.73| 0.195| 0.230| 0.70|Simbad| 0.18|     | 0.34|-0.03| 0.06| 0.09| 0.15| 0.06|  0.21| 0.37| 0.03| 0.05| 0.00|-0.04|-0.02|     | 0.01|-0.01|-0.01| 0.03|-0.06|-0.05|-0.05|-0.13|-0.14|-0.03|-0.01|055.35689|+50.82157
      36| 23438|5785| 4.18|-0.36| -69.4|  2.3| 16.6| 8.81| 0.143| 0.210| 0.98|Simbad| 0.21|     | 0.34| 0.06| 0.03| 0.07| 0.11| 0.07|  0.17|     |     |     |     | 0.00|     |     |     |     |-0.07|     |-0.09|-0.10|-0.07|-0.14|-0.07|-0.04| 0.14|056.72006|+41.85939
      37| 24421|5987| 4.14|-0.38| -53.9| 14.4|  9.2| 9.14| 0.077| 0.170| 0.81|Simbad| 0.05|     | 0.31| 0.10| 0.02| 0.04| 0.09| 0.03|  0.03| 0.26| 0.01| 0.02| 0.02|-0.02|-0.05|     | 0.04|-0.02|-0.09|-0.04|-0.06|-0.07|-0.07|-0.06|-0.10| 0.04| 0.09|058.90450|+52.22682
      38| 26421|5737| 3.98|-0.39| -59.3|-18.2| 74.0| 8.14| 0.870| 0.200| 0.80|Simbad| 0.25|     | 0.36|     | 0.01| 0.12| 0.16| 0.07|  0.10| 0.47| 0.06| 0.01| 0.04|-0.04|-0.01|-0.18|-0.03|-0.04|-0.09| 0.03|-0.10|-0.16|-0.18|-0.19|-0.10| 0.03| 0.08|063.09562|+37.71209
      39| 27816|5965| 3.86|-0.54|   2.2| 15.5|-33.8| 9.00| 0.297| 0.050| 0.66|Simbad| 0.10|     | 0.29|     | 0.12| 0.14| 0.12| 0.07|      | 0.38| 0.10|-0.04| 0.10| 0.01|-0.03|     | 0.01|-0.01|-0.06| 0.00| 0.01|-0.15|     |-0.07|-0.09|     | 0.07|066.70637|+58.24061
      40| 36066|5879| 3.98|-0.01|  42.4|-27.5| 10.7| 7.62| 0.083| 0.180| 0.58|Simbad| 0.05| 0.08| 0.17|     |-0.01| 0.11| 0.05| 0.02|  0.06| 0.14|-0.01| 0.04|-0.01|-0.06| 0.00|-0.10|-0.02|     |-0.05|-0.03| 0.03|-0.01| 0.00| 0.00|-0.05|-0.03| 0.03|083.14084|+57.22107
      41| 36667|5776| 4.00|-0.45| -27.9|  9.1| -5.8| 8.78| 0.046| 0.090| 0.91|Simbad| 0.34|     | 0.39|     | 0.09| 0.14| 0.13| 0.10|  0.20| 0.25| 0.05| 0.11| 0.03|-0.04|-0.01|-0.16| 0.01|-0.02|-0.05| 0.14| 0.33| 0.38| 0.33| 0.47| 0.26| 0.40| 0.14|083.49996|+15.58455
      42| 36909|5900| 4.24|-0.22| -12.3| -6.5| -1.6| 8.18| 0.012| 0.050| 0.82|Simbad| 0.22|     | 0.30|     | 0.00|-0.06| 0.02| 0.04|  0.23| 0.13|-0.01|-0.05|-0.07|-0.10|-0.06|-0.14|-0.11|-0.06|-0.16| 0.01| 0.00| 0.09| 0.01| 0.11| 0.08|-0.06|     |084.10421|+32.00354
      43| 41640|6005| 4.35|-0.56|  33.4|-25.8| 10.8| 7.63| 0.083| 0.160| 0.85|Simbad| 0.11|     | 0.26|     | 0.09| 0.10| 0.09| 0.06|  0.10| 0.23| 0.03| 0.01| 0.04| 0.00|-0.01|-0.21|-0.06|-0.03|-0.10| 0.03|-0.04|-0.05|-0.09| 0.02| 0.08|-0.04|     |091.78844|+16.55608
      44| 42618|5653| 4.58|-0.16| -71.8| -6.9| 18.2| 8.50| 0.156| 0.220|     |Simbad| 0.13|     | 0.18| 0.10|-0.04|-0.07| 0.00| 0.01|  0.12|-0.06|-0.02| 0.11|-0.04|-0.05|-0.04|-0.07|-0.03|-0.02|-0.03| 0.09|-0.10| 0.10|     | 0.05| 0.10| 0.12|     |093.00236|+06.78307
      45| 45067|5946| 3.99|-0.12|   7.5|-60.5| 19.6| 6.66| 0.153| 0.280| 0.60|Simbad| 0.08| 0.15| 0.19|     | 0.00| 0.07| 0.08| 0.03|  0.10| 0.20|-0.01|     | 0.00|-0.07|-0.01|-0.08|-0.04|-0.02|-0.07| 0.03| 0.02|-0.06|-0.02|-0.05|-0.06|-0.02|-0.03|096.31894|-00.94588
      46| 52711|5775| 4.40|-0.20|   8.0|-72.3| -1.9| 6.39| 0.014| 0.330| 0.85|Simbad| 0.16| 0.21| 0.25|     |-0.01| 0.06| 0.07| 0.04|  0.18| 0.07|-0.02| 0.09|-0.02|-0.06|-0.03|-0.06|-0.01|-0.01|-0.06| 0.08|-0.01| 0.05| 0.07| 0.02| 0.07| 0.12| 0.08|105.87691|+29.33708
      47| 54182|5747| 3.81|-0.24|  -0.1|-29.6|  8.2| 7.45| 0.061| 0.140| 0.60|Simbad| 0.24| 0.25| 0.42|     | 0.05| 0.07| 0.09| 0.08|  0.26| 0.25| 0.01| 0.07|-0.02|-0.10|-0.02|-0.14|-0.05|-0.01|-0.10| 0.09| 0.01| 0.06| 0.11| 0.04|-0.05| 0.08|     |107.29352|+30.38697
      48| 59360|5710| 4.15|-0.21|  35.0|-39.5| 25.6| 7.26| 0.208| 0.210| 0.96|Simbad| 0.17|     | 0.34|     |-0.09| 0.06| 0.09| 0.05|  0.18| 0.07| 0.00| 0.06|-0.02|-0.10|-0.04|-0.15|-0.04|-0.04|-0.10| 0.05|-0.13|-0.06|-0.01|-0.07|-0.02| 0.07| 0.07|112.59747|+19.81392
      49| 63332|6261| 4.23| 0.04|  -8.7| 14.0|  3.6| 8.92| 0.028| 0.050| 0.34|Simbad|-0.01| 0.04| 0.17|     |-0.11| 0.07| 0.07| 0.02| -0.01| 0.14| 0.01|-0.13|-0.04| 0.14| 0.00|-0.15|-0.12|-0.05|-0.27|-0.08|     | 0.08|     | 0.08|-0.01|     |     |117.77379|+54.12924
      50| 63333|6054| 4.25|-0.38|  -8.7|  9.9|-20.2| 8.77| 0.163| 0.040| 0.77|Simbad| 0.15| 0.27| 0.32| 0.21| 0.08| 0.05| 0.03| 0.05|  0.13| 0.32| 0.08| 0.00| 0.02|-0.02|-0.02|-0.19|-0.01|-0.02|-0.11| 0.05| 0.01|-0.02|-0.07| 0.04|-0.04|-0.01| 0.05|117.32855|+24.48873
      51| 69897|6247| 4.29|-0.25|  14.2|-33.3| 14.3| 7.36| 0.110| 0.160| 0.47|Simbad| 0.04| 0.17| 0.20|     | 0.04| 0.10| 0.00| 0.05|  0.00| 0.31| 0.00| 0.00| 0.03|-0.03| 0.00|-0.14|-0.05|-0.04|-0.14| 0.01| 0.08| 0.03|     | 0.16| 0.03| 0.06| 0.05|125.01608|+27.21771
      52| 71148|5703| 4.46|-0.08| -30.0|-33.0|-15.2| 7.41| 0.118| 0.180| 0.65|Simbad| 0.10| 0.22| 0.15| 0.03|-0.02| 0.04| 0.03| 0.01|  0.14|     |-0.03|-0.03|-0.02|-0.09|-0.01|-0.02|-0.03|-0.06|-0.04|-0.03|-0.03| 0.00|     |-0.14|-0.05|     | 0.01|126.90327|+45.65299
      53| 73400|6196| 4.17|-0.21|  15.3| -5.8|-20.8| 8.22| 0.164| 0.060| 0.58|Simbad| 0.04|     | 0.21| 0.03| 0.00| 0.10| 0.13| 0.04|  0.00| 0.28| 0.08| 0.06| 0.11| 0.06|-0.04|-0.15|-0.07|-0.03|-0.12|-0.03|     | 0.06|-0.04| 0.09| 0.04|     | 0.16|129.48982|-08.88159
      54| 76272|5989| 4.23|-0.42|   0.5|  4.6|-11.7| 8.56| 0.089| 0.010| 0.92|Simbad| 0.18|     | 0.33|     | 0.06| 0.09| 0.09| 0.07|  0.12| 0.26| 0.04| 0.08| 0.06| 0.02|-0.02|-0.15| 0.00|-0.01|-0.11| 0.12| 0.00|-0.04|     |-0.05|-0.07|-0.01|     |134.34330|+54.84618
      55| 76349|6004| 4.17|-0.44|  15.1| -7.1| 27.6| 8.18| 0.224| 0.060| 0.90|Simbad| 0.13|     | 0.28|     | 0.07| 0.08| 0.06| 0.05|  0.10| 0.26| 0.00| 0.03| 0.02|-0.06|-0.02|-0.14|-0.05|-0.02|-0.08| 0.09|-0.05|-0.08|-0.09|-0.04|-0.10|     |     |134.16430|+33.25776
      56| 77134|5966| 4.51|-0.29| -36.7|-23.4|  5.3| 7.72| 0.040| 0.160|     |Simbad| 0.11|     | 0.21| 0.11|-0.04| 0.06| 0.00| 0.03|  0.12| 0.08| 0.00|-0.06| 0.00|-0.05|-0.04|-0.18|-0.06|-0.06|-0.15|-0.04| 0.06| 0.09|     | 0.13| 0.13|     |     |135.09026|-09.12353
      57| 77408|6210| 4.15|-0.23| 110.2| -4.2|-20.4| 9.11| 0.191| 0.330| 0.57|Simbad| 0.00|     | 0.14|     | 0.01| 0.11| 0.11| 0.02| -0.02| 0.28| 0.02|-0.02|-0.02|-0.03| 0.00|-0.19|-0.04|-0.04|-0.15|-0.05|-0.55|     |     | 0.05| 0.01|     |     |135.81559|+32.88143
      58| 80218|6091| 4.19|-0.28|  -9.4|-12.2|-26.5| 8.00| 0.213| 0.070| 0.75|Simbad| 0.21| 0.44| 0.38| 0.23| 0.01| 0.11| 0.06| 0.09|  0.08| 0.33| 0.04| 0.04| 0.04|-0.06|-0.04|-0.20|-0.02|-0.03|-0.06| 0.08| 0.33| 0.26| 0.16| 0.00|-0.07| 0.04| 0.05|139.74511|+17.70535
      59| 85902|5721| 4.44|-0.53|  37.4| -1.2|  9.3| 8.45| 0.073| 0.120|     |Simbad| 0.25|     | 0.36|     | 0.07| 0.06| 0.10| 0.03|  0.25| 0.11| 0.03| 0.04|-0.01|-0.04|-0.02|-0.06|-0.04|-0.03|-0.05| 0.21|-0.03| 0.00|-0.06|-0.04| 0.11| 0.08|     |148.98644|+38.08170
      60| 86560|5846| 4.21|-0.41| -87.3|-16.3|-20.4| 8.35| 0.178| 0.280| 1.10|Simbad| 0.24|     | 0.33|-0.06| 0.03| 0.09| 0.08| 0.04|  0.17|     | 0.03| 0.07| 0.01|-0.01|-0.01|-0.18|-0.03|-0.02|-0.05| 0.11|-0.12|-0.09|     |-0.11|-0.13| 0.06|     |150.23070|+53.12443
      61| 86884|5873| 3.89|-0.28|  34.2|-52.0|-22.4| 6.93| 0.179| 0.260| 0.59|Simbad| 0.10|     | 0.27| 0.03| 0.05| 0.08| 0.11| 0.04|  0.04| 0.30| 0.02|     | 0.04|-0.02|-0.01|-0.13|-0.02|-0.02|-0.07| 0.06| 0.06|-0.01| 0.08| 0.01|-0.02| 0.00| 0.12|150.79949|+58.09780
      62| 87838|6019| 4.29|-0.43|  81.1| -9.1|-17.0| 8.52| 0.147| 0.250| 0.86|Simbad|-0.04|     | 0.22|     | 0.04| 0.14| 0.07| 0.08|  0.02| 0.24| 0.02| 0.05| 0.05|-0.04| 0.00|-0.19| 0.02|-0.02|-0.08| 0.07|-0.05|-0.08| 0.01|-0.05|-0.08|-0.01| 0.21|151.89086|-06.43920
      63| 88446|5875| 4.08|-0.35|  33.0|-95.8|  8.9| 5.95| 0.067| 0.450| 0.94|Simbad| 0.34|     | 0.41|     | 0.06| 0.15| 0.12| 0.09|  0.14| 0.32| 0.07| 0.12| 0.10| 0.00|-0.04|-0.22| 0.01|-0.01|-0.06| 0.10| 0.57| 0.58| 0.65| 0.66| 0.58| 0.69| 0.24|153.07949|+17.29918
      64| 89010|5611| 4.00|-0.06|  -2.6| 14.6|-36.9| 8.97| 0.329| 0.050| 0.87|Simbad| 0.23| 0.44| 0.29|     | 0.07| 0.04| 0.13| 0.08|  0.18| 0.03|-0.05| 0.02|-0.04|-0.07|-0.03|-0.08| 0.03| 0.02| 0.04| 0.13|-0.10| 0.02| 0.07|-0.07| 0.04| 0.01| 0.15|154.13454|+23.50310
      65| 90878|6285| 3.85|-0.24|   4.0| -8.3|  2.9| 8.11| 0.021| 0.050| 0.36|Simbad| 0.02|     | 0.39|     | 0.10| 0.06| 0.02| 0.05|  0.01| 0.47| 0.03|-0.12| 0.07| 0.14| 0.03|-0.13| 0.04|-0.06|-0.18|-0.01|-0.52|     |     | 0.22| 0.10|     |     |157.49404|+27.82564
      66| 91638|6160| 4.29|-0.25| -24.6|-10.7| -9.7| 8.07| 0.074| 0.090| 0.57|Simbad| 0.01|     | 0.22|     | 0.02| 0.09| 0.01| 0.01| -0.02| 0.31|-0.04| 0.03| 0.03|-0.04|-0.05|-0.12|-0.05|-0.03|-0.12| 0.05| 0.03|-0.01|-0.12| 0.00|-0.03|     | 0.13|158.70924|-03.89969
      67| 94012|6064| 4.41|-0.47| -24.3|-40.8| -6.1| 7.18| 0.046| 0.200| 0.65|Simbad| 0.19|     | 0.33| 0.17| 0.08| 0.05| 0.08| 0.04|  0.16| 0.26| 0.07| 0.10| 0.04|-0.03|-0.03|-0.13| 0.01|-0.02|-0.09| 0.09|-0.06| 0.01|-0.02| 0.03| 0.11|-0.07|     |162.80764|+09.22445
      68| 94835|5814| 4.43| 0.05|   4.8|-54.0| -5.5| 6.81| 0.041| 0.250| 0.35|Simbad| 0.17| 0.32| 0.19|     | 0.00| 0.01| 0.06| 0.07|  0.16| 0.02|-0.05| 0.12|-0.05|-0.08|-0.03|-0.05| 0.00| 0.02| 0.00| 0.10| 0.00| 0.15| 0.05| 0.04| 0.08| 0.02|     |164.28984|+21.80486
      69| 97037|5797| 4.27|-0.14|   7.8|-13.8|-33.8| 7.96| 0.281| 0.070| 0.82|Simbad| 0.07| 0.18| 0.17|     |-0.02| 0.06| 0.08| 0.02|  0.10| 0.11|-0.01| 0.06| 0.00|-0.04|-0.02|-0.09|-0.02|-0.02|-0.03| 0.09|-0.14|-0.02|     |-0.09|-0.02| 0.03| 0.09|167.55560|-07.38940
      70| 99126|6101| 4.14|-0.15|  -4.6|  2.2|-33.2| 8.50| 0.276| 0.010| 0.64|Simbad| 0.12| 0.30| 0.22|     |-0.01| 0.11| 0.12| 0.05|  0.05|     |-0.04|-0.09| 0.01|-0.13| 0.00|-0.13|-0.04| 0.00|-0.13| 0.01|     | 0.00|-0.08| 0.00| 0.01|     | 0.12|171.09065|-05.90998
      71| 99233|5741| 4.35|-0.62|  13.3| 26.0|  6.6| 9.42| 0.054| 0.100|     |Simbad| 0.21|     | 0.38|     |-0.01| 0.10| 0.15| 0.08|  0.12| 0.16| 0.05| 0.07| 0.09|-0.01|-0.03|-0.18| 0.00|-0.02|-0.09|-0.03|-0.10|-0.13| 0.01|-0.12|-0.06|-0.05|     |171.38243|+42.63290
      72| 99984|6084| 3.64|-0.35|  -3.9| 16.6|-31.9| 9.04| 0.279| 0.060| 0.35|Simbad| 0.10|     | 0.32|-0.13| 0.06| 0.05| 0.13| 0.05|  0.10| 0.50| 0.06|-0.05| 0.08| 0.06| 0.04|-0.14|-0.08|-0.02|-0.11|-0.01| 0.11| 0.04|-0.02| 0.12|-0.08| 0.10|     |172.62971|+43.17324
      73|100067|6179| 4.37|-0.31|  69.2| 16.4| 13.9| 9.37| 0.123| 0.220| 0.65|Simbad| 0.05| 0.17| 0.20|     | 0.05| 0.07| 0.06| 0.04| -0.04| 0.26| 0.00| 0.05| 0.04|-0.02|-0.03|-0.21|-0.04|-0.03|-0.15| 0.08| 0.04| 0.00| 0.07| 0.05|-0.01|     | 0.18|172.75439|+32.31664
      74|100446|5996| 4.25|-0.45| -22.2|-48.0|  6.0| 6.99| 0.045| 0.230| 0.90|Simbad| 0.18|     | 0.29| 0.19| 0.09| 0.11| 0.13| 0.02|  0.08| 0.29| 0.07| 0.03| 0.04|-0.02|-0.06|-0.15|-0.01|-0.02|-0.06| 0.08|     | 0.03|-0.04| 0.08|-0.02| 0.10|     |173.52943|+65.24253
      75|101472|6043| 4.41|-0.15|  -7.2|  9.6| -4.0| 8.75| 0.030| 0.040|-0.98|Simbad| 0.16|     | 0.26|     |-0.12|-0.02|-0.04| 0.00|  0.10| 0.16|-0.04|-0.05|-0.02|-0.06| 0.03|-0.13|-0.10|-0.06|-0.21|-0.02| 0.13| 0.12| 0.08| 0.23| 0.03|     |-0.02|175.15245|-08.40565
      76|101676|6071| 4.10|-0.46| -31.8| -0.1|-46.9| 8.51| 0.444| 0.100| 0.81|Simbad| 0.22|     | 0.34| 0.08| 0.09| 0.17| 0.15| 0.09|  0.08| 0.37| 0.04| 0.08| 0.06| 0.01|-0.01|-0.17| 0.03| 0.00|-0.05| 0.08| 0.01| 0.00| 0.18| 0.03| 0.08| 0.07| 0.09|175.51651|+12.28491
      77|101716|5879| 3.70|-0.18|   1.4|-24.1|-21.8| 7.62| 0.171| 0.120| 0.42|Simbad| 0.19|     | 0.38| 0.12| 0.05| 0.13| 0.10| 0.07|  0.19| 0.40| 0.04|-0.01| 0.01|-0.07| 0.00|-0.11|-0.02|-0.02|-0.07| 0.05| 0.07| 0.09|     | 0.12| 0.12|     |-0.03|175.64410|+43.78944
      78|102080|6006| 4.22|-0.36| -46.1|-32.7|  2.7| 7.49| 0.020| 0.210| 0.81|Simbad| 0.14|     | 0.22| 0.29| 0.05| 0.05| 0.10| 0.04|  0.09| 0.28| 0.03| 0.02| 0.02| 0.05|-0.02|-0.11|-0.02| 0.01|-0.05| 0.08| 0.07|-0.04|-0.08|-0.05|-0.09| 0.02| 0.04|176.24329|+27.40714
      79|102618|5935| 4.13|-0.31|   6.1|  2.2|-41.1| 8.51| 0.359| 0.020| 0.84|Simbad| 0.18|     | 0.34| 0.12| 0.04| 0.05| 0.08| 0.05|  0.12| 0.33| 0.03| 0.03| 0.02|-0.10|-0.02|-0.14|-0.03|-0.02|-0.06| 0.15|-0.03|-0.05|-0.02|-0.02|-0.08|     |     |177.21367|+18.82308
      80|103891|5978| 3.75|-0.25|  17.5|-11.5| 14.1| 8.03| 0.109| 0.080| 0.41|Simbad| 0.04|     | 0.19| 0.05| 0.07| 0.06| 0.08| 0.04|  0.06| 0.41| 0.05|-0.01| 0.05| 0.00| 0.03|-0.14|-0.05|-0.01|-0.09| 0.00| 0.09|-0.01| 0.08| 0.00|-0.03| 0.09| 0.07|179.43876|-08.54871
      81|106510|5818| 4.40|-0.46|  -0.5|  7.5| 46.5| 8.72| 0.427| 0.025| 0.85|Simbad| 0.14|     | 0.30|     | 0.03| 0.10| 0.10| 0.07|  0.19| 0.12| 0.03| 0.12| 0.06|-0.02|-0.01|-0.15| 0.01|-0.01|-0.03| 0.09|-0.11| 0.00|     |-0.09| 0.07| 0.16| 0.09|183.75609|+30.14151
      82|107038|5876| 3.88|-0.39| -12.0|-11.8|-15.5| 8.01| 0.119| 0.073| 0.58|Simbad| 0.11|     | 0.18| 0.09| 0.08| 0.09| 0.08| 0.06|  0.05| 0.33| 0.05| 0.01| 0.05| 0.98|-0.03|-0.15|-0.05|-0.01|-0.07| 0.02|-0.05|-0.08|-0.14|-0.04|-0.09|-0.02| 0.06|184.63383|-08.90442
      83|108134|5755| 4.22|-0.38| -52.5| -2.6|-29.7| 8.50| 0.261| 0.160| 1.07|Simbad| 0.23|     | 0.32|     | 0.03| 0.03| 0.13| 0.06|  0.21| 0.11| 0.05| 0.05|-0.01|-0.06|-0.04|-0.11| 0.00|-0.02|-0.08| 0.03|-0.07|-0.10|-0.03|-0.15|-0.09|-0.04|-0.06|186.27140|+60.69735
      84|109154|5944| 3.77|-0.42| -38.5|  6.6| 16.9| 8.74| 0.139| 0.120| 0.51|Simbad| 0.23|     | 0.43| 0.09| 0.11| 0.07|-0.04| 0.10|  0.13| 0.39| 0.08| 0.03| 0.08| 0.03|-0.04|-0.20|-0.06| 0.00|-0.11| 0.02| 0.38| 0.09| 0.29| 0.06|-0.03| 0.09| 0.15|187.97837|+68.51473
      85|109303|5903| 4.01|-0.44|  20.7|-22.7| 33.7| 7.70| 0.283| 0.130| 0.84|Simbad| 0.32|     | 0.55| 0.09| 0.11| 0.07| 0.11| 0.08|  0.14| 0.34| 0.04| 0.11| 0.01|-0.07|-0.05|-0.20|-0.06|-0.03|-0.14| 0.07| 0.05| 0.11| 0.19| 0.20|-0.07| 0.12| 0.23|188.32929|+49.30190
      86|110989|5978| 3.87|-0.48| -49.3|-23.8| -0.5| 7.77| 0.003| 0.190| 0.59|Simbad| 0.22|     | 0.59| 0.18| 0.16| 0.33| 0.31| 0.23|  0.20| 0.50| 0.18| 0.08| 0.26| 0.04|-0.02|-0.28| 0.15| 0.04|-0.06| 0.24| 0.10|-0.11|-0.01|-0.28|-0.18|     |     |191.50962|+02.59301
      87|112756|5993| 4.40|-0.35|  18.7| 17.6| -8.3| 9.08| 0.067| 0.080| 0.65|Simbad| 0.12| 0.58| 0.22|     | 0.00| 0.10| 0.04| 0.04| -0.01| 0.15| 0.01| 0.05| 0.06|-0.03|-0.04|-0.17|-0.04|-0.06|-0.15| 0.02| 0.02| 0.07|     | 0.08| 0.09| 0.23| 0.24|194.72964|+05.10646
      88|112887|6422| 3.88|-0.32| -17.0|  7.3|  0.3| 8.68| 0.002| 0.055| 0.36|Simbad|-0.02|     | 0.34|     | 0.10| 0.11| 0.01| 0.06| -0.02|     | 0.11| 0.03| 0.15| 0.08|-0.01|-0.15| 0.08|-0.04|-0.20| 0.02|     | 0.12| 0.07| 0.30| 0.19| 0.09| 0.14|194.88729|+28.06566
      89|118687|5994| 4.44|-0.45| -17.2|-25.6| 36.6| 7.61| 0.311| 0.130| 0.65|Simbad| 0.25|     | 0.34|     | 0.08| 0.08| 0.12| 0.07|  0.16| 0.25| 0.01| 0.12| 0.02|-0.05|-0.03|-0.14| 0.00|-0.01|-0.08| 0.03| 0.09| 0.21| 0.11| 0.20| 0.15|     |     |204.39517|+41.43483
      90|121560|6081| 4.40|-0.38|  18.9|-14.7|  5.8| 7.92| 0.044| 0.095| 0.65|Simbad| 0.07|     | 0.25| 0.15| 0.04| 0.04| 0.04| 0.00|  0.04| 0.22| 0.04| 0.06| 0.00|-0.04|-0.06|-0.17|-0.06|-0.04|-0.10| 0.06| 0.04| 0.14|-0.02| 0.01| 0.05| 0.09|     |208.95831|+14.05650
      91|124819|6079| 4.17|-0.28| -14.0|  2.8| -2.0| 8.50| 0.015| 0.043| 0.74|Simbad| 0.13|     | 0.36|     | 0.03|-0.03| 0.05| 0.06|  0.11| 0.17| 0.04|     |-0.01|-0.05|-0.03|-0.16|-0.04|-0.05|     | 0.08|     |-0.13|     |-0.09|-0.10|     |     |213.52240|+54.63746
      92|126053|5597| 4.44|-0.41| -31.8|-10.1|-32.8| 8.14| 0.280| 0.110|     |Simbad| 0.18|     | 0.25|     | 0.00| 0.04| 0.14| 0.07|  0.12| 0.06| 0.04| 0.15| 0.07|-0.01|-0.02|-0.09| 0.01|-0.01| 0.01| 0.16|-0.13|-0.04|-0.15|-0.12|-0.02| 0.01| 0.32|215.81369|+01.24157
      93|127667|6038| 4.22|-0.39|  42.0|-37.9| 20.4| 7.33| 0.163| 0.220| 0.79|Simbad| 0.10|     | 0.26| 0.15| 0.07| 0.08| 0.00| 0.05|  0.01| 0.27| 0.00|-0.02|-0.01| 0.00|-0.04|-0.12|-0.02|-0.01|-0.11| 0.04|-0.01|-0.08| 0.00|-0.03| 0.06| 0.14|     |218.01885|+18.83607
      94|130253|5749| 3.79|-0.23| -56.8|-18.5|-38.0| 8.01| 0.345| 0.200| 0.58|Simbad| 0.18|     | 0.29|-0.01| 0.08| 0.08| 0.17| 0.07|  0.18| 0.19| 0.08| 0.00| 0.01|-0.06|-0.02|-0.14|-0.01| 0.01|-0.07|-0.05|-0.07|-0.05|-0.03|-0.12|-0.08| 0.04|-0.06|221.50986|+36.89124
      95|131039|6164| 3.88|-0.23| -25.9|-30.3|  5.2| 7.47| 0.039| 0.160| 0.43|Simbad| 0.12|     | 0.41|     | 0.04|     | 0.13| 0.09|  0.07|     | 0.05|-0.05|-0.05| 0.13|-0.03|-0.19|-0.02|-0.04|-0.22|     |     | 0.09|     | 0.12| 0.00|     |     |222.27740|+56.89598
      96|131599|6091| 4.33|-0.44|  -7.4|  6.2|  0.3| 8.62| 0.002| 0.030| 0.77|Simbad| 0.24|     | 0.37|     | 0.07| 0.06| 0.09| 0.04|  0.20| 0.25| 0.04| 0.05| 0.01|-0.06|-0.02|-0.19|-0.01|-0.03|-0.05| 0.06| 0.01| 0.03| 0.08| 0.00| 0.04|-0.07|     |223.31575|+40.81669
      97|133641|6032| 3.91|-0.42| -23.7|-37.2| 40.5| 7.30| 0.354| 0.190| 0.62|Simbad| 0.20|     | 0.36|     | 0.14| 0.06| 0.13| 0.08|  0.10|     | 0.12|-0.08| 0.07| 0.20| 0.04|-0.11|-0.06|-0.04|-0.18| 0.02| 0.14|-0.05|-0.26|-0.07| 0.00|-0.11| 0.06|226.18810|+25.46026
      98|136925|5615| 4.25|-0.38|  45.0|-48.6| -0.1| 7.05| 0.001| 0.260|     |Simbad| 0.33|     | 0.49|     | 0.11| 0.21| 0.30| 0.20|  0.28| 0.20| 0.13| 0.22| 0.19| 0.07|-0.01|-0.20| 0.11| 0.05| 0.07| 0.27|-0.09|-0.02|     |-0.20| 0.01| 0.24|     |230.71695|+13.36643
      99|139457|5953| 4.06|-0.49| -97.3|-24.6| -9.1| 8.20| 0.077| 0.320| 0.86|Simbad| 0.28|     | 0.38|     | 0.08| 0.08| 0.11| 0.08|  0.16| 0.42| 0.07| 0.06| 0.08| 0.09|-0.02|-0.16|-0.05|-0.02|-0.09| 0.05|-0.05|-0.03|-0.04|-0.06| 0.02| 0.04| 0.07|234.49672|+10.23988
     100|140324|5822| 4.06|-0.36| -30.8|  0.6| 34.8| 8.50| 0.305| 0.090| 0.86|Simbad| 0.23|     | 0.35|     | 0.04| 0.12| 0.11| 0.08|  0.16| 0.24| 0.01| 0.10| 0.04| 0.06| 0.00|-0.15| 0.00|-0.01|-0.04| 0.11|     | 0.29|     | 0.18| 0.29|     |     |235.72688|+04.10201
     101|140750|5597| 3.98|-0.37| -37.0|-29.8| -5.9| 7.53| 0.045| 0.180|     |Simbad| 0.39|     | 0.51| 0.33| 0.06|-0.05| 0.16| 0.11|  0.35| 0.17| 0.04| 0.13|-0.02|-0.09|-0.02|-0.14| 0.01| 0.01|-0.04| 0.18|-0.08| 0.04| 0.00|-0.05| 0.01| 0.03| 0.19|236.31313|+04.70822
     102|145937|5813| 4.07|-0.60| -65.3|  8.4| 10.8| 9.00| 0.091| 0.200|     |Simbad| 0.23|     | 0.49|     | 0.08| 0.11| 0.16| 0.08|  0.17| 0.36| 0.11| 0.06| 0.07| 0.01| 0.00|-0.16| 0.02|-0.02|-0.12| 0.04|-0.03|-0.13|-0.15|-0.22|-0.19| 0.00|     |243.47470|-06.90862
     103|146946|5691| 4.30|-0.37|  34.1| 21.9|-28.6| 9.34| 0.259| 0.130|     |Simbad| 0.30|     | 0.30| 0.05| 0.09| 0.05| 0.15| 0.04|  0.24| 0.25|     |-0.07| 0.13| 0.17|-0.02|-0.07|-0.06|-0.05|-0.11|-0.01| 0.01|     |     | 0.00| 0.03|     |     |244.44152|+31.80438
     104|148049|5955| 4.18|-0.36| -11.3| -9.1|-24.2| 8.10| 0.193| 0.060| 0.85|Simbad| 0.19|     | 0.28| 0.00| 0.07| 0.09| 0.09| 0.05|  0.16| 0.35| 0.05| 0.02| 0.04| 0.03|-0.07|-0.14| 0.00|-0.02|-0.07| 0.08|     |-0.06|-0.04|-0.04|-0.11|-0.06|     |245.77953|+50.34421
     105|149576|6380| 4.12|-0.17|  47.9|-42.4|  3.6|10.50| 0.458| 0.190| 0.45|Simbad| 0.12|     | 0.33|     | 0.05|     | 0.04| 0.03|  0.05|     | 0.06|-0.09|-0.08|     |-0.04|-0.16|-0.12|-0.07|-0.20|     |     | 0.18|     |     | 0.08|     |     |248.38411|+46.55346
     106|152449|6096| 4.18|-0.05|   7.3|-15.0|  6.1| 7.90| 0.045| 0.080| 0.57|Simbad| 0.06|     | 0.21|     | 0.00| 0.01| 0.02| 0.02|  0.12| 0.18|-0.01|-0.02|-0.08|-0.09|-0.03|-0.13|-0.07|-0.03|-0.20|-0.02| 0.06| 0.02|-0.15|-0.02|-0.07|-0.12|     |253.37129|-01.13048
     107|152986|6074| 4.25|-0.17|   5.9|  9.1| 19.3| 8.73| 0.154| 0.030| 0.68|Simbad| 0.18|     | 0.23|     | 0.08| 0.03| 0.02| 0.05|  0.10|     |-0.01| 0.00|-0.02| 0.00|-0.02|-0.14|-0.04|-0.03|-0.08| 0.05| 0.08| 0.08| 0.04| 0.05| 0.04| 0.00|-0.01|254.22362|-02.04860
     108|153240|6135| 4.31|-0.09|   8.6|-15.0|  3.4| 7.90| 0.025| 0.081| 0.44|Simbad| 0.11|     | 0.24|     |     |     | 0.02| 0.04|  0.18|     | 0.06|-0.09|     | 0.14| 0.08|-0.12|-0.05|-0.04|-0.23|     |     | 0.08|     | 0.10|-0.04|     |     |254.57895|-04.34350
     109|153627|5827| 4.22|-0.38| -25.2|  2.2|-16.1| 8.52| 0.128| 0.080| 0.97|Simbad| 0.26|     | 0.34|     | 0.07| 0.11| 0.12| 0.08|  0.19|     | 0.02| 0.09| 0.02|-0.07|-0.04|-0.16|-0.01| 0.00|-0.02| 0.15|-0.02| 0.03| 0.02|-0.04| 0.02| 0.09|     |255.06821|+10.82281
     110|153668|6029| 4.20|-0.22|  16.9| -4.2| 28.9| 8.28| 0.237| 0.060| 0.72|Simbad| 0.16| 0.12| 0.26|     | 0.06|-0.03| 0.05| 0.05|  0.15| 0.26| 0.01| 0.04| 0.00|-0.08|-0.02|-0.14|-0.04|-0.03|-0.07| 0.05| 0.03| 0.03|-0.04| 0.01| 0.01|     |     |254.60468|+48.00095
     111|155646|6201| 3.80|-0.07| -75.0| 11.5| 14.2| 9.23| 0.125| 0.230| 0.33|Simbad|-0.03|     | 0.34|     | 0.00| 0.07| 0.04| 0.04|  0.02| 0.37| 0.02| 0.02| 0.03|-0.05|-0.01|-0.15|-0.04|-0.03|-0.18|-0.03|     | 0.10| 0.07| 0.29| 0.11| 0.01|     |258.22644|+00.35203
     112|156635|6136| 4.28|-0.10|   0.3|-22.5| 10.7| 7.66| 0.081| 0.110| 0.65|Simbad| 0.33| 0.51| 0.26|     | 0.10| 0.00| 0.03| 0.07|  0.12| 0.21| 0.04| 0.03| 0.00|-0.01|-0.03|-0.10|-0.01| 0.01| 0.00| 0.06|     | 0.07|-0.02| 0.06|-0.02|     |     |259.71015|-02.81058
     113|157466|5932| 4.41|-0.41| -49.8| 20.9| 11.4| 9.38| 0.097| 0.170| 0.46|Simbad| 0.18|     | 0.24|     |-0.01| 0.02| 0.07| 0.02|  0.05| 0.08| 0.00| 0.00|-0.04|-0.06|-0.06|-0.20|-0.02|-0.08|-0.18|-0.01|-0.04|-0.04|-0.04| 0.01| 0.04|     |     |260.61521|+24.87945
     114|157467|6016| 3.72| 0.11|   9.7|-16.9|  5.2| 7.84| 0.039| 0.090|     |Simbad| 0.04| 0.03| 0.19|     | 0.06| 0.08| 0.22| 0.10|  0.13| 0.25|-0.05|-0.19|-0.04|-0.07|     |-0.04|-0.03| 0.02|-0.06| 0.01|     |-0.12|     |-0.17|-0.26|     |     |260.86261|-03.12209
     115|159333|5863| 3.79|-0.27|  -2.2|-30.7| -7.2| 7.42| 0.054| 0.150| 0.48|Simbad| 0.26|     | 0.39|     | 0.11| 0.03| 0.11| 0.09|  0.21| 0.26| 0.04| 0.00| 0.00|-0.09|-0.01|-0.11|-0.02| 0.00|-0.01| 0.04| 0.00| 0.01| 0.00| 0.03|-0.05| 0.01|     |263.47006|+08.10378
     116|160078|6015| 4.05|-0.14| -50.6| -6.3|-16.7| 8.35| 0.137| 0.160| 0.59|Simbad| 0.24| 0.29| 0.50|-0.13|     | 0.02| 0.07| 0.11|  0.20| 0.42| 0.04|-0.11|-0.05|-0.07| 0.02|-0.16|-0.07|-0.02|-0.19| 0.01|     | 0.04| 0.01| 0.08|-0.03|     | 0.05|263.53828|+60.08937
     117|163363|6038| 3.79| 0.00| -72.8|  7.7|-13.8| 9.05| 0.120| 0.220| 0.38|Simbad| 0.05|     | 0.17|     | 0.09| 0.15| 0.08| 0.01|  0.04|     | 0.02|-0.22|-0.02|-0.02|-0.03|-0.07|-0.01|-0.01|     |     |-0.02|-0.16|     |-0.14|-0.21|     |     |268.81451|+15.28040
     118|167588|5829| 3.93|-0.37| -51.2|-12.2| -9.9| 8.15| 0.079| 0.170| 0.69|Simbad| 0.19|     | 0.29|     | 0.05| 0.08| 0.13| 0.04|  0.11| 0.28| 0.00| 0.08| 0.06| 0.00| 0.01|-0.20|-0.01|-0.02|-0.07| 0.01|-0.06|-0.08|     |-0.04| 0.06|     |     |273.68333|+29.20731
     119|169359|5809| 4.12|-0.31| -16.5|  9.5|-31.6| 8.78| 0.271| 0.060| 0.93|Simbad| 0.24|     | 0.30|     | 0.00| 0.09| 0.08| 0.08|  0.14| 0.19|-0.01| 0.10| 0.01|-0.03|-0.04|-0.13|-0.02|-0.03|-0.06| 0.06|-0.07|-0.02| 0.00|-0.03| 0.04| 0.03|     |275.94609|+14.90773
     120|171620|6019| 4.18|-0.46|  56.7| 10.2|-31.3| 9.02| 0.288| 0.180| 0.88|Simbad| 0.26|     | 0.30| 0.26| 0.12| 0.06| 0.12| 0.07|  0.08|     | 0.06|-0.01| 0.00|-0.01|-0.05|-0.18|-0.05|-0.01|-0.05| 0.03|-0.04|-0.09|-0.15| 0.01|-0.02|-0.01|     |278.62789|+34.41564
     121|171886|6290| 4.27|-0.33|  27.8|-45.1| -9.3| 7.08| 0.071| 0.220| 0.55|Simbad| 0.07|     | 0.33|     | 0.00|     | 0.02| 0.05|  0.00|     | 0.06| 0.02|-0.01| 0.02|     |-0.16| 0.01|-0.06|-0.16|     |     |     |     | 0.14| 0.05|     |     |278.81039|+41.58155
     122|174160|6196| 4.34|-0.09| -11.8|  8.7|  4.4| 8.72| 0.034| 0.040| 0.10|Simbad| 0.11| 0.17| 0.21|-0.12| 0.06| 0.06| 0.04| 0.03|  0.03| 0.26| 0.03| 0.04|-0.02| 0.01| 0.07|-0.15|-0.09|-0.04|-0.17|-0.06| 0.10| 0.05| 0.08| 0.06| 0.03| 0.00|     |282.06834|+23.51475
     123|176796|5974| 3.79|-0.44| -63.2| 10.9|  5.1| 9.08| 0.043| 0.200| 0.52|Simbad| 0.22|     | 0.44|     | 0.14| 0.10| 0.14| 0.12|  0.19| 0.39| 0.07| 0.05| 0.06| 0.09| 0.02|-0.18| 0.00| 0.00|-0.08| 0.07| 0.10| 0.05| 0.02| 0.04| 0.04| 0.06|     |284.34801|+64.83061
     124|182758|5894| 4.13|-0.53| -26.8|  5.3|-27.6| 8.65| 0.233| 0.080| 1.08|Simbad| 0.15|     | 0.39|     | 0.03| 0.12| 0.17| 0.04|  0.13| 0.30| 0.00| 0.05| 0.07|-0.04|-0.07|-0.21|-0.02|-0.03|-0.06| 0.18|-0.05|-0.15|-0.15|-0.13|-0.08|-0.05|     |291.23393|+31.80119
     125|186379|5806| 3.99|-0.39| -42.2|-21.5|-38.0| 7.83| 0.336| 0.160| 0.77|Simbad| 0.12|     | 0.28| 0.19| 0.01| 0.08| 0.14| 0.06|  0.13| 0.22| 0.01| 0.01| 0.05|-0.01|-0.02|-0.18|-0.01|-0.03|-0.06| 0.05|-0.12|-0.13|-0.10|-0.20|-0.11| 0.01| 0.22|295.77929|+24.59794
     126|186408|5670| 4.32| 0.00| -28.0|-24.9|  7.0| 7.64| 0.053| 0.150| 0.82|Simbad| 0.18|     | 0.21| 0.03| 0.00| 0.01| 0.08| 0.06|  0.21|-0.02|-0.01| 0.15|-0.04|-0.09|-0.05|-0.07|-0.01| 0.02| 0.00| 0.06|-0.09| 0.08| 0.03| 0.04| 0.06| 0.14|     |295.45397|+50.52506
     127|190681|6105| 3.95|-0.08| -38.5|-21.2|  3.7| 7.79| 0.028| 0.160| 0.46|Simbad| 0.12|     | 0.25|     | 0.09|-0.02| 0.03| 0.06|  0.12|     | 0.05|-0.04|-0.05|-0.04|-0.03|-0.14|-0.03|-0.04|-0.07| 0.04|     | 0.03| 0.01|-0.01|-0.09|-0.18|     |301.55176|-01.71891
     128|191649|5911| 4.23|-0.26|  11.5| -1.3|  3.2| 8.36| 0.024| 0.040| 0.81|Simbad| 0.22|     | 0.32|     | 0.02| 0.01|-0.05| 0.08|  0.20| 0.25| 0.03|-0.02|-0.01|-0.07|-0.03|-0.15|-0.06|-0.03|-0.13| 0.00| 0.01|-0.02| 0.06|-0.06| 0.03| 0.23|     |302.17880|+50.58632
     129|191672|5963| 4.10|-0.46|  17.1|-18.0|  2.6| 7.82| 0.019| 0.100| 0.89|Simbad| 0.15|     | 0.30| 0.18| 0.07| 0.09| 0.11| 0.08|  0.09| 0.34| 0.08| 0.04| 0.06| 0.03| 0.02|-0.16|-0.01|-0.01|-0.06| 0.04|-0.06|-0.04|-0.14|-0.17|-0.17|     |     |302.58896|+21.23941
     130|192145|5964| 3.89|-0.35|  -4.6|-19.4| 19.9| 7.76| 0.155| 0.090| 0.57|Simbad| 0.14|     | 0.31|     | 0.13| 0.09| 0.09| 0.07|  0.16| 0.33| 0.03| 0.02| 0.00|-0.02|-0.01|-0.14| 0.01| 0.00|-0.04| 0.08| 0.02|-0.03|-0.14|-0.04|-0.02|-0.19|     |303.21211|+16.09546
     131|193664|5782| 4.44|-0.19|  30.6| -0.3|-14.5| 8.45| 0.115| 0.090| 0.85|Simbad| 0.13|     | 0.17| 0.10|-0.05| 0.00| 0.01| 0.02|  0.18| 0.06|-0.02| 0.02|-0.03|-0.10|-0.02|-0.11|-0.08|-0.04|-0.11| 0.04| 0.01| 0.10| 0.08| 0.06| 0.16| 0.16|     |304.38053|+66.85369
     132|194497|6327| 3.91|-0.29|  34.4|-24.2| 14.2| 7.69| 0.111| 0.160| 0.43|Simbad|-0.04|-0.02| 0.22|     | 0.03|-0.01|-0.01| 0.03|  0.00| 0.46| 0.04| 0.05| 0.07| 0.00| 0.01|-0.18|-0.03|-0.05|-0.09|-0.02| 0.15| 0.07|-0.12| 0.17| 0.12| 0.12|     |306.50929|-03.86473
     133|195200|6031| 4.21|-0.20|  -8.6|-19.6| -3.0| 7.75| 0.022| 0.100| 0.72|Simbad| 0.16| 0.03| 0.25|     | 0.01|-0.01| 0.06| 0.01|  0.11| 0.17|-0.02|-0.03|-0.04|-0.06|-0.03|-0.12|-0.06|-0.05|-0.09| 0.02| 0.03| 0.04|-0.01| 0.05| 0.01|-0.02|     |307.50676|-04.43765
     134|198089|5770| 4.35|-0.30|  13.3|-17.2| 18.1| 7.84| 0.141| 0.090| 0.85|Simbad| 0.19|     | 0.30|     | 0.02| 0.07| 0.10| 0.06|  0.19| 0.10| 0.00| 0.11| 0.02|-0.01|-0.06|-0.13| 0.00|-0.02|-0.03| 0.10|-0.15|-0.03|-0.04|-0.04|-0.03| 0.07| 0.24|311.90780|+12.98625
     135|198109|6095| 4.21|-0.44|  -5.0| 22.7|-29.6| 9.29| 0.262| 0.080| 0.83|Simbad| 0.19|     | 0.29|     | 0.06| 0.07| 0.06| 0.03|  0.04| 0.33| 0.03| 0.02| 0.06| 0.02|-0.06|-0.17|-0.02|-0.05|-0.13| 0.00|-0.09|-0.06|-0.06|-0.11|-0.03| 0.01|     |311.91002|+16.23844
     136|198390|6337| 4.31|-0.32|   0.8| 17.4|  7.2| 9.05| 0.057| 0.060| 0.53|Simbad| 0.09|     | 0.34|     | 0.03| 0.05| 0.01| 0.02|  0.05| 0.37| 0.08|-0.01| 0.00| 0.15|-0.05|-0.20|-0.09|-0.05|-0.20| 0.04| 0.12| 0.10|     | 0.21| 0.14|     |     |312.40737|+12.54513
     137|199085|6391| 4.31|-0.11|   8.6|-16.4| 15.2| 7.86| 0.117| 0.090| 0.35|Simbad| 0.04|     | 0.14|     |-0.01|-0.04|-0.01| 0.01| -0.08| 0.36| 0.04| 0.01|-0.03| 0.15| 0.00|-0.10|-0.14|-0.06|-0.12| 0.00|     | 0.13|-0.03| 0.19| 0.09|     |     |313.72565|-01.37576
     138|200580|5853| 4.05|-0.54|-106.0|-69.6| 16.4| 7.06| 0.139| 0.440| 0.98|Simbad| 0.07|     | 0.17|     | 0.18| 0.06| 0.17| 0.01|      | 0.26| 0.09|-0.13| 0.15| 0.18| 0.04|-0.06| 0.00|-0.01|-0.09|-0.01| 0.03|-0.23|     |-0.17|-0.12|-0.09|     |316.03079|+02.99448
     139|201444|5926| 3.83|-0.63|  27.9|  2.2| 16.5| 8.53| 0.132| 0.080| 0.64|Simbad| 0.30|     | 0.53|     | 0.14| 0.12| 0.16| 0.13|  0.16| 0.45| 0.06| 0.08| 0.07|-0.04|-0.05|-0.23| 0.02|-0.03|-0.09| 0.07|     | 0.04| 0.00| 0.12| 0.12| 0.13| 0.29|317.09148|+39.67139
     140|201490|6006| 4.06|-0.23|  22.5|  3.0|-20.3| 8.54| 0.164| 0.070| 0.67|Simbad| 0.06| 0.28| 0.19|-0.02| 0.03| 0.04| 0.07| 0.03|  0.02| 0.26| 0.03|-0.11| 0.01|-0.01|-0.04|-0.14|-0.04|-0.01|-0.10|-0.03|-0.01|-0.10|-0.01|-0.10|-0.19|     | 0.04|317.29446|+30.37645
     141|201639|6071| 4.18|-0.54| -27.0| 43.1| 32.4|10.30| 0.324| 0.190| 0.92|Simbad| 0.25|     | 0.22|     | 0.09| 0.09| 0.07| 0.09|  0.14| 0.28| 0.07| 0.06| 0.04|-0.01|-0.02|-0.15|-0.02|-0.01|-0.08| 0.07| 0.02| 0.01|-0.06| 0.05| 0.07|     | 0.24|317.55938|+20.74363
     142|201835|6172| 4.11|-0.39|  27.7| 46.3| -6.3|10.40| 0.057| 0.200| 0.67|Simbad| 0.12|     | 0.35|     | 0.07| 0.13| 0.13| 0.11|  0.03|     | 0.14| 0.10| 0.10| 0.12| 0.04|-0.17| 0.06| 0.01|-0.12|-0.01|     | 0.03|     | 0.14| 0.11|     |     |317.57841|+52.43068
     143|202884|6141| 4.36|-0.24|   5.4| -1.4|-16.9| 8.35| 0.130| 0.020| 0.65|Simbad| 0.09|     | 0.21|     |-0.01| 0.04| 0.04| 0.02|  0.05| 0.20| 0.01| 0.01| 0.02|-0.02|-0.04|-0.20|-0.01|-0.05|-0.19| 0.00| 0.06| 0.08|-0.04| 0.18| 0.05| 0.13| 0.24|319.65490|+08.95966
     144|204306|5892| 4.09|-0.66| -14.9| 28.1|-11.9| 9.52| 0.100| 0.110|     |Simbad| 0.30|     | 0.53|     | 0.10| 0.14| 0.17| 0.14|  0.27| 0.29| 0.10| 0.12| 0.07|-0.01|-0.01|-0.20| 0.07| 0.00|-0.09| 0.13|-0.05|-0.03|-0.10|-0.04|-0.15| 0.03|     |321.60731|+43.11940
     145|204559|6028| 4.23|-0.36|  24.3|-13.5| 17.2| 7.98| 0.135| 0.100| 0.79|Simbad| 0.15| 0.41| 0.32| 0.17| 0.06| 0.06| 0.08| 0.04|  0.07| 0.30| 0.03| 0.02| 0.04|-0.04|-0.03|-0.13|-0.06|-0.02|-0.10| 0.05|-0.05|-0.02| 0.02| 0.06| 0.03|     |     |322.18104|+26.56979
     146|204712|5888| 4.12|-0.48| -46.5|-38.7| 17.5| 7.33| 0.139| 0.230| 0.97|Simbad| 0.26|     | 0.44|     | 0.08| 0.11| 0.09| 0.10|  0.18| 0.32| 0.07| 0.14| 0.07|-0.06|-0.04|-0.19| 0.03|-0.01|-0.04| 0.14|-0.05| 0.02| 0.00|-0.01|-0.08| 0.08| 0.18|322.53518|+12.27069
     147|206860|5820| 4.48|-0.12|   4.6|-16.1| -3.8| 7.86| 0.028| 0.080| 0.35|Simbad| 0.11| 0.20| 0.22|     | 0.00|-0.11|-0.01| 0.02|  0.18| 0.12|-0.01|-0.03|-0.02|-0.11| 0.00|-0.14|-0.18|-0.04|-0.18| 0.07| 0.09| 0.18| 0.07| 0.29| 0.18|     | 0.12|326.13054|+14.77194
     148|209320|5994| 4.14|-0.18|   7.6|-39.4| 28.4| 7.20| 0.230| 0.180| 0.72|Simbad| 0.20|     | 0.34|     | 0.05| 0.08| 0.10| 0.08|  0.21|     | 0.05|-0.04|-0.06| 0.02| 0.03|-0.09|-0.05| 0.00|-0.07|-0.02| 0.02| 0.01| 0.05|-0.02|-0.03|-0.06|     |330.50598|+23.49557
     149|209858|5911| 4.26|-0.27| -32.5|-16.0|-34.4| 7.95| 0.295| 0.130| 0.80|Simbad| 0.20|     | 0.27|     | 0.05| 0.00| 0.04| 0.04|  0.17| 0.15| 0.01| 0.04| 0.01|-0.05|-0.03|-0.13|-0.04|-0.03|-0.03| 0.05|-0.08|-0.02|-0.01|-0.03|-0.02| 0.06| 0.16|331.47521|+27.96704
     150|210457|6152| 4.02|-0.27|  -3.4|-11.1|  1.4| 8.02| 0.010| 0.060| 0.54|Simbad| 0.11|     | 0.31| 0.01| 0.09| 0.03| 0.03| 0.05|  0.12| 0.34| 0.00|-0.04| 0.00|-0.06|-0.01|-0.18|-0.04|-0.04|-0.17| 0.00| 0.09| 0.05| 0.03| 0.14|-0.11| 0.01| 0.09|332.36778|+46.92081
     151|210640|6218| 3.96|-0.36|   7.7|  0.9|-19.3| 8.44| 0.151| 0.030| 0.57|Simbad| 0.08|     | 0.37|     | 0.05| 0.03| 0.03| 0.08|  0.07| 0.33| 0.08|-0.13| 0.04| 0.01|-0.02|-0.07|-0.04|-0.04|-0.17| 0.03|     | 0.01|     | 0.05| 0.09|     |     |332.23226|+70.24020
     152|210718|6025| 3.81|-0.34|  14.9| -2.5| 22.0| 8.33| 0.175| 0.050| 0.45|Simbad| 0.04|     | 0.18|     | 0.08| 0.08| 0.13| 0.07|  0.05| 0.33| 0.06|-0.09| 0.03|-0.03|-0.03|-0.15|-0.06|-0.03|-0.09| 0.03|     |-0.14|-0.24|-0.15|-0.27|     |     |333.05575|+08.46061
     153|210923|6019| 3.96|-0.21|   5.0|  5.2| 23.6| 8.59| 0.189| 0.020| 0.55|Simbad| 0.14|     | 0.33|-0.01| 0.06| 0.05| 0.07| 0.04|  0.12| 0.29| 0.02| 0.03|-0.01|-0.01|-0.03|-0.12|-0.06|-0.03|-0.05| 0.04| 0.05| 0.10| 0.03| 0.11|-0.02| 0.10| 0.02|333.26351|+33.60335
     154|210985|6058| 4.07|-0.57| -26.4|-20.6|  8.6| 7.76| 0.065| 0.130| 0.87|Simbad| 0.08|     | 0.36|     | 0.20| 0.08| 0.17| 0.11|  0.11| 0.32| 0.14|-0.04| 0.08|     |-0.01|-0.20| 0.01|-0.02|-0.08| 0.00|     |-0.02|     |-0.09| 0.09|     |     |333.51127|+05.77477
     155|212858|5856| 4.25|-0.39|  56.9| 34.6|-12.7|10.10| 0.116| 0.220| 0.85|Simbad| 0.18|     | 0.29|     | 0.02| 0.04| 0.09| 0.00|  0.05| 0.17|-0.01|-0.01|-0.02|-0.09|-0.04|-0.16|-0.08|-0.04|-0.12| 0.07|-0.03|-0.05|-0.09|-0.06| 0.00| 0.04| 0.10|336.68061|+36.76991
     156|214111|5994| 3.56|-0.14|  52.8| -5.3|  2.4| 8.39| 0.019| 0.170| 0.23|Simbad| 0.17|     | 0.34|     | 0.16| 0.01|     | 0.09|  0.14| 0.38| 0.05|-0.19|     | 0.16| 0.10|-0.10| 0.02| 0.01|     |-0.10|     |     |     |-0.10|-0.23|     | 0.09|338.62855|+63.81978
     157|214435|5908| 4.30|-0.31| -20.6|-27.8|-11.8| 7.53| 0.090| 0.150| 0.87|Simbad| 0.15|     | 0.24|     | 0.02| 0.04| 0.04| 0.03|  0.11| 0.12|-0.01|-0.01|-0.03|-0.05|-0.02|-0.15|-0.05|-0.03|-0.11| 0.07| 0.02| 0.03|-0.07| 0.04| 0.09| 0.03|-0.06|339.46808|+14.98647
     158|214557|5879| 4.08|-0.05| -58.7|-29.4| -9.2| 7.67| 0.073| 0.230| 0.71|Simbad| 0.18| 0.37| 0.26|     | 0.04| 0.07| 0.12| 0.07|  0.20| 0.10|-0.05| 0.10|-0.04|-0.07|-0.01|-0.13|-0.03|-0.01|-0.05| 0.04| 0.00| 0.08| 0.05|-0.06|-0.06|     | 0.25|339.54846|+45.82780
     159|214576|6300| 3.95|-0.55| -27.7| 27.5| -3.8| 9.53| 0.031| 0.130| 0.35|Simbad| 0.13|     | 0.37|     | 0.08| 0.09| 0.01| 0.11|  0.06|     | 0.11| 0.01| 0.07| 0.03| 0.00|-0.19|-0.06|-0.01|-0.20| 0.03| 0.09|-0.02|-0.03| 0.09| 0.08|     |     |339.65894|+33.54492
     160|215442|5872| 3.80|-0.22|  43.8|-15.0| 10.0| 8.01| 0.078| 0.150| 0.16|Simbad| 0.30|     | 0.50|     | 0.08| 0.08|-0.03| 0.11|  0.26|     | 0.04|-0.10|-0.04|-0.10| 0.01|     |-0.03|-0.01|-0.11| 0.00| 0.00| 0.00| 0.02|-0.02|-0.02|     | 0.03|341.08129|+51.44960
     161|216106|5890| 3.74|-0.33| -47.2|-35.3|-24.9| 7.43| 0.205| 0.220| 0.46|Simbad| 0.28|     | 0.43|     | 0.10| 0.12| 0.10| 0.09|  0.22| 0.38| 0.07| 0.01| 0.02|-0.09|-0.03|-0.17|-0.04|-0.02|-0.11| 0.08| 0.06| 0.09|-0.03| 0.22|-0.07| 0.02| 0.02|342.32319|+50.97671
     162|216385|6240| 3.77|-0.16|  48.1| -1.6|-26.8| 8.51| 0.231| 0.150| 0.31|Simbad|-0.04|-0.02| 0.18|     | 0.02| 0.07| 0.03| 0.01| -0.06| 0.40|-0.01|-0.07| 0.02| 0.01| 0.00|-0.15|-0.07|-0.04|-0.16|-0.05| 0.04|-0.11|-0.08| 0.04|-0.14|-0.02|-0.02|343.10031|+09.83566
     163|216631|5985| 4.44|-0.39| -50.9|-36.2|-11.4| 7.42| 0.089| 0.230| 0.65|Simbad| 0.13|     | 0.25|     | 0.02|-0.03| 0.07|-0.02|  0.06| 0.16| 0.00| 0.02| 0.02|-0.03|-0.08|-0.21|-0.11|-0.07|-0.16| 0.02|-0.03| 0.02|-0.09|-0.01|-0.03|     |     |343.50850|+34.19871
     164|217877|5872| 4.28|-0.18|  35.2|-11.7|  1.3| 8.08| 0.010| 0.120| 0.83|Simbad| 0.13| 0.30| 0.22|-0.02| 0.06| 0.05| 0.09| 0.04|  0.16| 0.17| 0.04| 0.08|-0.02|-0.06|-0.03|-0.05|-0.02|-0.01|-0.03| 0.08|-0.03| 0.01|-0.02|-0.03|-0.04| 0.09| 0.01|345.98864|-04.79486
     165|218059|6253| 4.27|-0.27|   2.0|-33.0|-20.1| 7.36| 0.157| 0.150| 0.49|Simbad| 0.03|     | 0.25|     |-0.03| 0.06| 0.00| 0.03|  0.05| 0.26| 0.03|-0.06|-0.01|-0.01| 0.00|-0.15|-0.06|-0.06|-0.20| 0.02| 0.06|-0.02|-0.02| 0.10| 0.06|     |     |346.25067|+04.22540
     166|218172|5958| 3.84|-0.21|  -4.1| 13.2|  7.3| 8.88| 0.057| 0.045| 0.47|Simbad| 0.12| 0.08| 0.28| 0.00| 0.03| 0.00| 0.07| 0.06|  0.13| 0.40| 0.04| 0.04| 0.05|-0.03|-0.01|-0.10|-0.05|-0.04|-0.11| 0.02| 0.08| 0.09| 0.08| 0.08|-0.06| 0.10| 0.11|346.39720|+20.24093
     167|218470|6476| 4.07|-0.06|  19.6| -4.0| 17.4| 8.28| 0.137| 0.067| 0.34|Simbad|-0.01|     | 0.29|     | 0.08| 0.03|     |-0.01|  0.01| 0.33| 0.00|-0.15|-0.03| 0.19|     |-0.16|     |-0.01|-0.21|-0.11|     | 0.04|     | 0.17|-0.04|     |     |346.93910|+49.29578
     168|218637|5981| 3.99|-0.30|  30.6|-52.6| 11.4| 6.89| 0.087| 0.260| 0.66|Simbad| 0.03|     | 0.17|     | 0.10| 0.16| 0.12| 0.08|  0.01| 0.36| 0.09|-0.01| 0.05| 0.05|-0.02|-0.09| 0.03| 0.02| 0.02|-0.04| 0.05|-0.10|     |-0.14|-0.01|-0.06|     |347.39622|+01.92620
     169|219306|5962| 4.06|-0.31|  -6.0|  9.2|-24.0| 8.74| 0.195| 0.030| 0.76|Simbad| 0.15|     | 0.30|     | 0.05| 0.10| 0.07| 0.06|  0.13| 0.28| 0.01| 0.04| 0.03|-0.05|-0.05|-0.18| 0.00| 0.00|-0.04| 0.05| 0.02|-0.01|-0.04| 0.03|-0.11|-0.01|-0.04|348.60835|+43.69809
     170|219476|5879| 3.75|-0.54|  54.2| -3.4| -5.9| 8.47| 0.047| 0.170| 0.60|Simbad| 0.15|     | 0.37|     | 0.12| 0.12| 0.08| 0.08|  0.10| 0.43| 0.05| 0.04| 0.10|-0.03|-0.02|-0.21| 0.00|-0.03|-0.08| 0.06|-0.02|-0.08|-0.08| 0.06|-0.15|-0.02| 0.10|348.92361|+31.67560
     171|219497|5871| 3.92|-0.51| -10.9| 31.3| -4.6| 9.65| 0.038| 0.120| 0.71|Simbad| 0.32|     | 0.44|     | 0.17| 0.09| 0.13| 0.09|  0.31|     | 0.08| 0.08| 0.03|-0.08|-0.04|     | 0.04|-0.05|-0.11| 0.15| 0.06| 0.07| 0.08| 0.04| 0.02| 0.07|     |348.97422|+34.68792
     172|219983|6102| 3.93|-0.20|  36.0|-42.3|-16.6| 7.18| 0.130| 0.220| 0.52|Simbad| 0.02| 0.14| 0.22|-0.02| 0.02| 0.02| 0.08| 0.03|  0.02| 0.37| 0.06|-0.02| 0.04| 0.00|-0.02|-0.13|-0.05|-0.01|-0.12|-0.05| 0.07|-0.02| 0.00| 0.00|-0.08| 0.13|-0.02|350.06604|-03.91914
     173|220842|5761| 4.17|-0.31| -27.0| -7.5| 54.5| 8.25| 0.532| 0.090|     |Simbad| 0.39|     | 0.40| 0.12| 0.02| 0.08| 0.06| 0.07|  0.25| 0.15| 0.01| 0.06|-0.03|-0.10|-0.02|-0.14|-0.03|-0.03| 0.01| 0.16| 0.27| 0.35| 0.27| 0.09| 0.05| 0.12| 0.17|351.65411|+56.88653
     174|220908|5991| 3.94|-0.16|  16.5|-18.9|  6.4| 7.79| 0.048| 0.110| 0.54|Simbad| 0.07|     | 0.31|-0.09| 0.07| 0.04| 0.10| 0.06|  0.15| 0.32| 0.06|-0.02| 0.02| 0.00|-0.01|-0.12|-0.04| 0.00|-0.11| 0.00| 0.04| 0.02| 0.04| 0.03|-0.06|     |     |351.79180|+54.86625
     175|221356|6005| 4.42|-0.24|  -0.9|-28.3|  2.0| 7.49| 0.015| 0.130| 0.65|Simbad|-0.03|     | 0.09|     |-0.06| 0.01| 0.05|-0.01| -0.02| 0.13| 0.06|-0.05| 0.05|-0.02|-0.03|-0.21|-0.04|-0.05|-0.16|-0.06| 0.05| 0.09| 0.08| 0.08| 0.12|     |     |352.88126|-04.08741
     176|222155|5561| 3.94|-0.29|   6.1|-55.9|-23.4| 6.77| 0.185| 0.260| 0.91|Simbad| 0.49|     | 0.38|     | 0.04| 0.11| 0.18| 0.11|  0.27| 0.10| 0.01| 0.13| 0.00|-0.07|-0.02|-0.12| 0.02| 0.00|-0.02| 0.19| 0.11| 0.22| 0.22| 0.16| 0.08| 0.21| 0.25|354.50128|+48.99652
     177|223436|6158| 4.05|-0.04| -64.6|  2.8|-11.0| 8.78| 0.092| 0.200| 0.49|Simbad| 0.12| 0.20| 0.25|     | 0.05| 0.05| 0.06| 0.07| -0.04| 0.26| 0.04|-0.02| 0.01| 0.01| 0.02|-0.08|-0.05|-0.02|-0.05|-0.01| 0.08| 0.03| 0.07| 0.00|-0.03| 0.03| 0.11|357.33872|+23.87434
     178|223583|5881| 4.08|-0.48|  45.8|-34.2|  0.0| 7.45| 0.170| 0.210| 0.94|Simbad| 0.23|     | 0.34| 0.16| 0.07| 0.11| 0.08| 0.07|  0.14| 0.35| 0.04| 0.00| 0.06| 0.01| 0.00|-0.17|-0.02|-0.01|-0.04| 0.09|-0.09|-0.14|-0.15|-0.15|-0.08| 0.01|-0.05|357.68403|+41.82773
     179|223854|5987| 3.84|-0.58|  15.9| 24.5| -2.0| 9.36| 0.016| 0.100| 0.62|Simbad| 0.12|     | 0.34|     | 0.07| 0.10| 0.11| 0.11|  0.02|     | 0.13| 0.07| 0.14| 0.01| 0.00|-0.19| 0.06| 0.01|-0.09| 0.05| 0.02|-0.06|-0.15|-0.06| 0.00|     |     |358.27872|+02.33111
     180|224233|5609| 4.17|-0.24|  46.1|-15.4| 62.5| 8.10| 0.662| 0.160|     |Simbad| 0.29| 0.35| 0.31| 0.31| 0.00| 0.09| 0.21| 0.12|  0.25| 0.11| 0.02| 0.14| 0.05|-0.05|-0.03|-0.14| 0.00| 0.01| 0.01| 0.16|-0.13| 0.02| 0.02|-0.05| 0.08| 0.40| 0.21|359.04765|+59.76761
     181|225239|5557| 3.85|-0.53| 114.8|-46.1| -3.8| 7.79| 0.032| 0.400| 1.01|Simbad| 0.34|     | 0.43|     | 0.09| 0.11| 0.18| 0.09|  0.30| 0.22| 0.05| 0.09| 0.05|-0.02|-0.01|-0.14| 0.01|-0.01|-0.01| 0.12|-0.09|-0.05|     |-0.10|-0.01| 0.07| 0.14|001.22400|+34.65980

