#NGC 288                                                             
#star teff logg vt fe o na mg al si ca sc ti v ni ba eu
531 3780    0.10    1.60    -1.31   0.38    0.00    0.46    0.59    \ldots  0.09    0.13    0.25    -0.04   0.10    0.23    0.34
403 3950    0.20    1.90    -1.43   0.19    0.08    0.59    0.53    0.38    0.32    -0.10   0.29    0.00    0.03    0.39    0.39
274 4025    0.70    1.90    -1.37   0.37    -0.05   0.47    0.33    0.56    0.29    0.13    0.28    -0.01   0.06    0.44    0.51
20c 4050    0.60    1.75    -1.44   -0.02   0.60    0.48    0.72    0.58    0.29    -0.03   0.23    -0.07   0.00    0.44    0.52
281 4125    0.60    1.71    -1.42   0.35    -0.09   0.46    0.45    0.39    0.25    0.15    0.28    0.04    -0.09   0.29    0.50
344 4180    0.80    1.60    -1.36   0.09    0.32    0.32    0.40    0.41    0.25    -0.01   0.25    0.00    -0.01   0.37    0.56
245 4250    0.80    1.40    -1.41   0.27    0.02    0.49    0.35    0.47    0.39    -0.02   0.27    0.03    0.01    0.53    0.59
231 4300    1.10    1.50    -1.41   0.34    0.03    0.38    0.45    0.52    0.36    0.16    0.24    -0.07   0.04    0.40    0.77
338 4325    1.30    1.60    -1.37   0.35    -0.06   0.34    0.16    0.44    0.23    0.12    0.32    0.07    -0.08   0.49    0.46
297 4330    1.20    1.70    -1.41   0.15    0.38    0.48    0.46    0.40    0.30    0.04    0.39    -0.02   0.11    0.31    0.57
351 4330    1.20    1.55    -1.33   -0.02   0.54    0.48    0.55    0.26    0.28    -0.18   0.27    -0.05   -0.10   0.33    0.38
307 4350    1.20    1.35    -1.40   0.15    0.34    0.30    0.55    0.29    0.29    -0.16   0.04    0.07    0.02    0.54    0.55
287 4350    1.20    1.40    -1.45   0.25    0.46    0.35    0.66    0.41    0.33    0.02    0.43    0.03    0.08    0.48    0.66
