# Wavelength SMH   Norris diff        
  3758.233   130.7 128    -2.699997   
  3759.291   110.2 108    -2.199997   
  3761.32    113.8 112    -1.800003   
  3787.88    93.1  87     -6.0999985  
  3805.343   34.8  41     6.200001    
  3807.14    60.2  64     3.7999992   
  3815.84    122.7 116    -6.699997   
  3820.425   152.8 157    4.199997    
  3825.881   134.0 134    0.0         
  3827.823   101.2 102    0.80000305  
  3829.355   125.3 136    10.699997   
  3845.468   39.7  38     -1.7000008  
  3849.967   89.8  90     0.19999695  
  3850.818   59.1  61     1.9000015   
  3852.573   27.7  25     -2.7000008  
  3856.372   107.8 109    1.199997    
  3859.911   152.4 153    0.6000061   
  3865.523   86.0  85     -1.0        
  3867.216   24.6  22     -2.6000004  
  3873.12    52.6  53     0.40000153  
  3878.018   95.1  94     -1.0999985  
  3878.573   141.5 150    8.5         
  3899.707   97.9  99     1.0999985   
  3902.946   84.3  87     2.699997    
  3905.523   137.8 143    5.199997    
  3913.461   70.3  76     5.699997    
  3917.181   43.6  39     -4.5999985  
  3920.258   92.7  92     -0.69999695 
  3922.912   95.4  100    4.5999985   
  3949.953   27.1  28     0.8999996   
  3989.76    20.5  23     2.5         
  3998.64    28.4  26     -2.3999996  
  4001.661   9.4   8      -1.3999996  
  4005.242   86.2  83     -3.199997   
  4012.396   38.5  34     -4.5        
  4021.866   24.1  26     1.8999996   
  4025.12    22.3  18     -4.299999   
  4028.338   10.7  14     3.3000002   
  4030.753   69.3  70     0.69999695  
  4033.062   54.0  56     2.0         
  4034.483   48.4  49     0.5999985   
  4045.812   128.4 130    1.6000061   
  4053.829   11.1  7      -4.1000004  
  4057.505   20.3  22     1.7000008   
  4062.441   16.9  17     0.10000038  
  4063.594   109.5 112    2.5         
  4067.271   10.7  11     0.3000002   
  4067.978   17.7  19     1.2999992   
  4071.738   104.0 102    -2.0        
  4076.629   19.8  21     1.2000008   
  4077.714   76.8  76     -0.80000305 
  4079.838   5.8   6      0.19999981  
  4114.445   8.5   9      0.5         
  4120.207   8.6   7      -1.6000004  
  4121.318   31.9  32     0.10000038  
  4132.058   79.0  83     4.0         
  4132.899   14.1  17     2.8999996   
  4134.678   31.2  30     -1.2000008  
  4136.998   11.6  13     1.3999996   
  4143.414   36.6  35     -1.5999985  
  4143.868   86.1  85     -1.0999985  
  4147.669   22.4  25     2.6000004   
  4154.498   24.0  28     4.0         
  4154.805   14.8  20     5.2         
  4156.799   21.6  25     3.3999996   
  4157.78    12.3  15     2.6999998   
  4158.793   6.7   7      0.3000002   
  4167.271   30.8  29     -1.7999992  
  4174.913   16.2  16     -0.20000076 
  4175.636   21.5  21     -0.5        
  4178.86    16.3  19     2.7000008   
  4181.755   37.6  41     3.4000015   
  4184.892   16.5  18     1.5         
  4187.039   47.2  48     0.79999924  
  4187.795   51.4  50     -1.4000015  
  4191.43    41.5  41     -0.5        
  4196.208   8.4   9      0.6000004   
  4199.095   49.6  50     0.40000153  
  4202.029   80.6  82     1.4000015   
  4215.524   68.7  70     1.300003    
  4216.184   35.8  38     2.2000008   
  4222.213   29.7  31     1.2999992   
  4226.73    145.8 146    0.19999695  
  4227.427   46.1  45     -1.0999985  
  4233.17    44.3  46     1.7000008   
  4233.603   44.7  47     2.2999992   
  4246.82    66.3  68     1.699997    
  4247.426   24.1  22     -2.1000004  
  4250.119   54.6  54     -0.5999985  
  4250.787   77.3  79     1.699997    
  4254.332   65.4  71     5.5999985   
  4260.474   77.1  79     1.9000015   
  4271.154   60.4  54     -6.4000015  
  4271.76    106.6 106    -0.5999985  
  4274.8     64.6  62     -2.5999985  
  4282.403   45.6  46     0.40000153  
  4283.01    29.7  31     1.2999992   
  4289.72    57.6  64     6.4000015   
  4290.219   49.6  50     0.40000153  
  4300.049   63.5  73     9.5         
  4314.083   39.9  42     2.0999985   
  4318.65    24.3  28     3.7000008   
  4324.998   28.8  24     -4.799999   
  4325.762   110.0 106    -4.0        
  4352.735   25.6  22     -3.6000004  
  4375.93    56.5  56     -0.5        
  4383.545   121.5 125    3.5         
  4394.059   8.9   10     1.1000004   
  4395.031   70.2  69     -1.199997   
  4399.765   31.0  31     0.0         
  4400.389   18.4  17     -1.3999996  
  4404.75    106.2 104    -2.199997   
  4415.122   84.0  85     1.0         
  4415.544   14.9  16     1.1000004   
  4417.714   33.4  32     -1.4000015  
  4418.331   8.4   7      -1.3999996  
  4425.44    21.0  23     2.0         
  4427.31    53.1  56     2.9000015   
  4430.614   18.4  14     -4.3999996  
  4434.96    39.7  45     5.299999    
  4435.69    17.1  17     -0.10000038 
  4442.339   29.6  31     1.3999996   
  4443.194   12.1  13     0.8999996   
  4443.801   62.5  63     0.5         
  4444.554   5.7   7      1.3000002   
  4447.717   26.0  25     -1.0        
  4450.482   24.0  24     0.0         
  4454.78    48.5  52     3.5         
  4455.89    17.0  18     1.0         
  4459.118   33.9  35     1.0999985   
  4461.653   41.8  42     0.20000076  
  4466.552   28.3  29     0.70000076  
  4468.517   63.9  64     0.099998474 
  4489.739   12.4  11     -1.3999996  
  4491.41    5.9   10     4.1         
  4494.563   33.9  35     1.0999985   
  4501.27    59.8  60     0.20000076  
  4508.283   16.4  16     -0.39999962 
  4515.34    11.7  13     1.3000002   
  4520.224   9.8   12     2.1999998   
  4522.63    23.9  26     2.1000004   
  4528.614   51.1  51     -0.099998474
  4531.148   26.1  23     -3.1000004  
  4533.249   15.8  18     2.1999998   
  4533.96    62.2  61     -1.2000008  
  4554.033   21.1  20     -1.1000004  
  4571.096   6.0   8      2.0         
  4571.971   53.3  55     1.7000008   
  4583.84    36.3  39     2.7000008   
  4602.941   20.1  -5     -25.1       
  4647.434   8.5   10     1.5         
  4648.659   8.0   7      -1.0        
  4678.846   5.4   8      2.6         
