#star O Na Na_nlte Mg Al Si Ca Sc ScII Ti TiII V Mn Ni Ba La Eu
I-21    +0.22   -0.23   -0.03   +0.19   \ldots  +0.27   +0.23   -0.14   -0.39   +0.22   +0.23   -0.05   -0.33   -0.08   +0.11   0.00    +0.52
IV-77   +0.22   -0.28   -0.10   +0.25   -0.18   +0.22   +0.27   -0.06   -0.28   +0.24   +0.25   +0.02   -0.31   -0.05   +0.14   +0.09   +0.51
IV-101  -0.14   +0.17   +0.37   +0.12   +0.89   +0.32   +0.21   -0.10   -0.16   +0.22   +0.25   +0.02   -0.33   -0.06   +0.25   +0.06   +0.64
A   +0.19   -0.19   -0.01   +0.31   +0.05   +0.30   +0.25   -0.09   -0.03   +0.19   +0.33   -0.03   -0.36   +0.02   +0.32   +0.25   +0.75
AA  -0.24   +0.32   +0.57   +0.37   +0.97   +0.28   +0.22   +0.09   -0.12   +0.19   +0.14   -0.06   -0.35   -0.06   +0.11   -0.03   +0.56
1397    +0.13   -0.08   +0.18   +0.32   +0.18   +0.35   +0.26   \ldots  -0.02   +0.31   +0.15   0.00    -0.30   -0.07   -0.02   -0.04   +0.43
B1.1    -0.08   +0.06   +0.23   +0.18   +0.68   +0.26   +0.24   -0.10   -0.06   +0.15   +0.06   -0.09   -0.37   -0.10   +0.23   +0.10   +0.63
B1.2    +0.06   -0.03   +0.14   +0.34   +0.67   +0.26   +0.22   \ldots  -0.06   +0.13   +0.20   -0.13   -0.37   -0.05   +0.28   +0.08   +0.57
B1.3    +0.09   -0.10   +0.16   +0.44   +0.24   +0.38   +0.19   +0.20   -0.16   +0.23   +0.04   -0.09   -0.35   -0.08   +0.26   +0.11   +0.57
B1.4    -0.17   +0.29   +0.49   +0.38   +0.82   +0.31   +0.26   -0.07   -0.10   +0.14   +0.22   -0.05   -0.38   -0.06   +0.17   +0.10   +0.57
B1.5    +0.14   -0.04   +0.13   +0.26   +0.14   +0.37   +0.25   \ldots  -0.05   +0.11   +0.11   -0.06   -0.36   -0.04   +0.23   +0.04   +0.57
B2.1    +0.18   -0.23   -0.15   +0.20   +0.60   +0.23   +0.26   \ldots  -0.10   +0.18   +0.26   -0.18   -0.42   -0.09   +0.43   +0.14   +0.51
B2.3    +0.09   -0.17   -0.11   +0.05   \ldots  +0.45   +0.21   \ldots  -0.17   +0.32   \ldots  +0.27   -0.60   +0.08   +0.08   \ldots  +0.44
B2.4    -0.06   +0.22   +0.38   +0.08   +0.79   +0.28   +0.24   \ldots  -0.13   +0.18   +0.09   -0.02   -0.35   -0.05   +0.18   +0.07   +0.59
B3.2    -0.18   +0.26   +0.46   +0.17   +0.89   +0.24   +0.23   +0.03   -0.08   +0.22   +0.14   0.00    -0.33   -0.05   +0.18   +0.08   +0.56
B3.3    +0.27   -0.11   +0.03   +0.20   -0.04   +0.26   +0.20   -0.12   -0.11   +0.21   +0.03   -0.08   -0.35   -0.01   +0.29   +0.04   +0.53
B3.4    +0.13   -0.15   +0.12   +0.44   +0.15   +0.27   +0.15   \ldots  -0.22   +0.25   +0.04   -0.08   -0.34   -0.03   +0.17   -0.02   +0.51
B4.1    +0.15   -0.09   +0.13   +0.40   +0.27   +0.38   +0.28   +0.03   -0.12   +0.22   +0.12   -0.07   -0.36   -0.05   +0.23   +0.18   +0.67
B4.2    0.00    +0.03   +0.25   +0.31   +0.58   +0.31   +0.24   \ldots  -0.08   +0.18   +0.13   -0.08   -0.35   -0.07   +0.21   +0.03   +0.53
B4.3    -0.10   +0.34   +0.42   +0.22   +0.83   +0.38   +0.22   \ldots  -0.09   +0.06   +0.22   -0.18   -0.33   -0.06   +0.63   +0.13   +0.43
B4.4    +0.22   +0.14   +0.12   +0.12   +0.84   +0.35   +0.18   \ldots  +0.03   +0.21   \ldots  \ldots  -0.40   -0.06   +0.27   \ldots  -0.04
B4.5    \ldots  +0.11   +0.11   -0.13   +0.81   +0.37   +0.22   \ldots  -0.06   +0.32   \ldots  \ldots  -0.47   0.00    +0.22   \ldots  \ldots
F2.4    +0.02   +0.09   +0.22   +0.03   +0.50   +0.19   +0.21   \ldots  +0.12   +0.27   +0.18   -0.10   -0.38   -0.03   +0.25   +0.19   +0.68
