# File generated by CMD 2.3 (http://stev.oapd.inaf.it/cmd) on Thu Jul 26 19:13:28 CEST 2012
# Basic reference: Marigo et al. (2008, A&A 482, 883) 
# but applying the corrections from Case A in Girardi et al. (2010, ApJ 724, 1030) 
# Photometric system: <i>UBVRIJHK</i> (cf. Maiz-Apellaniz 2006 + Bessell 1990)
# BCs of Carbon stars derive from Loidl et al. (2001)
# O-rich circumstellar dust ignored
# C-rich circumstellar dust ignored
# IMF: Chabrier (2001) lognormal 
# Kind of output: isochrone tables
#	Isochrone	Z = 0.00019		Age = 	1.000e+09 yr
# log(age/yr)	M_ini   	M_act	logL/Lo	logTe	logG	mbol    U       B       V       R       I       J       H       K	C/O	M_hec	period	pmode	logMdot	int_IMF
	9.00	0.1500000060	0.1500	-2.3017	3.5909	5.2256	10.524	13.820	12.786	11.424	10.549	9.832	8.925	8.359	8.189	0.4787	0.0000	0.0	1	-17.817	1.9609395266
	9.00	0.2000000030	0.2000	-2.0048	3.6159	5.1536	9.782	12.437	11.682	10.487	9.723	9.076	8.252	7.695	7.526	0.4787	0.0000	0.0	1	-17.692	2.2217822075
	9.00	0.2500000000	0.2500	-1.7930	3.6286	5.0895	9.252	11.667	11.004	9.875	9.160	8.543	7.757	7.210	7.045	0.4787	0.0000	0.0	1	-17.573	2.4080901146
	9.00	0.3000000119	0.3000	-1.6541	3.6373	5.0646	8.905	11.166	10.564	9.473	8.789	8.194	7.434	6.898	6.741	0.4787	0.0000	0.0	1	-16.636	2.5475041866
	9.00	0.3499999940	0.3500	-1.5324	3.6448	5.0395	8.601	10.731	10.181	9.122	8.465	7.887	7.150	6.624	6.472	0.4787	0.0000	0.0	1	-15.843	2.6555202007
	9.00	0.4000000060	0.4000	-1.4156	3.6515	5.0075	8.309	10.322	9.819	8.789	8.156	7.594	6.877	6.360	6.214	0.4787	0.0000	0.0	1	-15.157	2.7413372993
	9.00	0.4499999881	0.4500	-1.2755	3.6599	4.9523	7.959	9.821	9.388	8.396	7.790	7.247	6.553	6.046	5.910	0.4787	0.0000	0.0	1	-14.551	2.8109800816
	9.00	0.5000000000	0.5000	-1.1429	3.6697	4.9046	7.627	9.315	8.963	8.015	7.439	6.918	6.252	5.759	5.633	0.4787	0.0000	0.0	1	-14.009	2.8684780598
	9.00	0.5500000119	0.5500	-0.9893	3.6852	4.8546	7.243	8.667	8.442	7.565	7.033	6.544	5.922	5.452	5.341	0.4787	0.0000	0.0	1	-13.519	2.9166350365
	9.00	0.6000000238	0.6000	-0.8167	3.7115	4.8246	6.812	7.835	7.808	7.051	6.583	6.142	5.590	5.163	5.074	0.4787	0.0000	0.0	1	-13.072	2.9573988914
	9.00	0.6999999881	0.7000	-0.5074	3.7504	4.7382	6.038	6.602	6.795	6.215	5.826	5.451	4.990	4.617	4.561	0.4787	0.0000	0.0	1	-12.279	3.0225379467
	9.00	0.7972551584	0.7972	-0.2280	3.7871	4.6620	5.340	5.666	5.946	5.492	5.169	4.851	4.470	4.152	4.122	0.4787	0.0000	0.0	1	-11.630	3.0706775188
	9.00	0.8000000119	0.7999	-0.2205	3.7881	4.6599	5.321	5.643	5.924	5.473	5.151	4.835	4.456	4.140	4.110	0.4787	0.0000	0.0	1	-11.616	3.0718705654
	9.00	0.8071041107	0.8070	-0.2014	3.7905	4.6544	5.273	5.584	5.868	5.424	5.106	4.794	4.420	4.108	4.080	0.4787	0.0000	0.0	1	-11.585	3.0749199390
	9.00	0.8999999762	0.8999	0.0370	3.8211	4.5854	4.678	4.898	5.173	4.809	4.543	4.280	3.976	3.720	3.706	0.4787	0.0000	0.0	1	-11.749	3.1102609634
	9.00	0.9273242950	0.9272	0.1023	3.8302	4.5699	4.514	4.720	4.981	4.638	4.389	4.141	3.858	3.621	3.609	0.4787	0.0000	0.0	1	-12.006	3.1192772388
	9.00	1.0000000000	0.9998	0.2694	3.8538	4.5298	4.096	4.281	4.491	4.200	3.993	3.786	3.557	3.370	3.362	0.4787	0.0000	0.0	1	-12.837	3.1408040524
	9.00	1.0237201452	1.0235	0.3196	3.8633	4.5279	3.971	4.153	4.338	4.067	3.877	3.687	3.480	3.313	3.306	0.4787	0.0000	0.0	1	-13.093	3.1471445560
	9.00	1.0906547308	1.0903	0.4569	3.8896	4.5229	3.628	3.807	3.921	3.703	3.563	3.422	3.273	3.159	3.154	0.4787	0.0000	0.0	1	-13.675	3.1634368896
	9.00	1.1467690468	1.1464	0.5679	3.9109	4.5188	3.350	3.534	3.594	3.420	3.319	3.218	3.114	3.039	3.034	0.4787	0.0000	0.0	1	-14.002	3.1755192280
	9.00	1.1537001133	1.1533	0.5814	3.9134	4.5183	3.317	3.501	3.555	3.386	3.291	3.194	3.096	3.025	3.020	0.4787	0.0000	0.0	1	-14.033	3.1769237518
	9.00	1.1673352718	1.1669	0.6075	3.9189	4.5191	3.251	3.437	3.479	3.322	3.236	3.150	3.062	3.000	2.995	0.4787	0.0000	0.0	1	-14.091	3.1796340942
	9.00	1.2163090706	1.2158	0.7002	3.9379	4.5205	3.020	3.217	3.231	3.115	3.061	3.005	2.950	2.912	2.908	0.4787	0.0000	0.0	1	-14.255	3.1888294220
	9.00	1.2537000179	1.2531	0.7693	3.9519	4.5201	2.847	3.054	3.057	2.971	2.937	2.901	2.868	2.845	2.842	0.4787	0.0000	0.0	1	-14.345	3.1953289509
	9.00	1.2764209509	1.2758	0.8103	3.9600	4.5195	2.744	2.957	2.966	2.894	2.869	2.842	2.820	2.804	2.801	0.4787	0.0000	0.0	1	-14.390	3.1990756989
	9.00	1.3305038214	1.3297	0.9080	3.9789	4.5152	2.500	2.724	2.753	2.713	2.707	2.701	2.702	2.701	2.701	0.4787	0.0000	0.0	1	-14.474	3.2074127197
	9.00	1.3741303682	1.3732	0.9869	3.9936	4.5093	2.303	2.537	2.596	2.578	2.582	2.587	2.608	2.614	2.618	0.4787	0.0000	0.0	1	-14.526	3.2135977745
	9.00	1.3999999762	1.3990	1.0341	4.0023	4.5047	2.185	2.425	2.504	2.498	2.508	2.519	2.550	2.560	2.566	0.4787	0.0000	0.0	1	-14.553	3.2170591354
	9.00	1.4093145132	1.4083	1.0504	4.0052	4.5031	2.144	2.388	2.474	2.472	2.483	2.496	2.530	2.542	2.548	0.4787	0.0000	0.0	1	-14.561	3.2182703018
	9.00	1.4474494457	1.4463	1.1186	4.0170	4.4937	1.973	2.230	2.347	2.361	2.376	2.397	2.444	2.459	2.469	0.4787	0.0000	0.0	1	-14.595	3.2230446339
	9.00	1.4793127775	1.4781	1.1759	4.0263	4.4828	1.830	2.097	2.239	2.264	2.284	2.309	2.366	2.385	2.397	0.4787	0.0000	0.0	1	-14.620	3.2268199921
	9.00	1.5000000000	1.4987	1.2129	4.0316	4.4730	1.738	2.012	2.170	2.200	2.222	2.249	2.312	2.332	2.345	0.4787	0.0000	0.0	1	-14.636	3.2291738987
	9.00	1.5038473606	1.5025	1.2201	4.0325	4.4709	1.720	1.995	2.156	2.187	2.209	2.237	2.301	2.321	2.335	0.4787	0.0000	0.0	1	-14.639	3.2296037674
	9.00	1.5072921515	1.5059	1.2264	4.0333	4.4686	1.704	1.980	2.143	2.176	2.198	2.226	2.290	2.311	2.325	0.4787	0.0000	0.0	1	-14.641	3.2299861908
	9.00	1.5395963192	1.5381	1.2847	4.0390	4.4422	1.558	1.841	2.022	2.060	2.085	2.116	2.185	2.208	2.223	0.4787	0.0000	0.0	1	-14.663	3.2334799767
	9.00	1.5716363192	1.5700	1.3416	4.0420	4.4064	1.416	1.701	1.892	1.935	1.961	1.993	2.065	2.089	2.104	0.4787	0.0000	0.0	1	-14.684	3.2367842197
	9.00	1.6000000238	1.5982	1.3907	4.0424	4.3664	1.293	1.576	1.770	1.815	1.840	1.872	1.945	1.969	1.984	0.4787	0.0000	0.0	1	-14.702	3.2395837307
	9.00	1.6059376001	1.6042	1.4010	4.0423	4.3574	1.267	1.550	1.743	1.788	1.814	1.846	1.918	1.942	1.958	0.4787	0.0000	0.0	1	-14.705	3.2401549816
	9.00	1.6323142052	1.6308	1.4474	4.0397	4.3077	1.151	1.426	1.614	1.659	1.684	1.714	1.784	1.807	1.822	0.4787	0.0000	0.0	1	-14.721	3.2426331043
	9.00	1.6555355787	1.6543	1.4885	4.0350	4.2540	1.049	1.312	1.489	1.532	1.555	1.583	1.648	1.669	1.684	0.4787	0.0000	0.0	1	-14.735	3.2447373867
	9.00	1.6758272648	1.6749	1.5256	4.0293	4.1995	0.956	1.207	1.368	1.409	1.430	1.456	1.515	1.534	1.548	0.4787	0.0000	0.1	1	-14.747	3.2465193272
	9.00	1.6849828959	1.6842	1.5433	4.0266	4.1734	0.912	1.157	1.311	1.351	1.371	1.396	1.452	1.470	1.483	0.4787	0.0000	0.1	1	-14.752	3.2473065853
	9.00	1.6935386658	1.6929	1.5613	4.0250	4.1512	0.867	1.108	1.258	1.298	1.318	1.341	1.396	1.414	1.426	0.4787	0.0000	0.1	1	-14.757	3.2480332851
	9.00	1.6964094639	1.6958	1.5678	4.0250	4.1456	0.850	1.091	1.242	1.282	1.301	1.325	1.380	1.398	1.410	0.4787	0.0000	0.1	1	-14.758	3.2482750416
	9.00	1.7027543783	1.7022	1.5863	4.0289	4.1443	0.804	1.051	1.213	1.256	1.277	1.303	1.361	1.380	1.394	0.4787	0.0000	0.1	1	-14.762	3.2488059998
	9.00	1.7056075335	1.7051	1.6000	4.0357	4.1585	0.770	1.028	1.210	1.258	1.281	1.310	1.375	1.396	1.411	0.4787	0.0000	0.1	1	-14.764	3.2490434647
	9.00	1.7075787783	1.7072	1.6222	4.0496	4.1924	0.714	0.996	1.218	1.276	1.304	1.339	1.418	1.443	1.461	0.4787	0.0000	0.1	1	-14.765	3.2492067814
	9.00	1.7081584930	1.7078	1.6437	4.0609	4.2162	0.661	0.967	1.219	1.285	1.316	1.355	1.445	1.473	1.494	0.4787	0.0000	0.1	1	-14.765	3.2492547035
	9.00	1.7084894180	1.7081	1.6710	4.0714	4.2313	0.593	0.921	1.202	1.275	1.309	1.352	1.452	1.483	1.506	0.4787	0.0000	0.0	1	-14.765	3.2492821217
	9.00	1.7085617781	1.7082	1.6664	4.0694	4.2278	0.604	0.928	1.204	1.275	1.308	1.351	1.449	1.480	1.502	0.4787	0.0000	0.0	1	-14.765	3.2492880821
	9.00	1.7088001966	1.7084	1.6642	4.0527	4.1630	0.609	0.895	1.127	1.189	1.217	1.253	1.335	1.361	1.380	0.4787	0.0000	0.1	1	-14.765	3.2493076324
	9.00	1.7093507051	1.7090	1.6948	4.0344	4.0593	0.533	0.782	0.964	1.015	1.038	1.065	1.129	1.150	1.165	0.4787	0.0000	0.1	1	-14.766	3.2493531704
	9.00	1.7104016542	1.7100	1.7114	4.0147	3.9643	0.492	0.707	0.835	0.873	0.888	0.907	0.949	0.964	0.974	0.4787	0.0000	0.1	1	-14.766	3.2494399548
	9.00	1.7117141485	1.7114	1.7218	3.9945	3.8734	0.466	0.655	0.728	0.749	0.755	0.763	0.782	0.789	0.794	0.4787	0.0000	0.1	1	-14.767	3.2495479584
	9.00	1.7128721476	1.7126	1.7284	3.9752	3.7901	0.449	0.623	0.644	0.646	0.643	0.638	0.634	0.631	0.632	0.4787	0.0000	0.1	1	-14.768	3.2496433258
	9.00	1.7137356997	1.7134	1.7323	3.9584	3.7193	0.439	0.612	0.595	0.576	0.560	0.540	0.512	0.499	0.496	0.4787	0.0000	0.1	1	-14.768	3.2497141361
	9.00	1.7145749331	1.7143	1.7347	3.9386	3.6378	0.433	0.608	0.557	0.510	0.475	0.434	0.377	0.348	0.342	0.4787	0.0000	0.1	1	-14.769	3.2497830391
	9.00	1.7151210308	1.7148	1.7354	3.9238	3.5779	0.431	0.612	0.543	0.472	0.420	0.362	0.280	0.238	0.229	0.4787	0.0000	0.2	1	-14.769	3.2498276234
	9.00	1.7156623602	1.7154	1.7351	3.9065	3.5093	0.432	0.623	0.560	0.450	0.372	0.287	0.175	0.110	0.099	0.4787	0.0000	0.2	1	-14.769	3.2498719692
	9.00	1.7161953449	1.7159	1.7337	3.8869	3.4324	0.436	0.642	0.602	0.445	0.332	0.213	0.063	-0.032	-0.045	0.4787	0.0000	0.2	1	-14.769	3.2499155998
	9.00	1.7167271376	1.7165	1.7307	3.8644	3.3457	0.443	0.672	0.673	0.460	0.304	0.144	-0.054	-0.191	-0.205	0.4787	0.0000	0.2	1	-14.770	3.2499592304
	9.00	1.7172609568	1.7170	1.7255	3.8394	3.2510	0.456	0.719	0.770	0.496	0.292	0.083	-0.171	-0.360	-0.378	0.4787	0.0000	0.3	1	-14.770	3.2500028610
	9.00	1.7175307274	1.7173	1.7216	3.8265	3.2034	0.466	0.750	0.827	0.521	0.291	0.058	-0.226	-0.444	-0.463	0.4787	0.0000	0.3	1	-14.770	3.2500247955
	9.00	1.7180830240	1.7179	1.7113	3.8009	3.1111	0.492	0.836	0.954	0.581	0.302	0.022	-0.326	-0.601	-0.626	0.4787	0.0000	0.3	1	-14.770	3.2500698566
	9.00	1.7186541557	1.7185	1.6943	3.7814	3.0504	0.534	0.948	1.081	0.653	0.337	0.022	-0.374	-0.695	-0.724	0.4787	0.0000	0.4	1	-14.771	3.2501163483
	9.00	1.7192441225	1.7191	1.6725	3.7663	3.0121	0.589	1.073	1.207	0.732	0.387	0.047	-0.388	-0.744	-0.779	0.4787	0.0000	0.4	1	-14.771	3.2501645088
	9.00	1.7201125622	1.7199	1.6466	3.7502	2.9736	0.654	1.226	1.353	0.823	0.449	0.080	-0.396	-0.789	-0.831	0.4787	0.0000	0.4	1	-14.771	3.2502350807
	9.00	1.7215765715	1.7214	1.7028	3.7413	2.8824	0.513	1.162	1.263	0.698	0.307	-0.077	-0.577	-0.989	-1.036	0.4787	0.0000	0.5	1	-14.772	3.2503540516
	9.00	1.7226934433	1.7226	1.7545	3.7371	2.8139	0.384	1.072	1.157	0.576	0.176	-0.214	-0.725	-1.147	-1.196	0.4787	0.0000	0.6	1	-14.773	3.2504446507
	9.00	1.7238385677	1.7238	1.8112	3.7341	2.7457	0.242	0.957	1.031	0.439	0.034	-0.362	-0.881	-1.309	-1.359	0.4787	0.0000	0.6	1	-14.773	3.2505373955
	9.00	1.7249686718	1.7249	1.8664	3.7317	2.6814	0.104	0.842	0.905	0.305	-0.105	-0.504	-1.030	-1.464	-1.514	0.4787	0.0000	0.7	1	-14.774	3.2506289482
	9.00	1.7260634899	1.7260	1.9193	3.7298	2.6208	-0.028	0.729	0.783	0.176	-0.238	-0.640	-1.171	-1.610	-1.661	0.4787	0.0000	0.8	1	-14.774	3.2507171631
	9.00	1.7268500328	1.7269	1.9570	3.7284	2.5776	-0.123	0.648	0.696	0.084	-0.332	-0.738	-1.272	-1.714	-1.766	0.4787	0.0000	0.9	1	-14.775	3.2507805824
	9.00	1.7281044722	1.7281	2.0148	3.7262	2.5117	-0.267	0.524	0.564	-0.056	-0.477	-0.886	-1.427	-1.874	-1.926	0.4787	0.0000	1.0	1	-14.775	3.2508816719
	9.00	1.7296751738	1.7297	2.0833	3.7237	2.4333	-0.438	0.384	0.409	-0.223	-0.649	-1.062	-1.610	-2.062	-2.116	0.4787	0.0000	1.1	1	-14.776	3.2510077953
	9.00	1.7311279774	1.7311	2.1461	3.7213	2.3616	-0.595	0.261	0.268	-0.375	-0.806	-1.223	-1.778	-2.235	-2.290	0.4787	0.0000	1.3	1	-14.776	3.2511243820
	9.00	1.7325279713	1.7325	2.2077	3.7189	2.2904	-0.749	0.142	0.132	-0.524	-0.960	-1.382	-1.943	-2.406	-2.462	0.4787	0.0000	1.4	1	-14.777	3.2512364388
	9.00	1.7337204218	1.7337	2.2670	3.7166	2.2223	-0.897	0.028	0.001	-0.666	-1.107	-1.534	-2.101	-2.569	-2.627	0.4787	0.0000	1.6	1	-14.777	3.2513318062
	9.00	1.7348902225	1.7349	2.3260	3.7142	2.1541	-1.045	-0.086	-0.129	-0.808	-1.254	-1.686	-2.260	-2.733	-2.792	0.4787	0.0000	1.8	1	-14.777	3.2514250278
	9.00	1.7358734608	1.7359	2.3763	3.7122	2.0959	-1.171	-0.182	-0.239	-0.929	-1.380	-1.815	-2.395	-2.873	-2.933	0.4787	0.0000	2.0	1	-14.778	3.2515032291
	9.00	1.7367783785	1.7368	2.4224	3.7104	2.0428	-1.286	-0.271	-0.340	-1.039	-1.494	-1.933	-2.518	-3.001	-3.061	0.4787	0.0000	2.2	1	-14.778	3.2515752316
	9.00	1.7378100157	1.7378	1.8428	3.7994	2.9789	0.163	0.518	0.621	0.248	-0.032	-0.313	-0.663	-0.939	-0.965	0.4787	0.0000	0.4	1	-14.781	3.2516572475
	9.00	1.7378107309	1.7378	1.8441	3.7957	2.9625	0.160	0.529	0.634	0.250	-0.037	-0.324	-0.684	-0.969	-0.996	0.4787	0.0000	0.4	1	-14.781	3.2516572475
	9.00	1.7392096519	1.7392	1.8448	3.7926	2.9499	0.158	0.538	0.645	0.253	-0.040	-0.333	-0.700	-0.992	-1.019	0.4787	0.0000	0.5	1	-14.782	3.2517683506
	9.00	1.7458552122	1.7459	1.8595	3.7886	2.9211	0.121	0.516	0.625	0.221	-0.079	-0.378	-0.755	-1.056	-1.085	0.4787	0.0000	0.5	1	-14.785	3.2522923946
	9.00	1.7540608644	1.7541	1.8912	3.8016	2.9434	0.042	0.393	0.487	0.121	-0.153	-0.430	-0.774	-1.044	-1.070	0.4787	0.0000	0.5	1	-14.790	3.2529330254
	9.00	1.7607399225	1.7607	1.9178	3.8163	2.9772	-0.024	0.291	0.359	0.033	-0.213	-0.461	-0.769	-1.005	-1.028	0.4787	0.0000	0.4	1	-14.793	3.2534492016
	9.00	1.7652074099	1.7652	1.9389	3.8239	2.9875	-0.077	0.221	0.273	-0.031	-0.262	-0.496	-0.786	-1.004	-1.025	0.4787	0.0000	0.4	1	-14.795	3.2537920475
	9.00	1.7831149101	1.7831	2.0111	3.8343	2.9613	-0.258	0.023	0.046	-0.228	-0.436	-0.649	-0.914	-1.108	-1.128	0.4787	0.0000	0.4	1	-14.805	3.2551453114
	9.00	1.7978761196	1.7979	2.0693	3.8431	2.9417	-0.403	-0.137	-0.138	-0.388	-0.576	-0.771	-1.016	-1.189	-1.208	0.4787	0.0000	0.5	1	-14.812	3.2562365532
	9.00	1.7999999523	1.8000	2.0775	3.8444	2.9392	-0.424	-0.160	-0.164	-0.410	-0.596	-0.789	-1.030	-1.200	-1.219	0.4787	0.0000	0.5	1	-14.814	3.2563917637
	9.00	1.8064273596	1.8064	2.1040	3.8487	2.9317	-0.490	-0.234	-0.250	-0.483	-0.659	-0.843	-1.074	-1.234	-1.253	0.4787	0.0000	0.5	1	-14.817	3.2568590641
	9.00	1.8188229799	1.8188	2.1533	3.8558	2.9136	-0.613	-0.368	-0.402	-0.615	-0.775	-0.944	-1.159	-1.304	-1.322	0.4787	0.0000	0.5	1	-14.823	3.2577490807
	9.00	1.8313149214	1.8313	2.1999	3.8482	2.8395	-0.730	-0.472	-0.497	-0.727	-0.902	-1.085	-1.316	-1.476	-1.495	0.4787	0.0000	0.6	1	-14.829	3.2586317062
	9.00	1.8357502222	1.8358	2.2159	3.8373	2.7811	-0.770	-0.491	-0.498	-0.755	-0.952	-1.155	-1.412	-1.595	-1.616	0.4787	0.0000	0.6	1	-14.832	3.2589416504
	9.00	1.8380208015	1.8380	2.2245	3.8268	2.7312	-0.791	-0.491	-0.480	-0.765	-0.983	-1.207	-1.488	-1.693	-1.715	0.4787	0.0000	0.7	1	-14.833	3.2590994835
	9.00	1.8398659229	1.8399	2.2313	3.8147	2.6761	-0.808	-0.477	-0.447	-0.766	-1.008	-1.254	-1.565	-1.798	-1.822	0.4787	0.0000	0.7	1	-14.833	3.2592275143
	9.00	1.8409630060	1.8410	2.2357	3.8038	2.6286	-0.819	-0.458	-0.412	-0.761	-1.025	-1.292	-1.629	-1.887	-1.913	0.4787	0.0000	0.8	1	-14.834	3.2593035698
	9.00	1.8440397978	1.8440	2.2459	3.7883	2.5570	-0.845	-0.429	-0.367	-0.762	-1.057	-1.352	-1.728	-2.023	-2.053	0.4787	0.0000	0.9	1	-14.835	3.2595160007
	9.00	1.8459919691	1.8460	2.2500	3.7732	2.4931	-0.855	-0.378	-0.306	-0.747	-1.071	-1.394	-1.809	-2.140	-2.174	0.4787	0.0000	1.0	1	-14.836	3.2596504688
	9.00	1.8463149071	1.8463	2.2498	3.7659	2.4642	-0.854	-0.336	-0.266	-0.732	-1.072	-1.408	-1.841	-2.190	-2.226	0.4787	0.0000	1.1	1	-14.836	3.2596726418
	9.00	1.8465653658	1.8466	2.2492	3.7579	2.4330	-0.853	-0.289	-0.222	-0.716	-1.071	-1.421	-1.876	-2.244	-2.282	0.4787	0.0000	1.1	1	-14.836	3.2596898079
	9.00	1.8468487263	1.8468	2.2467	3.7472	2.3926	-0.847	-0.214	-0.156	-0.688	-1.065	-1.435	-1.918	-2.312	-2.354	0.4787	0.0000	1.2	1	-14.836	3.2597091198
	9.00	1.8470530510	1.8471	2.2395	3.7360	2.3550	-0.829	-0.103	-0.066	-0.645	-1.045	-1.435	-1.948	-2.370	-2.417	0.4787	0.0000	1.3	1	-14.836	3.2597231865
	9.00	1.8470925093	1.8471	2.2373	3.7328	2.3443	-0.823	-0.071	-0.040	-0.632	-1.039	-1.435	-1.957	-2.386	-2.435	0.4787	0.0000	1.3	1	-14.836	3.2597260475
	9.00	1.8471602201	1.8472	2.3153	3.7245	2.2333	-1.018	-0.188	-0.183	-0.810	-1.233	-1.645	-2.189	-2.638	-2.691	0.4787	0.0000	1.6	1	-14.836	3.2597305775
	9.00	1.8472076654	1.8472	2.3692	3.7211	2.1655	-1.153	-0.276	-0.292	-0.936	-1.367	-1.785	-2.339	-2.796	-2.851	0.4787	0.0000	1.8	1	-14.836	3.2597339153
	9.00	1.8479456902	1.8479	2.4400	3.7168	2.0779	-1.330	-0.395	-0.436	-1.102	-1.543	-1.969	-2.535	-3.002	-3.059	0.4787	0.0000	2.1	1	-14.835	3.2597844601
	9.00	1.8482233286	1.8482	2.4927	3.7142	2.0147	-1.462	-0.490	-0.547	-1.227	-1.673	-2.105	-2.679	-3.152	-3.210	0.4787	0.0000	2.3	1	-14.835	3.2598035336
	9.00	1.8484808207	1.8485	2.5687	3.7104	1.9236	-1.652	-0.623	-0.706	-1.407	-1.862	-2.301	-2.886	-3.367	-3.427	0.4787	0.0000	2.7	1	-14.834	3.2598211765
	9.00	1.8487044573	1.8487	2.6464	3.7066	1.8309	-1.846	-0.759	-0.869	-1.591	-2.056	-2.502	-3.097	-3.587	-3.649	0.4787	0.0000	3.2	1	-14.834	3.2598364353
	9.00	1.8488333225	1.8488	2.7189	3.7032	1.7446	-2.027	-0.886	-1.020	-1.762	-2.236	-2.689	-3.294	-3.793	-3.856	0.4787	0.0000	3.7	1	-14.832	3.2598452568
	9.00	1.8489824533	1.8490	2.7997	3.6994	1.6487	-2.229	-1.024	-1.187	-1.952	-2.436	-2.897	-3.514	-4.021	-4.086	0.4787	0.0000	4.4	1	-14.831	3.2598555088
	9.00	1.8491181135	1.8491	2.8698	3.6958	1.5643	-2.405	-1.122	-1.322	-2.113	-2.607	-3.076	-3.704	-4.220	-4.287	0.4787	0.0000	5.1	1	-14.829	3.2598648071
	9.00	1.8492468596	1.8492	2.9346	3.6926	1.4870	-2.566	-1.214	-1.448	-2.261	-2.765	-3.241	-3.879	-4.403	-4.471	0.4787	0.0000	5.8	1	-14.827	3.2598736286
	9.00	1.8493622541	1.8494	2.9946	3.6898	1.4156	-2.717	-1.297	-1.563	-2.399	-2.912	-3.395	-4.041	-4.573	-4.642	0.4787	0.0000	6.5	1	-14.825	3.2598814964
	9.00	1.8495045900	1.8495	3.0667	3.6862	1.3290	-2.897	-1.390	-1.697	-2.563	-3.087	-3.579	-4.237	-4.778	-4.849	0.4787	0.0000	7.6	1	-14.822	3.2598912716
	9.00	1.8496063948	1.8496	3.1325	3.6828	1.2499	-3.061	-1.473	-1.819	-2.711	-3.247	-3.748	-4.416	-4.965	-5.038	0.4787	0.0000	8.7	1	-14.819	3.2598981857
	9.00	1.8496811390	1.8497	3.1934	3.6798	1.1770	-3.213	-1.551	-1.931	-2.849	-3.395	-3.904	-4.582	-5.138	-5.212	0.4787	0.0000	9.9	1	-14.815	3.2599034309
	9.00	1.8497489691	1.8497	3.2578	3.6766	1.0997	-3.375	-1.631	-2.048	-2.994	-3.552	-4.069	-4.758	-5.321	-5.397	0.4787	0.0000	11.3	1	-14.811	3.2599079609
	9.00	1.8498167992	1.8498	3.3207	3.6731	1.0230	-3.532	-1.692	-2.154	-3.131	-3.702	-4.228	-4.929	-5.502	-5.579	0.4787	0.0000	13.0	1	-14.805	3.2599127293
	9.00	1.8498914242	1.8499	3.4111	3.6678	0.9114	-3.758	-1.751	-2.293	-3.320	-3.913	-4.455	-5.175	-5.763	-5.843	0.4787	0.0000	15.7	1	-14.795	3.2599177361
	9.00	1.8499050140	1.8499	3.4679	3.6645	0.8414	-3.900	-1.784	-2.378	-3.438	-4.045	-4.597	-5.330	-5.927	-6.008	0.4787	0.0000	17.8	1	-14.787	3.2599186897
	9.00	1.8499056101	1.8499	3.4273	3.6670	0.8921	-3.798	-1.764	-2.319	-3.355	-3.951	-4.495	-5.219	-5.809	-5.889	0.4787	0.0000	16.3	1	-14.793	3.2599186897
	9.00	1.8499058485	1.8499	3.4680	3.6613	0.8282	-3.900	-1.697	-2.329	-3.417	-4.035	-4.596	-5.341	-5.949	-6.031	0.2922	0.0000	18.2	1	-14.782	3.2599186897
	9.00	1.8501949310	1.8485	3.6142	3.6379	0.5881	-4.265	-1.320	-2.286	-3.590	-4.307	-4.939	-5.780	-6.465	-6.558	8.9487	0.5878	20.0	1	-7.476	3.2599384785
	9.00	1.8504079580	1.8343	3.6841	3.6040	0.3793	-4.440	-0.356	-1.807	-3.408	-4.281	-5.026	-6.027	-6.844	-6.957	12.2692	0.5899	23.4	1	-6.712	3.2599530220
	9.00	1.8506191969	1.8095	3.7274	3.5747	0.2131	-4.548	0.013	-1.488	-3.174	-4.133	-4.962	-6.132	-7.036	-7.192	13.8944	0.5905	26.1	1	-6.925	3.2599675655
	9.00	1.8508282900	1.7820	3.7534	3.5541	0.0979	-4.613	-0.843	-1.689	-3.091	-3.960	-4.793	-6.101	-6.991	-7.219	14.8104	0.5906	27.9	1	-7.052	3.2599818707
	9.00	1.8510358334	1.7552	3.7676	3.5397	0.0197	-4.649	-0.849	-1.577	-2.966	-3.853	-4.720	-6.109	-7.032	-7.294	15.3696	0.5902	29.1	1	-6.890	3.2599959373
	9.00	1.8512421846	1.7243	3.7751	3.5292	-0.0377	-4.668	-0.667	-1.410	-2.846	-3.773	-4.675	-6.119	-7.079	-7.362	15.7146	0.5895	29.9	1	-6.772	3.2600100040
	9.00	1.8514480591	1.6837	3.7825	3.5199	-0.0926	-4.686	-0.454	-1.233	-2.731	-3.700	-4.640	-6.131	-7.124	-7.425	16.0425	0.5902	31.1	1	-6.653	3.2600240707
	9.00	1.8516538143	1.6109	3.7874	3.5098	-0.1571	-4.699	-0.165	-1.003	-2.588	-3.610	-4.595	-6.138	-7.164	-7.486	16.2799	0.5910	35.1	1	-6.482	3.2600381374
	9.00	1.8517968655	1.5222	3.7925	3.4993	-0.2289	-4.711	0.137	-0.762	-2.439	-3.516	-4.548	-6.145	-7.206	-7.549	16.4596	0.5925	79.1	0	-5.999	3.2600479126
	9.00	1.8519407511	1.3567	3.7959	3.4825	-0.3495	-4.720	0.663	-0.346	-2.192	-3.358	-4.467	-6.144	-7.255	-7.630	16.6076	0.5936	94.7	0	-5.698	3.2600576878
	9.00	1.8520858288	1.0286	3.7891	3.4569	-0.5653	-4.703	1.482	0.287	-1.836	-3.128	-4.349	-6.132	-7.283	-7.695	16.7005	0.5929	127.4	0	-5.164	3.2600677013
	9.00	1.8521745205	0.5899	3.7746	3.5753	-0.3186	-4.666	0.042	-1.517	-3.253	-4.239	-5.083	-6.259	-7.160	-7.314	16.7115	0.5900	142.6	0	-5.465	3.2600736618
