  3930.042 106.00112     0.693    -6.268                3.47
  3930.062 106.00112     0.693    -4.915                3.47
  3930.116 106.00112     0.411    -6.137                3.47
  3930.150 106.00112     0.411    -4.179                3.47
  3930.158 106.00112     0.693    -4.915                3.47
  3930.167 106.00112     0.411    -4.148                3.47
  3930.734 106.00112     0.709    -4.876                3.47
  3930.819 106.00112     0.709    -6.059                3.47
  3930.906 106.00112     0.709    -4.876                3.47
  3930.950 106.00112     1.430    -8.411                3.47
  3930.991 106.00112     0.709    -6.059                3.47
  3931.097 106.00112     0.709    -6.291                3.47
  3931.182 106.00112     0.709    -4.786                3.47
  3931.246 106.00112     0.709    -6.292                3.47
  3931.331 106.00112     0.709    -4.786                3.47
  3931.958 106.00112     0.641    -1.476                3.47
  3932.013 106.00112     0.641    -7.872                3.47
  3932.112 106.00112     0.155    -6.923                3.47
  3932.203 106.00112     0.728    -4.748                3.47
  3932.265 106.00112     0.728    -6.114                3.47
  3932.345 106.00112     1.149    -6.323                3.47
  3932.402 106.00112     1.149    -3.722                3.47
  3932.441 106.00112     0.728    -4.748                3.47
  3932.460 106.00112     1.149    -3.742                3.47
  3932.480 106.00112     1.149    -6.377                3.47
  3932.504 106.00112     0.728    -6.114                3.47
  3932.506 106.00112     0.729    -6.309                3.47
  3932.568 106.00112     0.729    -4.674                3.47
  3932.628 106.00112     0.408    -7.045                3.47
  3932.648 106.00112     0.155    -6.923                3.47
  3932.716 106.00112     0.729    -6.309                3.47
  3932.778 106.00112     0.729    -4.674                3.47
  3932.877 106.00112     0.408    -7.045                3.47
  3933.086 106.00112     0.521    -4.543                3.47
  3933.099 106.00112     0.521    -6.092                3.47
  3933.278 106.00112     0.521    -4.494                3.47
  3933.710 106.00112     0.522    -4.543                3.47
  3933.725 106.00112     0.522    -6.092                3.47
  3933.863 106.00112     0.522    -4.494                3.47
  3933.920 106.00112     0.751    -4.634                3.47
  3933.964 106.00112     0.751    -6.151                3.47
  3934.119 106.00112     0.463    -6.178                3.47
  3934.162 106.00112     0.463    -4.160                3.47
  3934.179 106.00112     0.751    -6.319                3.47
  3934.208 106.00112     0.463    -4.131                3.47
  3934.222 106.00112     0.751    -4.572                3.47
  3934.236 106.00112     0.751    -4.634                3.47
  3934.280 106.00112     0.751    -6.151                3.47
  3934.462 106.00112     0.751    -6.319                3.47
  3934.506 106.00112     0.751    -4.572                3.47
  3934.741 106.00112     1.151    -3.722                3.47
  3934.781 106.00112     1.151    -6.323                3.47
  3934.868 106.00112     1.151    -6.377                3.47
  3934.870 106.00112     1.151    -3.742                3.47
  3935.587 106.00112     0.313    -1.145                3.47
  3935.607 106.00112     0.464    -6.179                3.47
  3935.643 106.00112     0.313    -4.284                3.47
  3935.647 106.00112     0.464    -4.131                3.47
  3935.649 106.00112     0.464    -4.160                3.47
  3935.650 106.00112     0.124    -1.568                3.47
  3935.669 106.00112     0.313    -4.284                3.47
  3935.681 106.00112     0.124    -5.994                3.47
  3935.725 106.00112     0.313    -1.113                3.47
  3935.903 106.00112     0.777    -4.529                3.47
  3935.926 106.00112     0.124    -1.519                3.47
  3935.931 106.00112     0.777    -6.174                3.47
  3936.129 106.00112     0.777    -6.321                3.47
  3936.157 106.00112     0.777    -4.475                3.47
  3936.306 106.00112     0.777    -4.529                3.47
  3936.334 106.00112     0.777    -6.174                3.47
  3936.495 106.00112     0.777    -6.321                3.47
  3936.523 106.00112     0.777    -4.475                3.47
  3938.001 106.00112     1.219    -6.176                3.47
  3938.125 106.00112     1.219    -3.555                3.47
  3938.170 106.00112     0.805    -4.430                3.47
  3938.182 106.00112     0.805    -6.185                3.47
  3938.367 106.00112     0.805    -6.316                3.47
  3938.382 106.00112     0.805    -4.382                3.47
  3938.615 106.00112     0.557    -6.131                3.47
  3938.617 106.00112     0.557    -4.489                3.47
  3938.666 106.00112     0.806    -4.430                3.47
  3938.683 106.00112     0.806    -6.185                3.47
  3938.776 106.00112     0.557    -4.445                3.47
  3938.825 106.00112     0.806    -6.317                3.47
  3938.840 106.00112     0.806    -4.382                3.47
  3939.358 106.00112     0.558    -4.489                3.47
  3939.362 106.00112     0.558    -6.131                3.47
  3939.478 106.00112     0.558    -4.445                3.47
  3939.546 106.00112     0.519    -6.223                3.47
  3939.598 106.00112     0.519    -4.148                3.47
  3939.624 106.00112     0.520    -4.121                3.47
  3939.868 106.00112     0.680    -6.405                3.47
  3939.938 106.00112     0.680    -6.405                3.47
  3940.115 106.00112     0.680    -6.522                3.47
  3940.184 106.00112     0.680    -6.522                3.47
  3940.369 106.00112     0.072    -3.834                3.47
  3940.618 106.00112     1.221    -6.176                3.47
  3940.711 106.00112     1.221    -3.555                3.47
  3940.714 106.00112     0.680    -6.163                3.47
  3940.736 106.00112     0.837    -4.333                3.47
  3940.736 106.00112     0.837    -6.186                3.47
  3940.767 106.00112     0.680    -6.163                3.47
  3940.910 106.00112     0.837    -6.305                3.47
  3940.913 106.00112     0.837    -4.290                3.47
  3941.172 106.00112     0.189    -6.941                3.47
  3941.200 106.00112     0.521    -6.223                3.47
  3941.230 106.00112     0.521    -4.121                3.47
  3941.250 106.00112     0.521    -4.148                3.47
  3941.337 106.00112     0.838    -4.333                3.47
  3941.342 106.00112     0.838    -6.187                3.47
  3941.469 106.00112     0.838    -6.305                3.47
  3941.472 106.00112     0.838    -4.290                3.47
  3941.639 106.00112     0.431    -7.026                3.47
  3941.825 106.00112     0.190    -6.941                3.47
  3941.968 106.00112     0.431    -7.026                3.47
  3943.609 106.00112     0.872    -6.180                3.47
  3943.621 106.00112     0.872    -4.239                3.47
  3943.767 106.00112     0.872    -4.200                3.47
  3943.775 106.00112     0.872    -6.289                3.47
  3943.817 106.00112     0.360    -1.129                3.47
  3943.878 106.00112     0.360    -4.331                3.47
  3943.884 106.00112     0.360    -4.332                3.47
  3943.914 106.00112     0.155    -1.527                3.47
  3943.943 106.00112     0.360    -1.099                3.47
  3943.949 106.00112     0.155    -6.145                3.47
  3944.164 106.00112     0.155    -1.483                3.47
  3944.289 106.00112     0.597    -6.174                3.47
  3944.301 106.00112     0.597    -4.449                3.47
  3944.329 106.00112     0.873    -6.180                3.47
  3944.334 106.00112     0.873    -4.239                3.47
  3944.432 106.00112     0.597    -4.409                3.47
  3944.438 106.00112     0.873    -4.200                3.47
  3944.446 106.00112     0.873    -6.289                3.47
  3944.752 106.00112     0.693    -6.017                3.47
  3944.869 106.00112     0.693    -6.018                3.47
  3944.917 106.00112     0.693    -6.529                3.47
  3945.033 106.00112     0.693    -6.529                3.47
  3945.081 106.00112     0.579    -6.270                3.47
  3945.138 106.00112     0.579    -4.142                3.47
  3945.146 106.00112     0.579    -4.117                3.47
  3945.163 106.00112     0.597    -6.174                3.47
  3945.170 106.00112     0.597    -4.449                3.47
  3945.260 106.00112     0.597    -4.409                3.47
  3945.374 106.00112     0.693    -5.851                3.47
  3945.469 106.00112     0.693    -5.851                3.47
  3946.011 106.00112     1.381    -8.309                3.47
  3946.824 106.00112     0.910    -6.167                3.47
  3946.846 106.00112     0.910    -4.146                3.47
  3946.906 106.00112     0.580    -6.270                3.47
  3946.927 106.00112     0.580    -4.117                3.47
  3946.961 106.00112     0.580    -4.143                3.47
  3946.967 106.00112     0.910    -4.110                3.47
  3946.984 106.00112     0.910    -6.267                3.47
  3947.667 106.00112     0.911    -6.167                3.47
  3947.681 106.00112     0.911    -4.146                3.47
  3947.754 106.00112     0.911    -4.110                3.47
  3947.773 106.00112     0.911    -6.267                3.47
  3949.804 106.00112     0.709    -5.799                3.47
  3949.922 106.00112     0.709    -6.588                3.47
  3949.979 106.00112     0.709    -5.799                3.47
  3950.096 106.00112     0.709    -6.589                3.47
  3950.125 106.00112     0.639    -6.224                3.47
  3950.150 106.00112     0.639    -4.421                3.47
  3950.253 106.00112     0.639    -4.385                3.47
  3950.278 106.00112     0.227    -6.963                3.47
  3950.289 106.00112     0.709    -5.680                3.47
  3950.403 106.00112     0.951    -6.148                3.47
  3950.436 106.00112     0.951    -4.054                3.47
  3950.439 106.00112     0.709    -5.680                3.47
  3950.533 106.00112     0.951    -4.021                3.47
  3950.559 106.00112     0.951    -6.240                3.47
  3950.733 106.00112     0.641    -6.322                3.47
  3950.773 106.00112     0.458    -7.026                3.47
  3950.786 106.00112     0.641    -4.120                3.47
  3950.795 106.00112     0.641    -4.144                3.47
  3951.056 106.00112     0.228    -6.963                3.47
  3951.137 106.00112     0.640    -6.224                3.47
  3951.154 106.00112     0.640    -4.422                3.47
  3951.195 106.00112     0.458    -7.026                3.47
  3951.217 106.00112     0.640    -4.385                3.47
  3951.377 106.00112     0.951    -6.148                3.47
  3951.398 106.00112     0.951    -4.054                3.47
  3951.446 106.00112     0.952    -4.021                3.47
  3951.474 106.00112     0.952    -6.240                3.47
  3951.557 106.00112     0.096    -3.913                3.47
  3952.732 106.00112     0.642    -6.322                3.47
  3952.743 106.00112     0.189    -1.492                3.47
  3952.745 106.00112     0.642    -4.121                3.47
  3952.784 106.00112     0.189    -6.278                3.47
  3952.795 106.00112     0.642    -4.145                3.47
  3952.957 106.00112     0.411    -1.118                3.47
  3952.973 106.00112     0.189    -1.453                3.47
  3953.009 106.00112     0.411    -4.379                3.47
  3953.021 106.00112     0.411    -4.379                3.47
  3953.074 106.00112     0.411    -1.090                3.47
  3954.372 106.00112     0.994    -6.124                3.47
  3954.418 106.00112     0.994    -3.963                3.47
  3954.493 106.00112     0.994    -3.933                3.47
  3954.527 106.00112     0.994    -6.210                3.47
  3955.061 106.00112     0.728    -5.654                3.47
  3955.147 106.00112     0.728    -6.651                3.47
  3955.301 106.00112     0.728    -5.654                3.47
  3955.389 106.00112     0.728    -6.651                3.47
  3955.453 106.00112     0.729    -5.561                3.47
  3955.486 106.00112     0.995    -6.125                3.47
  3955.513 106.00112     0.995    -3.963                3.47
  3955.539 106.00112     0.995    -3.933                3.47
  3955.577 106.00112     0.995    -6.210                3.47
  3955.666 106.00112     0.729    -5.561                3.47
  3956.140 106.00112     0.685    -6.280                3.47
  3956.175 106.00112     0.685    -4.407                3.47
  3956.253 106.00112     0.685    -4.374                3.47
  3956.512 106.00112     0.705    -6.379                3.47
  3956.513 106.00112     0.693    -7.838                3.47
  3956.554 106.00112     0.706    -4.131                3.47
  3956.580 106.00112     0.705    -4.154                3.47
  3956.631 106.00112     0.693    -7.838                3.47
  3957.296 106.00112     0.686    -6.280                3.47
  3957.321 106.00112     0.686    -4.407                3.47
  3957.360 106.00112     0.686    -4.374                3.47
  3958.691 106.00112     0.707    -6.379                3.47
  3958.697 106.00112     0.707    -4.132                3.47
  3958.758 106.00112     0.707    -4.155                3.47
  3958.763 106.00112     1.041    -6.096                3.47
  3958.819 106.00112     1.041    -3.873                3.47
  3958.873 106.00112     1.041    -3.844                3.47
  3958.915 106.00112     1.041    -6.176                3.47
  3959.426 106.00112     0.268    -6.989                3.47
  3960.022 106.00112     1.042    -6.097                3.47
  3960.032 106.00112     0.488    -7.038                3.47
  3960.055 106.00112     1.042    -3.873                3.47
  3960.060 106.00112     1.042    -3.844                3.47
  3960.105 106.00112     1.042    -6.177                3.47
  3960.338 106.00112     0.269    -6.989                3.47
  3960.538 106.00112     0.751    -5.544                3.47
  3960.556 106.00112     0.488    -7.038                3.47
  3960.601 106.00112     0.751    -6.707                3.47
  3960.858 106.00112     0.751    -5.544                3.47
  3960.863 106.00112     0.751    -5.468                3.47
  3960.921 106.00112     0.751    -6.707                3.47
  3960.986 106.00112     1.333    -8.218                3.47
  3961.152 106.00112     0.751    -5.468                3.47
  3961.312 106.00112     1.656    -6.024                3.47
  3961.463 106.00112     1.656    -6.044                3.47
  3961.466 106.00112     1.656    -10.590                3.47
  3962.172 106.00112     0.227    -1.463                3.47
  3962.216 106.00112     0.227    -6.402                3.47
  3962.344 106.00112     0.733    -6.344                3.47
  3962.386 106.00112     0.227    -1.426                3.47
  3962.391 106.00112     0.733    -4.407                3.47
  3962.433 106.00112     0.773    -6.443                3.47
  3962.444 106.00112     0.733    -4.376                3.47
  3962.463 106.00112     0.773    -4.151                3.47
  3962.507 106.00112     0.773    -4.173                3.47
  3963.105 106.00112     0.464    -1.111                3.47
  3963.146 106.00112     0.464    -4.428                3.47
  3963.175 106.00112     0.464    -4.428                3.47
  3963.215 106.00112     0.464    -1.085                3.47
  3963.266 106.00112     0.124    -3.983                3.47
  3963.604 106.00112     1.090    -6.065                3.47
  3963.651 106.00112     0.734    -6.345                3.47
  3963.671 106.00112     1.090    -3.783                3.47
  3963.684 106.00112     0.734    -4.408                3.47
  3963.703 106.00112     0.734    -4.376                3.47
  3963.706 106.00112     1.090    -3.756                3.47
  3963.756 106.00112     1.090    -6.140                3.47
  3964.795 106.00112     0.775    -4.152                3.47
  3964.795 106.00112     0.775    -6.443                3.47
  3964.867 106.00112     0.775    -4.173                3.47
  3965.015 106.00112     1.091    -6.065                3.47
  3965.039 106.00112     1.091    -3.756                3.47
  3965.053 106.00112     1.091    -3.783                3.47
  3965.092 106.00112     1.091    -6.140                3.47
  3965.388 106.00112     0.709    -7.724                3.47
  3965.563 106.00112     0.709    -7.724                3.47
  3966.250 106.00112     0.777    -5.451                3.47
  3966.294 106.00112     0.777    -6.753                3.47
  3966.522 106.00112     0.777    -5.386                3.47
  3966.659 106.00112     0.777    -5.451                3.47
  3966.705 106.00112     0.777    -6.753                3.47
  3966.895 106.00112     0.777    -5.386                3.47
  3968.511 106.00112     0.843    -6.514                3.47
  3968.530 106.00112     0.843    -4.181                3.47
  3968.588 106.00112     0.843    -4.202                3.47
  3968.612 106.00112     0.312    -7.017                3.47
  3968.752 106.00112     0.784    -6.420                3.47
  3968.809 106.00112     0.784    -4.423                3.47
  3968.840 106.00112     0.784    -4.394                3.47
  3968.933 106.00112     1.142    -6.030                3.47
  3969.012 106.00112     1.142    -3.694                3.47
  3969.028 106.00112     1.142    -3.668                3.47
  3969.086 106.00112     1.142    -6.101                3.47
  3969.416 106.00112     0.521    -7.058                3.47
  3969.666 106.00112     0.313    -7.017                3.47
  3970.051 106.00112     0.522    -7.058                3.47
  3970.218 106.00112     0.786    -6.421                3.47
  3970.259 106.00112     0.786    -4.394                3.47
  3970.259 106.00112     0.786    -4.423                3.47
  3970.503 106.00112     1.143    -6.030                3.47
  3970.513 106.00112     1.143    -3.669                3.47
  3970.544 106.00112     1.143    -3.694                3.47
  3970.574 106.00112     1.143    -6.101                3.47
  3971.055 106.00112     0.845    -4.182                3.47
  3971.060 106.00112     0.845    -6.514                3.47
  3971.136 106.00112     0.845    -4.202                3.47
  3972.209 106.00112     0.805    -5.365                3.47
  3972.237 106.00112     0.805    -6.786                3.47
  3972.242 106.00112     0.268    -1.438                3.47
  3972.291 106.00112     0.268    -6.516                3.47
  3972.438 106.00112     0.805    -5.309                3.47
  3972.441 106.00112     0.268    -1.404                3.47
  3972.717 106.00112     0.806    -5.365                3.47
  3972.746 106.00112     0.806    -6.786                3.47
  3972.907 106.00112     0.806    -5.309                3.47
  3973.933 106.00112     1.596    -5.744                3.47
  3974.072 106.00112     1.596    -5.766                3.47
  3974.080 106.00112     1.596    -10.260                3.47
  3974.385 106.00112     0.521    -1.109                3.47
  3974.415 106.00112     0.521    -4.478                3.47
  3974.459 106.00112     0.521    -4.478                3.47
  3974.488 106.00112     0.728    -7.709                3.47
  3974.489 106.00112     0.521    -1.084                3.47
  3974.731 106.00112     0.728    -7.709                3.47
  3974.763 106.00112     0.916    -6.596                3.47
  3974.771 106.00112     0.916    -4.223                3.47
  3974.788 106.00112     1.197    -5.993                3.47
  3974.845 106.00112     0.916    -4.243                3.47
  3974.878 106.00112     1.197    -3.581                3.47
  3974.880 106.00112     1.197    -3.605                3.47
  3974.943 106.00112     1.197    -6.060                3.47
  3975.384 106.00112     0.838    -6.510                3.47
  3975.450 106.00112     0.838    -4.457                3.47
  3975.460 106.00112     0.839    -4.429                3.47
  3975.513 106.00112     0.155    -4.046                3.47
  3975.845 106.00112     1.289    -8.162                3.47
  3976.518 106.00112     1.198    -3.581                3.47
  3976.524 106.00112     1.198    -5.993                3.47
  3976.568 106.00112     1.198    -3.605                3.47
  3976.589 106.00112     1.198    -6.060                3.47
  3977.014 106.00112     0.840    -6.511                3.47
  3977.044 106.00112     0.840    -4.429                3.47
  3977.062 106.00112     0.840    -4.457                3.47
  3977.491 106.00112     0.918    -4.224                3.47
  3977.500 106.00112     0.918    -6.596                3.47
  3977.579 106.00112     0.918    -4.243                3.47
  3977.836 106.00112     0.359    -7.048                3.47
  3978.425 106.00112     0.837    -5.281                3.47
  3978.440 106.00112     0.837    -6.808                3.47
  3978.618 106.00112     0.837    -5.232                3.47
  3978.922 106.00112     0.557    -7.085                3.47
  3979.041 106.00112     0.838    -5.281                3.47
  3979.041 106.00112     0.360    -7.048                3.47
  3979.056 106.00112     0.838    -6.808                3.47
  3979.193 106.00112     0.838    -5.232                3.47
  3979.677 106.00112     0.558    -7.085                3.47
