  3930.227 106.00113     1.084    -6.490                3.47
  3930.122 106.00113     0.693    -5.033                3.47
  3929.952 106.00113     1.084    -3.950                3.47
  3929.523 106.00113     1.084    -6.546                3.47
  3930.238 106.00113     0.693    -5.033                3.47
  3930.328 106.00113     0.693    -5.978                3.47
  3929.364 106.00113     0.051    -3.740                3.47
  3930.443 106.00113     0.693    -5.978                3.47
  3930.473 106.00113     0.693    -6.268                3.47
  3930.569 106.00113     0.693    -6.268                3.47
  3930.678 106.00113     0.693    -4.915                3.47
  3931.150 106.00113     0.411    -6.137                3.47
  3930.861 106.00113     0.411    -4.179                3.47
  3930.774 106.00113     0.693    -4.915                3.47
  3930.836 106.00113     0.411    -4.148                3.47
  3931.351 106.00113     0.709    -4.876                3.47
  3931.544 106.00113     0.709    -6.059                3.47
  3931.522 106.00113     0.709    -4.876                3.47
  3928.730 106.00113     1.430    -8.411                3.47
  3931.716 106.00113     0.709    -6.059                3.47
  3931.589 106.00113     0.709    -6.291                3.47
  3931.782 106.00113     0.709    -4.786                3.47
  3931.737 106.00113     0.709    -6.292                3.47
  3931.931 106.00113     0.709    -4.786                3.47
  3931.187 106.00113     0.641    -1.476                3.47
  3930.808 106.00113     0.641    -7.872                3.47
  3933.048 106.00113     0.155    -6.923                3.47
  3932.803 106.00113     0.728    -4.748                3.47
  3932.992 106.00113     0.728    -6.114                3.47
  3933.061 106.00113     1.149    -6.323                3.47
  3932.676 106.00113     1.149    -3.722                3.47
  3933.041 106.00113     0.728    -4.748                3.47
  3932.812 106.00113     1.149    -3.742                3.47
  3932.388 106.00113     1.149    -6.377                3.47
  3933.232 106.00113     0.728    -6.114                3.47
  3932.958 106.00113     0.729    -6.309                3.47
  3933.147 106.00113     0.729    -4.674                3.47
  3933.447 106.00113     0.408    -7.045                3.47
  3933.585 106.00113     0.155    -6.923                3.47
  3933.168 106.00113     0.729    -6.309                3.47
  3933.357 106.00113     0.729    -4.674                3.47
  3933.696 106.00113     0.408    -7.045                3.47
  3933.756 106.00113     0.521    -4.543                3.47
  3933.973 106.00113     0.521    -6.092                3.47
  3933.908 106.00113     0.521    -4.494                3.47
  3934.380 106.00113     0.522    -4.543                3.47
  3934.600 106.00113     0.522    -6.092                3.47
  3934.493 106.00113     0.522    -4.494                3.47
  3934.499 106.00113     0.751    -4.634                3.47
  3934.688 106.00113     0.751    -6.151                3.47
  3935.128 106.00113     0.463    -6.178                3.47
  3934.832 106.00113     0.463    -4.160                3.47
  3934.589 106.00113     0.751    -6.319                3.47
  3934.836 106.00113     0.463    -4.131                3.47
  3934.778 106.00113     0.751    -4.572                3.47
  3934.815 106.00113     0.751    -4.634                3.47
  3935.004 106.00113     0.751    -6.151                3.47
  3934.873 106.00113     0.751    -6.319                3.47
  3935.062 106.00113     0.751    -4.572                3.47
  3935.015 106.00113     1.151    -3.722                3.47
  3935.499 106.00113     1.151    -6.323                3.47
  3934.777 106.00113     1.151    -6.377                3.47
  3935.223 106.00113     1.151    -3.742                3.47
  3935.076 106.00113     0.313    -1.145                3.47
  3936.617 106.00113     0.464    -6.179                3.47
  3935.393 106.00113     0.313    -4.284                3.47
  3936.275 106.00113     0.464    -4.131                3.47
  3936.320 106.00113     0.464    -4.160                3.47
  3935.195 106.00113     0.124    -1.568                3.47
  3934.832 106.00113     0.313    -4.284                3.47
  3935.389 106.00113     0.124    -5.994                3.47
  3935.148 106.00113     0.313    -1.113                3.47
  3936.459 106.00113     0.777    -4.529                3.47
  3935.419 106.00113     0.124    -1.519                3.47
  3936.650 106.00113     0.777    -6.174                3.47
  3936.495 106.00113     0.777    -6.321                3.47
  3936.686 106.00113     0.777    -4.475                3.47
  3936.862 106.00113     0.777    -4.529                3.47
  3937.053 106.00113     0.777    -6.174                3.47
  3936.861 106.00113     0.777    -6.321                3.47
  3937.052 106.00113     0.777    -4.475                3.47
  3938.643 106.00113     1.219    -6.176                3.47
  3938.399 106.00113     1.219    -3.555                3.47
  3938.699 106.00113     0.805    -4.430                3.47
  3938.891 106.00113     0.805    -6.185                3.47
  3938.685 106.00113     0.805    -6.316                3.47
  3938.880 106.00113     0.805    -4.382                3.47
  3939.470 106.00113     0.557    -6.131                3.47
  3939.248 106.00113     0.557    -4.489                3.47
  3939.195 106.00113     0.806    -4.430                3.47
  3939.393 106.00113     0.806    -6.185                3.47
  3939.363 106.00113     0.557    -4.445                3.47
  3939.143 106.00113     0.806    -6.317                3.47
  3939.338 106.00113     0.806    -4.382                3.47
  3939.990 106.00113     0.558    -4.489                3.47
  3940.217 106.00113     0.558    -6.131                3.47
  3940.065 106.00113     0.558    -4.445                3.47
  3940.531 106.00113     0.519    -6.223                3.47
  3940.226 106.00113     0.519    -4.148                3.47
  3940.206 106.00113     0.520    -4.121                3.47
  3940.461 106.00113     0.680    -6.405                3.47
  3940.531 106.00113     0.680    -6.405                3.47
  3940.758 106.00113     0.680    -6.522                3.47
  3940.828 106.00113     0.680    -6.522                3.47
  3940.004 106.00113     0.072    -3.834                3.47
  3941.261 106.00113     1.221    -6.176                3.47
  3940.986 106.00113     1.221    -3.555                3.47
  3941.277 106.00113     0.680    -6.163                3.47
  3941.235 106.00113     0.837    -4.333                3.47
  3941.429 106.00113     0.837    -6.186                3.47
  3941.329 106.00113     0.680    -6.163                3.47
  3941.176 106.00113     0.837    -6.305                3.47
  3941.374 106.00113     0.837    -4.290                3.47
  3942.078 106.00113     0.189    -6.941                3.47
  3942.186 106.00113     0.521    -6.223                3.47
  3941.813 106.00113     0.521    -4.121                3.47
  3941.880 106.00113     0.521    -4.148                3.47
  3941.836 106.00113     0.838    -4.333                3.47
  3942.035 106.00113     0.838    -6.187                3.47
  3941.735 106.00113     0.838    -6.305                3.47
  3941.934 106.00113     0.838    -4.290                3.47
  3942.427 106.00113     0.431    -7.026                3.47
  3942.731 106.00113     0.190    -6.941                3.47
  3942.756 106.00113     0.431    -7.026                3.47
  3944.282 106.00113     0.872    -6.180                3.47
  3944.083 106.00113     0.872    -4.239                3.47
  3944.189 106.00113     0.872    -4.200                3.47
  3943.987 106.00113     0.872    -6.289                3.47
  3943.238 106.00113     0.360    -1.129                3.47
  3943.573 106.00113     0.360    -4.331                3.47
  3942.958 106.00113     0.360    -4.332                3.47
  3943.405 106.00113     0.155    -1.527                3.47
  3943.291 106.00113     0.360    -1.099                3.47
  3943.624 106.00113     0.155    -6.145                3.47
  3943.599 106.00113     0.155    -1.483                3.47
  3945.120 106.00113     0.597    -6.174                3.47
  3944.889 106.00113     0.597    -4.449                3.47
  3945.003 106.00113     0.873    -6.180                3.47
  3944.796 106.00113     0.873    -4.239                3.47
  3944.975 106.00113     0.597    -4.409                3.47
  3944.860 106.00113     0.873    -4.200                3.47
  3944.657 106.00113     0.873    -6.289                3.47
  3945.316 106.00113     0.693    -6.017                3.47
  3945.433 106.00113     0.693    -6.018                3.47
  3945.551 106.00113     0.693    -6.529                3.47
  3945.666 106.00113     0.693    -6.529                3.47
  3946.037 106.00113     0.579    -6.270                3.47
  3945.722 106.00113     0.579    -4.142                3.47
  3945.683 106.00113     0.579    -4.117                3.47
  3945.995 106.00113     0.597    -6.174                3.47
  3945.758 106.00113     0.597    -4.449                3.47
  3945.803 106.00113     0.597    -4.409                3.47
  3945.905 106.00113     0.693    -5.851                3.47
  3946.000 106.00113     0.693    -5.851                3.47
  3943.693 106.00113     1.381    -8.309                3.47
  3947.471 106.00113     0.910    -6.167                3.47
  3947.268 106.00113     0.910    -4.146                3.47
  3947.863 106.00113     0.580    -6.270                3.47
  3947.464 106.00113     0.580    -4.117                3.47
  3947.545 106.00113     0.580    -4.143                3.47
  3947.343 106.00113     0.910    -4.110                3.47
  3947.135 106.00113     0.910    -6.267                3.47
  3948.314 106.00113     0.911    -6.167                3.47
  3948.103 106.00113     0.911    -4.146                3.47
  3948.130 106.00113     0.911    -4.110                3.47
  3947.924 106.00113     0.911    -6.267                3.47
  3950.336 106.00113     0.709    -5.799                3.47
  3950.545 106.00113     0.709    -6.588                3.47
  3950.511 106.00113     0.709    -5.799                3.47
  3950.718 106.00113     0.709    -6.589                3.47
  3950.931 106.00113     0.639    -6.224                3.47
  3950.695 106.00113     0.639    -4.421                3.47
  3950.750 106.00113     0.639    -4.385                3.47
  3951.153 106.00113     0.227    -6.963                3.47
  3950.786 106.00113     0.709    -5.680                3.47
  3951.018 106.00113     0.951    -6.148                3.47
  3950.812 106.00113     0.951    -4.054                3.47
  3950.935 106.00113     0.709    -5.680                3.47
  3950.857 106.00113     0.951    -4.021                3.47
  3950.647 106.00113     0.951    -6.240                3.47
  3951.657 106.00113     0.641    -6.322                3.47
  3951.527 106.00113     0.458    -7.026                3.47
  3951.273 106.00113     0.641    -4.120                3.47
  3951.334 106.00113     0.641    -4.144                3.47
  3951.930 106.00113     0.228    -6.963                3.47
  3951.943 106.00113     0.640    -6.224                3.47
  3951.699 106.00113     0.640    -4.422                3.47
  3951.949 106.00113     0.458    -7.026                3.47
  3951.713 106.00113     0.640    -4.385                3.47
  3951.993 106.00113     0.951    -6.148                3.47
  3951.774 106.00113     0.951    -4.054                3.47
  3951.771 106.00113     0.952    -4.021                3.47
  3951.562 106.00113     0.952    -6.240                3.47
  3951.146 106.00113     0.096    -3.913                3.47
  3953.657 106.00113     0.642    -6.322                3.47
  3952.176 106.00113     0.189    -1.492                3.47
  3953.232 106.00113     0.642    -4.121                3.47
  3952.418 106.00113     0.189    -6.278                3.47
  3953.334 106.00113     0.642    -4.145                3.47
  3952.302 106.00113     0.411    -1.118                3.47
  3952.344 106.00113     0.189    -1.453                3.47
  3951.985 106.00113     0.411    -4.379                3.47
  3952.649 106.00113     0.411    -4.379                3.47
  3952.334 106.00113     0.411    -1.090                3.47
  3954.948 106.00113     0.994    -6.124                3.47
  3954.743 106.00113     0.994    -3.963                3.47
  3954.762 106.00113     0.994    -3.933                3.47
  3954.546 106.00113     0.994    -6.210                3.47
  3955.558 106.00113     0.728    -5.654                3.47
  3955.754 106.00113     0.728    -6.651                3.47
  3955.799 106.00113     0.728    -5.654                3.47
  3955.996 106.00113     0.728    -6.651                3.47
  3955.910 106.00113     0.729    -5.561                3.47
  3956.062 106.00113     0.995    -6.125                3.47
  3955.838 106.00113     0.995    -3.963                3.47
  3955.809 106.00113     0.995    -3.933                3.47
  3955.596 106.00113     0.995    -6.210                3.47
  3956.123 106.00113     0.729    -5.561                3.47
  3956.916 106.00113     0.685    -6.280                3.47
  3956.673 106.00113     0.685    -4.407                3.47
  3956.699 106.00113     0.685    -4.374                3.47
  3957.400 106.00113     0.705    -6.379                3.47
  3957.080 106.00113     0.693    -7.838                3.47
  3956.989 106.00113     0.706    -4.131                3.47
  3957.069 106.00113     0.705    -4.154                3.47
  3957.198 106.00113     0.693    -7.838                3.47
  3958.072 106.00113     0.686    -6.280                3.47
  3957.819 106.00113     0.686    -4.407                3.47
  3957.807 106.00113     0.686    -4.374                3.47
  3959.580 106.00113     0.707    -6.379                3.47
  3959.133 106.00113     0.707    -4.132                3.47
  3959.247 106.00113     0.707    -4.155                3.47
  3959.293 106.00113     1.041    -6.096                3.47
  3959.089 106.00113     1.041    -3.873                3.47
  3959.078 106.00113     1.041    -3.844                3.47
  3958.859 106.00113     1.041    -6.176                3.47
  3960.267 106.00113     0.268    -6.989                3.47
  3960.552 106.00113     1.042    -6.097                3.47
  3960.752 106.00113     0.488    -7.038                3.47
  3960.325 106.00113     1.042    -3.873                3.47
  3960.265 106.00113     1.042    -3.844                3.47
  3960.049 106.00113     1.042    -6.177                3.47
  3961.179 106.00113     0.269    -6.989                3.47
  3960.997 106.00113     0.751    -5.544                3.47
  3961.276 106.00113     0.488    -7.038                3.47
  3961.188 106.00113     0.751    -6.707                3.47
  3961.317 106.00113     0.751    -5.544                3.47
  3961.279 106.00113     0.751    -5.468                3.47
  3961.508 106.00113     0.751    -6.707                3.47
  3958.569 106.00113     1.333    -8.218                3.47
  3961.568 106.00113     0.751    -5.468                3.47
  3959.395 106.00113     1.656    -6.024                3.47
  3959.461 106.00113     1.656    -6.044                3.47
  3959.088 106.00113     1.656    -10.590                3.47
  3961.541 106.00113     0.227    -1.463                3.47
  3961.807 106.00113     0.227    -6.402                3.47
  3963.085 106.00113     0.733    -6.344                3.47
  3961.689 106.00113     0.227    -1.426                3.47
  3962.838 106.00113     0.733    -4.407                3.47
  3963.281 106.00113     0.773    -6.443                3.47
  3962.838 106.00113     0.733    -4.376                3.47
  3962.843 106.00113     0.773    -4.151                3.47
  3962.944 106.00113     0.773    -4.173                3.47
  3962.361 106.00113     0.464    -1.111                3.47
  3962.014 106.00113     0.464    -4.428                3.47
  3962.722 106.00113     0.464    -4.428                3.47
  3962.373 106.00113     0.464    -1.085                3.47
  3962.804 106.00113     0.124    -3.983                3.47
  3964.080 106.00113     1.090    -6.065                3.47
  3964.393 106.00113     0.734    -6.345                3.47
  3963.877 106.00113     1.090    -3.783                3.47
  3964.132 106.00113     0.734    -4.408                3.47
  3964.097 106.00113     0.734    -4.376                3.47
  3963.839 106.00113     1.090    -3.756                3.47
  3963.619 106.00113     1.090    -6.140                3.47
  3965.176 106.00113     0.775    -4.152                3.47
  3965.644 106.00113     0.775    -6.443                3.47
  3965.305 106.00113     0.775    -4.173                3.47
  3965.492 106.00113     1.091    -6.065                3.47
  3965.173 106.00113     1.091    -3.756                3.47
  3965.259 106.00113     1.091    -3.783                3.47
  3964.956 106.00113     1.091    -6.140                3.47
  3965.924 106.00113     0.709    -7.724                3.47
  3966.099 106.00113     0.709    -7.724                3.47
  3966.667 106.00113     0.777    -5.451                3.47
  3966.859 106.00113     0.777    -6.753                3.47
  3966.894 106.00113     0.777    -5.386                3.47
  3967.076 106.00113     0.777    -5.451                3.47
  3967.270 106.00113     0.777    -6.753                3.47
  3967.267 106.00113     0.777    -5.386                3.47
  3969.313 106.00113     0.843    -6.514                3.47
  3968.850 106.00113     0.843    -4.181                3.47
  3968.970 106.00113     0.843    -4.202                3.47
  3969.419 106.00113     0.312    -7.017                3.47
  3969.457 106.00113     0.784    -6.420                3.47
  3969.204 106.00113     0.784    -4.423                3.47
  3969.178 106.00113     0.784    -4.394                3.47
  3969.346 106.00113     1.142    -6.030                3.47
  3969.146 106.00113     1.142    -3.694                3.47
  3969.083 106.00113     1.142    -3.668                3.47
  3968.862 106.00113     1.142    -6.101                3.47
  3970.098 106.00113     0.521    -7.058                3.47
  3970.473 106.00113     0.313    -7.017                3.47
  3970.734 106.00113     0.522    -7.058                3.47
  3970.923 106.00113     0.786    -6.421                3.47
  3970.596 106.00113     0.786    -4.394                3.47
  3970.655 106.00113     0.786    -4.423                3.47
  3970.917 106.00113     1.143    -6.030                3.47
  3970.568 106.00113     1.143    -3.669                3.47
  3970.678 106.00113     1.143    -3.694                3.47
  3970.350 106.00113     1.143    -6.101                3.47
  3971.376 106.00113     0.845    -4.182                3.47
  3971.863 106.00113     0.845    -6.514                3.47
  3971.518 106.00113     0.845    -4.202                3.47
  3972.581 106.00113     0.805    -5.365                3.47
  3972.776 106.00113     0.805    -6.786                3.47
  3971.541 106.00113     0.268    -1.438                3.47
  3971.829 106.00113     0.268    -6.516                3.47
  3972.761 106.00113     0.805    -5.309                3.47
  3971.668 106.00113     0.268    -1.404                3.47
  3973.090 106.00113     0.806    -5.365                3.47
  3973.284 106.00113     0.806    -6.786                3.47
  3973.230 106.00113     0.806    -5.309                3.47
  3971.918 106.00113     1.596    -5.744                3.47
  3971.972 106.00113     1.596    -5.766                3.47
  3971.611 106.00113     1.596    -10.260                3.47
  3973.538 106.00113     0.521    -1.109                3.47
  3973.159 106.00113     0.521    -4.478                3.47
  3973.911 106.00113     0.521    -4.478                3.47
  3974.990 106.00113     0.728    -7.709                3.47
  3973.532 106.00113     0.521    -1.084                3.47
  3975.234 106.00113     0.728    -7.709                3.47
  3975.513 106.00113     0.916    -6.596                3.47
  3975.027 106.00113     0.916    -4.223                3.47
  3975.129 106.00113     1.197    -5.993                3.47
  3975.166 106.00113     0.916    -4.243                3.47
  3974.846 106.00113     1.197    -3.581                3.47
  3974.935 106.00113     1.197    -3.605                3.47
  3974.625 106.00113     1.197    -6.060                3.47
  3976.046 106.00113     0.838    -6.510                3.47
  3975.789 106.00113     0.838    -4.457                3.47
  3975.738 106.00113     0.839    -4.429                3.47
  3974.997 106.00113     0.155    -4.046                3.47
  3973.330 106.00113     1.289    -8.162                3.47
  3976.486 106.00113     1.198    -3.581                3.47
  3976.866 106.00113     1.198    -5.993                3.47
  3976.624 106.00113     1.198    -3.605                3.47
  3976.271 106.00113     1.198    -6.060                3.47
  3977.677 106.00113     0.840    -6.511                3.47
  3977.323 106.00113     0.840    -4.429                3.47
  3977.400 106.00113     0.840    -4.457                3.47
  3977.747 106.00113     0.918    -4.224                3.47
  3978.252 106.00113     0.918    -6.596                3.47
  3977.901 106.00113     0.918    -4.243                3.47
  3978.605 106.00113     0.359    -7.048                3.47
  3978.749 106.00113     0.837    -5.281                3.47
  3978.949 106.00113     0.837    -6.808                3.47
  3978.888 106.00113     0.837    -5.232                3.47
  3979.566 106.00113     0.557    -7.085                3.47
  3979.365 106.00113     0.838    -5.281                3.47
  3979.810 106.00113     0.360    -7.048                3.47
  3979.565 106.00113     0.838    -6.808                3.47
  3979.463 106.00113     0.838    -5.232                3.47
