3.930010000000000218e+03 1.248761057999999924e+00
3.930039999999999964e+03 7.331882720000000297e-01
3.930070000000000164e+03 3.340832890000000055e-01
3.930110000000000127e+03 1.759897019999999979e-01
3.930139999999999873e+03 1.072052956000000057e+00
3.930170000000000073e+03 6.656708120000000006e-01
3.930199999999999818e+03 3.729763030000000090e-01
3.930239999999999782e+03 1.089544057999999982e+00
3.930269999999999982e+03 1.321851015000000018e+00
3.930300000000000182e+03 4.034107029999999816e-01
3.930340000000000146e+03 8.593341000000000174e-02
3.930369999999999891e+03 3.890638949999999929e-01
3.930400000000000091e+03 4.979174140000000026e-01
3.930429999999999836e+03 7.372704150000000123e-01
3.930469999999999800e+03 9.449167849999999813e-01
3.930500000000000000e+03 4.992660879999999968e-01
3.930530000000000200e+03 1.158635019999999960e+00
3.930559999999999945e+03 7.977727060000000536e-01
3.930599999999999909e+03 9.580684900000000503e-01
3.930630000000000109e+03 1.439777016999999937e+00
3.930659999999999854e+03 1.318364024000000079e+00
3.930699999999999818e+03 1.462870955000000084e+00
3.930730000000000018e+03 4.385448989999999880e-01
3.930760000000000218e+03 6.572365159999999928e-01
3.930789999999999964e+03 1.395706058000000027e+00
3.930829999999999927e+03 1.226215958999999911e+00
3.930860000000000127e+03 6.845887899999999471e-01
3.930889999999999873e+03 6.717970970000000097e-01
3.930929999999999836e+03 5.010957120000000264e-01
3.930960000000000036e+03 8.623350859999999729e-01
3.930989999999999782e+03 7.556263210000000452e-01
3.931019999999999982e+03 7.616650299999999651e-02
3.931059999999999945e+03 1.778070029999999913e-01
3.931090000000000146e+03 6.768159870000000078e-01
3.931119999999999891e+03 1.587216020000000061e+00
3.931150000000000091e+03 1.541283965000000089e+00
3.931190000000000055e+03 1.004132985999999894e+00
3.931219999999999800e+03 7.340160009999999735e-01
3.931250000000000000e+03 1.112005949000000049e+00
3.931289999999999964e+03 1.118388056999999991e+00
3.931320000000000164e+03 6.701877710000000432e-01
3.931349999999999909e+03 1.485353946999999897e+00
3.931380000000000109e+03 2.207150936000000119e+00
3.931420000000000073e+03 1.604797006000000081e+00
3.931449999999999818e+03 8.553012009999999554e-01
3.931480000000000018e+03 8.937724830000000065e-01
3.931510000000000218e+03 8.584088090000000504e-01
3.931550000000000182e+03 1.466727018000000049e+00
3.931579999999999927e+03 1.285001993000000065e+00
3.931610000000000127e+03 6.759364009999999645e-01
3.931650000000000091e+03 3.673436939999999984e-01
3.931679999999999836e+03 6.767141220000000290e-01
3.931710000000000036e+03 6.791610719999999768e-01
3.931739999999999782e+03 3.853386939999999816e-01
3.931780000000000200e+03 9.384490250000000477e-01
3.931809999999999945e+03 6.934171919999999600e-01
3.931840000000000146e+03 4.857572909999999800e-01
3.931880000000000109e+03 6.027166250000000058e-01
3.931909999999999854e+03 4.299075010000000252e-01
3.931940000000000055e+03 7.495589849999999554e-01
3.931969999999999800e+03 1.383607030000000071e+00
3.932010000000000218e+03 1.966452002999999893e+00
3.932039999999999964e+03 1.547518968999999966e+00
3.932070000000000164e+03 1.032950043999999901e+00
3.932099999999999909e+03 8.469982740000000510e-01
3.932139999999999873e+03 1.199486016999999904e+00
3.932170000000000073e+03 1.172974943999999908e+00
3.932199999999999818e+03 7.272695900000000213e-01
3.932239999999999782e+03 5.743238929999999742e-01
3.932269999999999982e+03 6.813362240000000458e-01
3.932300000000000182e+03 6.346004010000000362e-01
3.932329999999999927e+03 5.588821769999999800e-01
3.932369999999999891e+03 6.011806729999999988e-01
3.932400000000000091e+03 7.161903979999999503e-01
3.932429999999999836e+03 6.580231189999999897e-01
3.932460000000000036e+03 4.997347890000000126e-01
3.932500000000000000e+03 4.018734099999999865e-01
3.932530000000000200e+03 6.739019750000000419e-01
3.932559999999999945e+03 8.078675870000000536e-01
3.932599999999999909e+03 4.469236140000000246e-01
3.932630000000000109e+03 6.070497040000000233e-01
3.932659999999999854e+03 1.021095037000000039e+00
3.932690000000000055e+03 9.227361080000000548e-01
3.932730000000000018e+03 7.167205210000000548e-01
3.932760000000000218e+03 5.605381729999999729e-01
3.932789999999999964e+03 7.284708020000000284e-01
3.932820000000000164e+03 6.226261849999999987e-01
3.932860000000000127e+03 8.965162039999999832e-01
3.932889999999999873e+03 1.196017026999999899e+00
3.932920000000000073e+03 1.233556032000000080e+00
3.932960000000000036e+03 9.265459179999999684e-01
3.932989999999999782e+03 6.162492040000000504e-01
3.933019999999999982e+03 5.684798960000000401e-01
3.933050000000000182e+03 5.243331190000000142e-01
3.933090000000000146e+03 7.451913949999999787e-01
3.933119999999999891e+03 6.342836020000000019e-01
3.933150000000000091e+03 4.453752899999999931e-02
3.933190000000000055e+03 5.755683179999999677e-01
3.933219999999999800e+03 7.688971759999999600e-01
3.933250000000000000e+03 7.903764250000000491e-01
3.933280000000000200e+03 8.997905849999999761e-01
3.933320000000000164e+03 9.898948069999999877e-01
3.933349999999999909e+03 1.008913039999999928e+00
3.933380000000000109e+03 1.250807046999999894e+00
3.933409999999999854e+03 9.418632980000000154e-01
3.933449999999999818e+03 1.248625993999999961e+00
3.933480000000000018e+03 8.920276169999999949e-01
3.933510000000000218e+03 9.854257699999999787e-01
3.933550000000000182e+03 9.561740159999999600e-01
3.933579999999999927e+03 9.244992730000000103e-01
3.933610000000000127e+03 1.594262958000000063e+00
3.933639999999999873e+03 2.122107982999999809e+00
3.933679999999999836e+03 1.732046007999999970e+00
3.933710000000000036e+03 1.053140044000000053e+00
3.933739999999999782e+03 9.065132139999999561e-01
3.933769999999999982e+03 9.242317079999999851e-01
3.933809999999999945e+03 4.328767060000000000e-01
3.933840000000000146e+03 7.827317710000000206e-01
3.933869999999999891e+03 6.154894229999999800e-01
3.933909999999999854e+03 1.029307007999999968e+00
3.933940000000000055e+03 1.298815011999999935e+00
3.933969999999999800e+03 1.268221021000000004e+00
3.934000000000000000e+03 1.389520048999999924e+00
3.934039999999999964e+03 1.205556988999999968e+00
3.934070000000000164e+03 1.262722968999999917e+00
3.934099999999999909e+03 6.852735880000000446e-01
3.934130000000000109e+03 4.899871049999999784e-01
3.934170000000000073e+03 1.031188964999999902e+00
3.934199999999999818e+03 8.430871960000000387e-01
3.934230000000000018e+03 9.166381959999999607e-01
3.934269999999999982e+03 1.008414984000000070e+00
3.934300000000000182e+03 6.142693759999999781e-01
3.934329999999999927e+03 -5.126798199999999667e-02
3.934360000000000127e+03 4.765535889999999997e-01
3.934400000000000091e+03 1.217542051999999986e+00
3.934429999999999836e+03 5.939654109999999987e-01
3.934460000000000036e+03 4.068217869999999903e-01
3.934489999999999782e+03 7.961652280000000026e-01
3.934530000000000200e+03 1.169510961000000071e+00
3.934559999999999945e+03 1.170534967999999898e+00
3.934590000000000146e+03 1.064679979999999970e+00
3.934630000000000109e+03 1.031684041000000107e+00
3.934659999999999854e+03 4.640780090000000135e-01
3.934690000000000055e+03 1.006098986000000028e+00
3.934719999999999800e+03 1.438768982999999890e+00
3.934760000000000218e+03 2.654823960000000094e-01
3.934789999999999964e+03 6.335163116000000372e+00
3.934820000000000164e+03 1.527194023100000031e+01
3.934860000000000127e+03 1.098165035200000084e+01
3.934889999999999873e+03 2.547223091000000217e+00
3.934920000000000073e+03 1.334557055999999964e+00
3.934949999999999818e+03 2.242014885000000124e+00
3.934989999999999782e+03 8.018308880000000194e-01
3.935019999999999982e+03 7.083072070000000497e-01
3.935050000000000182e+03 1.101632952999999970e+00
3.935079999999999927e+03 1.258375049000000079e+00
3.935119999999999891e+03 1.415449023000000084e+00
3.935150000000000091e+03 1.407536029999999938e+00
3.935179999999999836e+03 1.148458957999999974e+00
3.935219999999999800e+03 7.555196880000000226e-01
3.935250000000000000e+03 1.287834047999999898e+00
3.935280000000000200e+03 9.838516120000000420e-01
3.935309999999999945e+03 5.672565099999999916e-01
3.935349999999999909e+03 3.544748129999999997e-01
3.935380000000000109e+03 6.113253239999999478e-01
3.935409999999999854e+03 5.694432849999999657e-01
3.935440000000000055e+03 4.443277119999999858e-01
3.935480000000000018e+03 1.138962983999999956e+00
3.935510000000000218e+03 7.994645830000000064e-01
3.935539999999999964e+03 7.202044730000000117e-01
3.935579999999999927e+03 7.023867959999999799e-01
3.935610000000000127e+03 6.430582999999999716e-01
3.935639999999999873e+03 5.375260109999999703e-01
3.935670000000000073e+03 4.778400959999999920e-01
3.935710000000000036e+03 8.980017900000000219e-01
3.935739999999999782e+03 7.694256900000000510e-01
3.935769999999999982e+03 6.307557230000000459e-01
3.935809999999999945e+03 7.092620729999999929e-01
3.935840000000000146e+03 7.311831119999999684e-01
3.935869999999999891e+03 4.585044979999999826e-01
3.935900000000000091e+03 5.512843729999999942e-01
3.935940000000000055e+03 6.037297249999999948e-01
3.935969999999999800e+03 4.834010899999999777e-01
3.936000000000000000e+03 8.746250269999999993e-01
3.936030000000000200e+03 8.577349779999999813e-01
3.936070000000000164e+03 4.287337059999999922e-01
3.936099999999999909e+03 4.646951850000000106e-01
3.936130000000000109e+03 8.484092949999999522e-01
3.936170000000000073e+03 9.897398950000000362e-01
3.936199999999999818e+03 9.182109830000000361e-01
3.936230000000000018e+03 1.229962945000000030e+00
3.936260000000000218e+03 9.838542940000000181e-01
3.936300000000000182e+03 1.071383953000000000e+00
3.936329999999999927e+03 1.201040982999999951e+00
3.936360000000000127e+03 9.610403779999999729e-01
3.936389999999999873e+03 2.487069070000000048e-01
3.936429999999999836e+03 1.130913972999999961e+00
3.936460000000000036e+03 1.430068016000000108e+00
3.936489999999999782e+03 1.142920017000000010e+00
3.936530000000000200e+03 1.096096039000000077e+00
3.936559999999999945e+03 7.449839710000000226e-01
3.936590000000000146e+03 9.654381279999999510e-01
3.936619999999999891e+03 7.486661079999999968e-01
3.936659999999999854e+03 6.909747120000000464e-01
3.936690000000000055e+03 9.957448840000000523e-01
3.936719999999999800e+03 1.411780000000000035e+00
3.936750000000000000e+03 8.518689870000000219e-01
3.936789999999999964e+03 3.526332079999999758e-01
3.936820000000000164e+03 8.864477280000000459e-01
3.936849999999999909e+03 1.204542994000000089e+00
3.936889999999999873e+03 1.084002018000000067e+00
3.936920000000000073e+03 9.295706150000000445e-01
3.936949999999999818e+03 1.063022016999999986e+00
3.936980000000000018e+03 1.111448049999999910e+00
3.937019999999999982e+03 8.308966759999999452e-01
3.937050000000000182e+03 7.094504240000000239e-01
3.937079999999999927e+03 6.762924190000000335e-01
3.937110000000000127e+03 6.895588040000000252e-01
3.937150000000000091e+03 6.305549740000000458e-01
3.937179999999999836e+03 6.843110919999999542e-01
3.937210000000000036e+03 1.797209024000000044e+00
3.937250000000000000e+03 1.423796057999999976e+00
3.937280000000000200e+03 7.422351839999999923e-01
3.937309999999999945e+03 6.144285200000000335e-01
3.937340000000000146e+03 6.065936090000000336e-01
3.937380000000000109e+03 1.253903030999999890e+00
3.937409999999999854e+03 1.711009978999999959e+00
3.937440000000000055e+03 1.022359014000000066e+00
3.937480000000000018e+03 4.959112999999999993e-01
3.937510000000000218e+03 9.480252270000000259e-01
3.937539999999999964e+03 1.349892974000000079e+00
3.937570000000000164e+03 1.251435040999999915e+00
3.937610000000000127e+03 1.229822039999999950e+00
3.937639999999999873e+03 1.698400021000000093e+00
3.937670000000000073e+03 1.324767947000000001e+00
3.937699999999999818e+03 3.813794850000000181e-01
3.937739999999999782e+03 4.117037949999999835e-01
3.937769999999999982e+03 1.205574036000000016e+00
3.937800000000000182e+03 1.984102964000000080e+00
3.937840000000000146e+03 1.232529997999999960e+00
3.937869999999999891e+03 7.441294189999999587e-01
3.937900000000000091e+03 9.983338120000000426e-01
3.937929999999999836e+03 1.090863943000000003e+00
3.937969999999999800e+03 1.162866949999999955e+00
3.938000000000000000e+03 1.239840983999999979e+00
3.938030000000000200e+03 1.529464960000000096e+00
3.938059999999999945e+03 1.321884990000000037e+00
3.938099999999999909e+03 1.276319026999999995e+00
3.938130000000000109e+03 1.489400982999999901e+00
3.938159999999999854e+03 9.230682850000000439e-01
3.938199999999999818e+03 4.248979990000000262e-01
3.938230000000000018e+03 4.856483939999999833e-01
3.938260000000000218e+03 1.166715026000000099e+00
3.938289999999999964e+03 1.350942969000000105e+00
3.938329999999999927e+03 9.168719050000000426e-01
3.938360000000000127e+03 8.961176870000000516e-01
3.938389999999999873e+03 1.680070995999999983e+00
3.938429999999999836e+03 1.330816983999999925e+00
3.938460000000000036e+03 8.737220169999999619e-01
3.938489999999999782e+03 9.959387779999999690e-01
3.938519999999999982e+03 8.403565880000000154e-01
3.938559999999999945e+03 6.836251020000000400e-01
3.938590000000000146e+03 9.838963149999999658e-01
3.938619999999999891e+03 1.363399028999999985e+00
3.938650000000000091e+03 1.155583024000000014e+00
3.938690000000000055e+03 1.041671991000000075e+00
3.938719999999999800e+03 1.657742022999999953e+00
3.938750000000000000e+03 1.128203988000000102e+00
3.938789999999999964e+03 1.637495995000000093e+00
3.938820000000000164e+03 1.755633949999999999e+00
3.938849999999999909e+03 8.420621160000000271e-01
3.938880000000000109e+03 2.661381959999999935e-01
3.938920000000000073e+03 4.203380050000000145e-01
3.938949999999999818e+03 8.634331819999999658e-01
3.938980000000000018e+03 8.017495869999999858e-01
3.939010000000000218e+03 1.240993977000000026e+00
3.939050000000000182e+03 1.242784976999999902e+00
3.939079999999999927e+03 9.262515900000000135e-01
3.939110000000000127e+03 1.073140978999999939e+00
3.939150000000000091e+03 7.590448859999999742e-01
3.939179999999999836e+03 4.483118059999999794e-01
3.939210000000000036e+03 7.069197889999999651e-01
3.939239999999999782e+03 1.221691011999999965e+00
3.939280000000000200e+03 1.746945976999999983e+00
3.939309999999999945e+03 1.714040994999999956e+00
3.939340000000000146e+03 1.218155979999999916e+00
3.939369999999999891e+03 9.781606790000000329e-01
3.939409999999999854e+03 1.710531950000000023e+00
3.939440000000000055e+03 1.408427000000000096e+00
3.939469999999999800e+03 1.093878031000000028e+00
3.939510000000000218e+03 1.181723952000000022e+00
3.939539999999999964e+03 1.131984949000000018e+00
3.939570000000000164e+03 1.090177058999999948e+00
3.939599999999999909e+03 7.424725290000000477e-01
3.939639999999999873e+03 5.158253910000000220e-01
3.939670000000000073e+03 9.760035870000000058e-01
3.939699999999999818e+03 9.279562829999999929e-01
3.939739999999999782e+03 7.960851789999999761e-01
3.939769999999999982e+03 1.038236021999999981e+00
3.939800000000000182e+03 1.010432004999999966e+00
3.939829999999999927e+03 1.032574058000000017e+00
3.939869999999999891e+03 1.226837039000000074e+00
3.939900000000000091e+03 1.424878955000000058e+00
3.939929999999999836e+03 1.278992056999999960e+00
3.939960000000000036e+03 1.085878015000000030e+00
3.940000000000000000e+03 7.849274280000000381e-01
3.940030000000000200e+03 4.867880050000000236e-01
3.940059999999999945e+03 5.635274049999999812e-01
3.940099999999999909e+03 1.194159984999999979e+00
3.940130000000000109e+03 1.354536057000000016e+00
3.940159999999999854e+03 1.393347979000000070e+00
3.940190000000000055e+03 1.313485980000000053e+00
3.940230000000000018e+03 1.051061988000000058e+00
3.940260000000000218e+03 1.305801988000000025e+00
3.940289999999999964e+03 1.451032995999999908e+00
3.940320000000000164e+03 1.311490059000000041e+00
3.940360000000000127e+03 1.046625018000000074e+00
3.940389999999999873e+03 1.009310007000000065e+00
3.940420000000000073e+03 1.229544044000000058e+00
3.940460000000000036e+03 1.129721044999999924e+00
3.940489999999999782e+03 1.047428966000000017e+00
3.940519999999999982e+03 1.185485005000000092e+00
3.940550000000000182e+03 1.543982028999999923e+00
3.940590000000000146e+03 1.076426982999999948e+00
3.940619999999999891e+03 9.625982050000000401e-01
3.940650000000000091e+03 1.276586055999999969e+00
3.940679999999999836e+03 7.750247719999999729e-01
3.940719999999999800e+03 1.025414943999999995e+00
3.940750000000000000e+03 9.966763849999999980e-01
3.940780000000000200e+03 8.949903249999999755e-01
3.940820000000000164e+03 8.568676710000000529e-01
3.940849999999999909e+03 8.984162209999999593e-01
3.940880000000000109e+03 9.980586769999999497e-01
3.940909999999999854e+03 6.506397720000000051e-01
3.940949999999999818e+03 7.211691140000000555e-01
3.940980000000000018e+03 9.453716279999999639e-01
3.941010000000000218e+03 1.142326951000000035e+00
3.941050000000000182e+03 1.283915042999999923e+00
3.941079999999999927e+03 1.187680960000000008e+00
3.941110000000000127e+03 1.014603971999999965e+00
3.941139999999999873e+03 1.074105977999999961e+00
3.941179999999999836e+03 1.045106053000000035e+00
3.941210000000000036e+03 8.744261859999999942e-01
3.941239999999999782e+03 9.222813840000000374e-01
3.941269999999999982e+03 1.246579051000000105e+00
3.941309999999999945e+03 1.330610990999999910e+00
3.941340000000000146e+03 1.220013975999999944e+00
3.941369999999999891e+03 8.661348819999999948e-01
3.941409999999999854e+03 6.421570180000000239e-01
3.941440000000000055e+03 8.211987020000000026e-01
3.941469999999999800e+03 1.104218005999999974e+00
3.941500000000000000e+03 1.067883015000000047e+00
3.941539999999999964e+03 6.894540789999999975e-01
3.941570000000000164e+03 8.331986070000000355e-01
3.941599999999999909e+03 1.167781949000000097e+00
3.941630000000000109e+03 1.209239959999999892e+00
3.941670000000000073e+03 1.050688027999999941e+00
3.941699999999999818e+03 1.191354990000000003e+00
3.941730000000000018e+03 1.110092998000000053e+00
3.941769999999999982e+03 7.840952279999999774e-01
3.941800000000000182e+03 8.005303740000000445e-01
3.941829999999999927e+03 9.105566139999999864e-01
3.941860000000000127e+03 7.623417970000000432e-01
3.941900000000000091e+03 7.058870790000000284e-01
3.941929999999999836e+03 9.745131129999999864e-01
3.941960000000000036e+03 1.072947024999999943e+00
3.942000000000000000e+03 8.295264839999999529e-01
3.942030000000000200e+03 4.849824010000000074e-01
3.942059999999999945e+03 9.678199290000000232e-01
3.942090000000000146e+03 1.438863993000000008e+00
3.942130000000000109e+03 1.339375019000000000e+00
3.942159999999999854e+03 7.330964800000000503e-01
3.942190000000000055e+03 9.013296960000000135e-01
3.942219999999999800e+03 1.294267057999999970e+00
3.942260000000000218e+03 1.007719993999999897e+00
3.942289999999999964e+03 8.922169210000000517e-01
3.942320000000000164e+03 7.159029839999999645e-01
3.942360000000000127e+03 6.172142029999999613e-01
3.942389999999999873e+03 3.300628070000000136e-01
3.942420000000000073e+03 4.002588089999999932e-01
3.942449999999999818e+03 7.555866239999999845e-01
3.942489999999999782e+03 7.404716009999999793e-01
3.942519999999999982e+03 6.796376710000000543e-01
3.942550000000000182e+03 4.597660900000000161e-01
3.942579999999999927e+03 5.723744029999999761e-01
3.942619999999999891e+03 9.407919049999999839e-01
3.942650000000000091e+03 9.182736870000000051e-01
3.942679999999999836e+03 8.479486109999999632e-01
3.942719999999999800e+03 1.245453954000000030e+00
3.942750000000000000e+03 1.419805049999999902e+00
3.942780000000000200e+03 9.731668230000000142e-01
3.942809999999999945e+03 7.286230919999999722e-01
3.942849999999999909e+03 9.180155989999999600e-01
3.942880000000000109e+03 1.281775950999999969e+00
3.942909999999999854e+03 1.381579040999999952e+00
3.942940000000000055e+03 1.440911054999999941e+00
3.942980000000000018e+03 1.266348958000000025e+00
3.943010000000000218e+03 8.525477049999999890e-01
3.943039999999999964e+03 8.375331160000000219e-01
3.943079999999999927e+03 8.230574729999999839e-01
3.943110000000000127e+03 9.358903769999999955e-01
3.943139999999999873e+03 1.079388022000000058e+00
3.943170000000000073e+03 1.187808989999999953e+00
3.943210000000000036e+03 1.234877943999999950e+00
3.943239999999999782e+03 1.236935018999999913e+00
3.943269999999999982e+03 1.052019953999999924e+00
3.943300000000000182e+03 1.106032013999999952e+00
3.943340000000000146e+03 1.179327011000000036e+00
3.943369999999999891e+03 1.029232024999999995e+00
3.943400000000000091e+03 7.017226819999999865e-01
3.943440000000000055e+03 5.458654170000000194e-01
3.943469999999999800e+03 9.223083850000000083e-01
3.943500000000000000e+03 1.429422020999999932e+00
3.943530000000000200e+03 1.060758947999999924e+00
3.943570000000000164e+03 7.302855849999999593e-01
3.943599999999999909e+03 8.139879110000000084e-01
3.943630000000000109e+03 7.040591840000000046e-01
3.943670000000000073e+03 1.072847961999999988e+00
3.943699999999999818e+03 6.832581159999999709e-01
3.943730000000000018e+03 6.777129170000000258e-01
3.943760000000000218e+03 1.040688991999999979e+00
3.943800000000000182e+03 8.186252120000000465e-01
3.943829999999999927e+03 8.084176779999999729e-01
3.943860000000000127e+03 4.683214130000000197e-01
3.943889999999999873e+03 3.765526120000000088e-01
3.943929999999999836e+03 5.031844970000000083e-01
3.943960000000000036e+03 5.333306190000000058e-01
3.943989999999999782e+03 4.325127009999999994e-01
3.944030000000000200e+03 2.169408049999999866e-01
3.944059999999999945e+03 4.501788910000000254e-01
3.944090000000000146e+03 8.306893709999999542e-01
3.944119999999999891e+03 8.692424300000000104e-01
3.944159999999999854e+03 8.254657979999999728e-01
3.944190000000000055e+03 1.148419976000000009e+00
3.944219999999999800e+03 1.419649004999999908e+00
3.944250000000000000e+03 8.427281979999999839e-01
3.944289999999999964e+03 5.204759839999999471e-01
3.944320000000000164e+03 7.257090210000000097e-01
3.944349999999999909e+03 9.547467229999999638e-01
3.944389999999999873e+03 1.018879056000000061e+00
3.944420000000000073e+03 1.077198029000000057e+00
3.944449999999999818e+03 9.998791219999999536e-01
3.944480000000000018e+03 1.174926042999999920e+00
3.944519999999999982e+03 1.456882953999999897e+00
3.944550000000000182e+03 1.409566998000000071e+00
3.944579999999999927e+03 1.082080007000000066e+00
3.944610000000000127e+03 8.813142179999999826e-01
3.944650000000000091e+03 7.836791279999999471e-01
3.944679999999999836e+03 6.947106720000000291e-01
3.944710000000000036e+03 6.888955829999999780e-01
3.944750000000000000e+03 5.296813849999999491e-01
3.944780000000000200e+03 3.612703979999999926e-01
3.944809999999999945e+03 6.234561800000000265e-01
3.944840000000000146e+03 9.031646250000000542e-01
3.944880000000000109e+03 8.514122960000000129e-01
3.944909999999999854e+03 8.487893939999999748e-01
3.944940000000000055e+03 5.953565840000000220e-01
3.944980000000000018e+03 4.073539970000000232e-01
3.945010000000000218e+03 7.546706199999999587e-01
3.945039999999999964e+03 5.343952180000000052e-01
3.945070000000000164e+03 6.951140169999999729e-01
3.945110000000000127e+03 9.174001809999999812e-01
3.945139999999999873e+03 8.058320279999999780e-01
3.945170000000000073e+03 8.134347200000000555e-01
3.945199999999999818e+03 1.016572951999999974e+00
3.945239999999999782e+03 7.010108229999999496e-01
3.945269999999999982e+03 5.070294739999999800e-01
3.945300000000000182e+03 7.867916820000000477e-01
3.945340000000000146e+03 1.074028014999999892e+00
3.945369999999999891e+03 9.074106809999999967e-01
3.945400000000000091e+03 4.006150070000000230e-01
3.945429999999999836e+03 4.756225940000000096e-01
3.945469999999999800e+03 7.729241850000000413e-01
3.945500000000000000e+03 9.870055909999999599e-01
3.945530000000000200e+03 1.169365047999999963e+00
3.945559999999999945e+03 1.242889047000000025e+00
3.945599999999999909e+03 1.038949965999999892e+00
3.945630000000000109e+03 8.947731850000000264e-01
3.945659999999999854e+03 9.322913290000000019e-01
3.945699999999999818e+03 9.553753729999999722e-01
3.945730000000000018e+03 1.154397010999999917e+00
3.945760000000000218e+03 1.254366040000000071e+00
3.945789999999999964e+03 9.250376219999999483e-01
3.945829999999999927e+03 1.021247983000000081e+00
3.945860000000000127e+03 7.165548800000000051e-01
3.945889999999999873e+03 5.757182239999999451e-01
3.945920000000000073e+03 9.114099140000000432e-01
3.945960000000000036e+03 1.254832983000000013e+00
3.945989999999999782e+03 1.324776052999999898e+00
3.946019999999999982e+03 1.162003993999999985e+00
3.946059999999999945e+03 7.426846030000000543e-01
3.946090000000000146e+03 5.707998869999999503e-01
3.946119999999999891e+03 7.988253830000000555e-01
3.946150000000000091e+03 1.127720951999999999e+00
3.946190000000000055e+03 1.253360033000000096e+00
3.946219999999999800e+03 1.079203010000000074e+00
3.946250000000000000e+03 1.204277038999999938e+00
3.946289999999999964e+03 1.136150956000000045e+00
3.946320000000000164e+03 9.136227970000000420e-01
3.946349999999999909e+03 8.538581130000000297e-01
3.946380000000000109e+03 7.680196169999999878e-01
3.946420000000000073e+03 8.132563229999999477e-01
3.946449999999999818e+03 9.994397760000000019e-01
3.946480000000000018e+03 8.737633820000000329e-01
3.946510000000000218e+03 7.626969220000000549e-01
3.946550000000000182e+03 9.551432730000000149e-01
3.946579999999999927e+03 1.037767053000000050e+00
3.946610000000000127e+03 1.020378946999999981e+00
3.946650000000000091e+03 5.286294820000000394e-01
3.946679999999999836e+03 6.190667749999999581e-01
3.946710000000000036e+03 1.175658941000000013e+00
3.946739999999999782e+03 1.316023946000000056e+00
3.946780000000000200e+03 1.160995006999999912e+00
3.946809999999999945e+03 1.030882955000000045e+00
3.946840000000000146e+03 7.385752799999999452e-01
3.946869999999999891e+03 5.524184699999999948e-01
3.946909999999999854e+03 5.465478900000000362e-01
3.946940000000000055e+03 5.186026099999999639e-01
3.946969999999999800e+03 4.063067140000000133e-01
3.947010000000000218e+03 2.845365999999999729e-01
3.947039999999999964e+03 4.383752940000000264e-01
3.947070000000000164e+03 1.037906050999999996e+00
3.947099999999999909e+03 1.238157987999999987e+00
3.947139999999999873e+03 8.270248770000000471e-01
3.947170000000000073e+03 7.500026229999999794e-01
3.947199999999999818e+03 8.176066279999999464e-01
3.947239999999999782e+03 1.117871999999999977e+00
3.947269999999999982e+03 1.276175975999999990e+00
3.947300000000000182e+03 1.404479027000000046e+00
3.947329999999999927e+03 1.496242999999999990e+00
3.947369999999999891e+03 1.218569039999999992e+00
3.947400000000000091e+03 1.154984951000000093e+00
3.947429999999999836e+03 7.953150270000000077e-01
3.947460000000000036e+03 6.297916169999999703e-01
3.947500000000000000e+03 6.483919019999999644e-01
3.947530000000000200e+03 6.221367119999999806e-01
3.947559999999999945e+03 8.208494779999999658e-01
3.947599999999999909e+03 8.863909840000000484e-01
3.947630000000000109e+03 8.577852249999999845e-01
3.947659999999999854e+03 5.669569970000000181e-01
3.947690000000000055e+03 4.195433860000000181e-01
3.947730000000000018e+03 5.857052799999999948e-01
3.947760000000000218e+03 6.268398760000000181e-01
3.947789999999999964e+03 8.318377729999999470e-01
3.947820000000000164e+03 6.796076890000000148e-01
3.947860000000000127e+03 4.479055109999999784e-01
3.947889999999999873e+03 6.497138740000000245e-01
3.947920000000000073e+03 1.087188958999999899e+00
3.947960000000000036e+03 1.214383959999999929e+00
3.947989999999999782e+03 1.094871044000000015e+00
3.948019999999999982e+03 5.400130749999999535e-01
3.948050000000000182e+03 3.099982139999999942e-01
3.948090000000000146e+03 5.265935059999999890e-01
3.948119999999999891e+03 7.278265950000000206e-01
3.948150000000000091e+03 8.846045139999999529e-01
3.948179999999999836e+03 9.705652000000000168e-01
3.948219999999999800e+03 8.656656150000000549e-01
3.948250000000000000e+03 9.644482730000000226e-01
3.948280000000000200e+03 1.060672998000000034e+00
3.948320000000000164e+03 9.788234230000000258e-01
3.948349999999999909e+03 1.022853017000000087e+00
3.948380000000000109e+03 7.701345090000000226e-01
3.948409999999999854e+03 9.898846749999999917e-01
3.948449999999999818e+03 1.230466008000000055e+00
3.948480000000000018e+03 1.208858012999999954e+00
3.948510000000000218e+03 1.164306998000000037e+00
3.948550000000000182e+03 1.156250954000000108e+00
3.948579999999999927e+03 1.288723945999999954e+00
3.948610000000000127e+03 8.853834269999999451e-01
3.948639999999999873e+03 5.931125879999999961e-01
3.948679999999999836e+03 5.031458140000000245e-01
3.948710000000000036e+03 2.749426070000000055e-01
3.948739999999999782e+03 2.820512949999999797e-01
3.948769999999999982e+03 5.220186110000000212e-01
3.948809999999999945e+03 6.010429259999999774e-01
3.948840000000000146e+03 8.004686829999999587e-01
3.948869999999999891e+03 7.870125770000000465e-01
3.948909999999999854e+03 4.593220949999999858e-01
3.948940000000000055e+03 5.938820839999999768e-01
3.948969999999999800e+03 8.263176079999999812e-01
3.949000000000000000e+03 9.543737770000000342e-01
3.949039999999999964e+03 1.138224958999999981e+00
3.949070000000000164e+03 1.153552055000000021e+00
3.949099999999999909e+03 8.309441800000000322e-01
3.949130000000000109e+03 7.109931109999999554e-01
3.949170000000000073e+03 1.078569054999999999e+00
3.949199999999999818e+03 7.599015829999999916e-01
3.949230000000000018e+03 5.683612820000000232e-01
3.949269999999999982e+03 7.927907709999999497e-01
3.949300000000000182e+03 7.594606879999999949e-01
3.949329999999999927e+03 5.938460230000000006e-01
3.949360000000000127e+03 7.352790830000000000e-01
3.949400000000000091e+03 1.098487972999999895e+00
3.949429999999999836e+03 1.283859014999999992e+00
3.949460000000000036e+03 1.158547997000000107e+00
3.949489999999999782e+03 9.976792930000000226e-01
3.949530000000000200e+03 9.753742220000000129e-01
3.949559999999999945e+03 8.147053119999999593e-01
3.949590000000000146e+03 8.877484199999999825e-01
3.949630000000000109e+03 9.022377129999999967e-01
3.949659999999999854e+03 8.264107109999999645e-01
3.949690000000000055e+03 8.863877060000000530e-01
3.949719999999999800e+03 9.160112139999999625e-01
3.949760000000000218e+03 8.878077859999999877e-01
3.949789999999999964e+03 8.783106210000000136e-01
3.949820000000000164e+03 9.610223770000000387e-01
3.949849999999999909e+03 1.075049995999999952e+00
3.949889999999999873e+03 8.822755810000000309e-01
3.949920000000000073e+03 4.024169149999999862e-01
3.949949999999999818e+03 6.385831239999999465e-01
3.949989999999999782e+03 7.984781269999999820e-01
3.950019999999999982e+03 5.600070950000000103e-01
3.950050000000000182e+03 4.584682880000000016e-01
3.950079999999999927e+03 7.845140099999999839e-01
3.950119999999999891e+03 1.114557980999999920e+00
3.950150000000000091e+03 1.156504034999999986e+00
3.950179999999999836e+03 9.604861139999999464e-01
3.950219999999999800e+03 1.031285047999999982e+00
3.950250000000000000e+03 1.180837034999999924e+00
3.950280000000000200e+03 1.000710011000000010e+00
3.950309999999999945e+03 7.899162770000000000e-01
3.950349999999999909e+03 7.168163060000000142e-01
3.950380000000000109e+03 6.641821860000000077e-01
3.950409999999999854e+03 7.549762129999999516e-01
3.950440000000000055e+03 9.194145799999999813e-01
3.950480000000000018e+03 8.911442760000000129e-01
3.950510000000000218e+03 7.771642210000000439e-01
3.950539999999999964e+03 9.675691130000000362e-01
3.950579999999999927e+03 8.341389890000000529e-01
3.950610000000000127e+03 7.610046860000000413e-01
3.950639999999999873e+03 1.008116006999999925e+00
3.950670000000000073e+03 1.060577988999999999e+00
3.950710000000000036e+03 7.680016160000000536e-01
3.950739999999999782e+03 8.851947780000000154e-01
3.950769999999999982e+03 1.125676990000000099e+00
3.950800000000000182e+03 1.331655025000000103e+00
3.950840000000000146e+03 1.185255050999999948e+00
3.950869999999999891e+03 7.492545250000000046e-01
3.950900000000000091e+03 7.072030900000000342e-01
3.950940000000000055e+03 7.514116170000000317e-01
3.950969999999999800e+03 6.711009740000000168e-01
3.951000000000000000e+03 6.893479230000000291e-01
3.951030000000000200e+03 8.758847119999999542e-01
3.951070000000000164e+03 9.017199280000000039e-01
3.951099999999999909e+03 6.718049050000000078e-01
3.951130000000000109e+03 7.454637889999999878e-01
3.951170000000000073e+03 5.947303179999999800e-01
3.951199999999999818e+03 7.393577099999999458e-01
3.951230000000000018e+03 1.192731022999999890e+00
3.951260000000000218e+03 1.299023032000000022e+00
3.951300000000000182e+03 1.130246996999999975e+00
3.951329999999999927e+03 9.710562230000000516e-01
3.951360000000000127e+03 7.468174100000000148e-01
3.951389999999999873e+03 9.973701240000000245e-01
3.951429999999999836e+03 1.225675940999999991e+00
3.951460000000000036e+03 9.523115749999999657e-01
3.951489999999999782e+03 9.244465229999999645e-01
3.951530000000000200e+03 6.212183829999999851e-01
3.951559999999999945e+03 6.715974209999999722e-01
3.951590000000000146e+03 1.033509969999999889e+00
3.951619999999999891e+03 1.226019025000000040e+00
3.951659999999999854e+03 1.190968036999999979e+00
3.951690000000000055e+03 1.191108942000000059e+00
3.951719999999999800e+03 1.139963983999999986e+00
3.951750000000000000e+03 7.696927190000000252e-01
3.951789999999999964e+03 7.787498830000000316e-01
3.951820000000000164e+03 1.078752040999999995e+00
3.951849999999999909e+03 1.024515985999999934e+00
3.951889999999999873e+03 8.416653280000000459e-01
3.951920000000000073e+03 6.718748810000000349e-01
3.951949999999999818e+03 8.357148170000000542e-01
3.951980000000000018e+03 9.694982770000000194e-01
3.952019999999999982e+03 9.963353870000000168e-01
3.952050000000000182e+03 1.017806052999999933e+00
3.952079999999999927e+03 8.369786740000000336e-01
3.952110000000000127e+03 9.245107169999999819e-01
3.952150000000000091e+03 7.745335100000000361e-01
3.952179999999999836e+03 6.987671260000000162e-01
3.952210000000000036e+03 8.119940759999999536e-01
3.952250000000000000e+03 7.673329709999999748e-01
3.952280000000000200e+03 7.108513709999999541e-01
3.952309999999999945e+03 9.041547180000000239e-01
3.952340000000000146e+03 1.230054020999999942e+00
3.952380000000000109e+03 1.423545003000000087e+00
3.952409999999999854e+03 1.404263972999999943e+00
3.952440000000000055e+03 1.247678040999999904e+00
3.952480000000000018e+03 1.034070014999999954e+00
3.952510000000000218e+03 9.178233740000000251e-01
3.952539999999999964e+03 9.081841109999999606e-01
3.952570000000000164e+03 7.665495279999999800e-01
3.952610000000000127e+03 4.460887909999999845e-01
3.952639999999999873e+03 2.134279010000000032e-01
3.952670000000000073e+03 2.936977150000000258e-01
3.952699999999999818e+03 5.970116260000000175e-01
3.952739999999999782e+03 7.316855190000000064e-01
3.952769999999999982e+03 6.019427179999999877e-01
3.952800000000000182e+03 6.320430040000000194e-01
3.952840000000000146e+03 9.312872290000000497e-01
3.952869999999999891e+03 8.460924029999999929e-01
3.952900000000000091e+03 2.864173950000000191e-01
3.952929999999999836e+03 1.309446989999999977e-01
3.952969999999999800e+03 3.290129010000000243e-01
3.953000000000000000e+03 4.526101949999999929e-01
3.953030000000000200e+03 5.230227109999999735e-01
3.953059999999999945e+03 6.379259229999999503e-01
3.953099999999999909e+03 4.898670909999999767e-01
3.953130000000000109e+03 1.996460999999999930e-01
3.953159999999999854e+03 3.515521879999999877e-01
3.953199999999999818e+03 7.336816189999999516e-01
3.953230000000000018e+03 9.518973229999999619e-01
3.953260000000000218e+03 1.221863984999999930e+00
3.953289999999999964e+03 1.016792058999999915e+00
3.953329999999999927e+03 8.555365799999999910e-01
3.953360000000000127e+03 9.348812100000000180e-01
3.953389999999999873e+03 1.034474968999999911e+00
3.953420000000000073e+03 1.044450998000000075e+00
3.953460000000000036e+03 1.039013028000000061e+00
3.953489999999999782e+03 1.093943953999999996e+00
3.953519999999999982e+03 1.105389952999999981e+00
3.953559999999999945e+03 9.962264899999999646e-01
3.953590000000000146e+03 8.200106019999999774e-01
3.953619999999999891e+03 8.224086170000000084e-01
3.953650000000000091e+03 1.002138018999999991e+00
3.953690000000000055e+03 1.118527054999999937e+00
3.953719999999999800e+03 1.118074059000000009e+00
3.953750000000000000e+03 8.394176960000000465e-01
3.953789999999999964e+03 7.742933029999999883e-01
3.953820000000000164e+03 1.055843949000000004e+00
3.953849999999999909e+03 8.977314830000000523e-01
3.953880000000000109e+03 9.195826049999999974e-01
3.953920000000000073e+03 9.846584800000000026e-01
3.953949999999999818e+03 1.038728952000000039e+00
3.953980000000000018e+03 1.209627986000000099e+00
3.954010000000000218e+03 1.391857982000000105e+00
3.954050000000000182e+03 1.239470005000000041e+00
3.954079999999999927e+03 1.004011989000000105e+00
3.954110000000000127e+03 1.127184033000000030e+00
3.954150000000000091e+03 9.519047739999999536e-01
3.954179999999999836e+03 6.440591810000000361e-01
3.954210000000000036e+03 1.080780029000000031e+00
3.954239999999999782e+03 1.172168016000000090e+00
3.954280000000000200e+03 1.151690005999999933e+00
3.954309999999999945e+03 1.389165044000000071e+00
3.954340000000000146e+03 1.533028006999999970e+00
3.954369999999999891e+03 1.260324954999999969e+00
3.954409999999999854e+03 1.052536010999999938e+00
3.954440000000000055e+03 1.059473990999999948e+00
3.954469999999999800e+03 1.163488984000000004e+00
3.954510000000000218e+03 1.030791997999999987e+00
3.954539999999999964e+03 7.128010989999999936e-01
3.954570000000000164e+03 6.865270140000000465e-01
3.954599999999999909e+03 1.114187001999999982e+00
3.954639999999999873e+03 1.255010962000000063e+00
3.954670000000000073e+03 1.060744047000000023e+00
3.954699999999999818e+03 8.852903840000000413e-01
3.954739999999999782e+03 1.062909960999999903e+00
3.954769999999999982e+03 1.190333008999999942e+00
3.954800000000000182e+03 9.786096220000000123e-01
3.954829999999999927e+03 1.035591005999999981e+00
3.954869999999999891e+03 8.866872789999999949e-01
3.954900000000000091e+03 9.956070780000000342e-01
3.954929999999999836e+03 1.228978037999999939e+00
3.954960000000000036e+03 1.188825964999999929e+00
3.955000000000000000e+03 1.415665029999999991e+00
3.955030000000000200e+03 1.265992999000000063e+00
3.955059999999999945e+03 7.380700110000000258e-01
3.955099999999999909e+03 8.574007150000000355e-01
3.955130000000000109e+03 1.050629019999999914e+00
3.955159999999999854e+03 1.026602983000000080e+00
3.955190000000000055e+03 1.212751984999999921e+00
3.955230000000000018e+03 1.062044978000000084e+00
3.955260000000000218e+03 1.030336976000000071e+00
3.955289999999999964e+03 9.981986880000000006e-01
3.955320000000000164e+03 6.748353240000000142e-01
3.955360000000000127e+03 6.085026860000000148e-01
3.955389999999999873e+03 5.613880749999999864e-01
3.955420000000000073e+03 6.754732129999999612e-01
3.955460000000000036e+03 9.178590180000000265e-01
3.955489999999999782e+03 8.559290170000000142e-01
3.955519999999999982e+03 8.886038059999999961e-01
3.955550000000000182e+03 1.465775013000000015e+00
3.955590000000000146e+03 1.804975033000000062e+00
3.955619999999999891e+03 1.558825970000000005e+00
3.955650000000000091e+03 1.144629955000000088e+00
3.955679999999999836e+03 1.039150953000000044e+00
3.955719999999999800e+03 9.816018939999999748e-01
3.955750000000000000e+03 1.072823048000000057e+00
3.955780000000000200e+03 1.295256972000000006e+00
3.955820000000000164e+03 1.206835985000000111e+00
3.955849999999999909e+03 9.793975950000000097e-01
3.955880000000000109e+03 8.345785140000000490e-01
3.955909999999999854e+03 9.785156250000000000e-01
3.955949999999999818e+03 1.179368018999999990e+00
3.955980000000000018e+03 1.001598001000000071e+00
3.956010000000000218e+03 6.524720790000000381e-01
3.956039999999999964e+03 6.783171890000000426e-01
3.956079999999999927e+03 1.043169022000000057e+00
3.956110000000000127e+03 9.647322889999999651e-01
3.956139999999999873e+03 8.148853179999999696e-01
3.956179999999999836e+03 1.108513950999999942e+00
3.956210000000000036e+03 1.248049973999999951e+00
3.956239999999999782e+03 9.085471029999999670e-01
3.956269999999999982e+03 6.822124120000000458e-01
3.956309999999999945e+03 6.526588199999999729e-01
3.956340000000000146e+03 6.285923119999999864e-01
3.956369999999999891e+03 6.083571909999999638e-01
3.956409999999999854e+03 5.991745000000000543e-01
3.956440000000000055e+03 9.348251819999999768e-01
3.956469999999999800e+03 9.807718989999999470e-01
3.956500000000000000e+03 8.207485079999999877e-01
3.956539999999999964e+03 8.670660260000000452e-01
3.956570000000000164e+03 8.990917210000000104e-01
3.956599999999999909e+03 6.192901729999999993e-01
3.956630000000000109e+03 5.660101180000000065e-01
3.956670000000000073e+03 5.961980820000000181e-01
3.956699999999999818e+03 6.889231799999999684e-01
3.956730000000000018e+03 8.639851210000000226e-01
3.956769999999999982e+03 8.977742789999999529e-01
3.956800000000000182e+03 7.019109129999999697e-01
3.956829999999999927e+03 5.179188850000000510e-01
3.956860000000000127e+03 7.248532770000000180e-01
3.956900000000000091e+03 1.282274960999999935e+00
3.956929999999999836e+03 1.570988059000000048e+00
3.956960000000000036e+03 1.250208020000000086e+00
3.956989999999999782e+03 1.126230000999999925e+00
3.957030000000000200e+03 8.044918779999999936e-01
3.957059999999999945e+03 6.232355240000000407e-01
3.957090000000000146e+03 8.159152870000000446e-01
3.957130000000000109e+03 1.169824004000000084e+00
3.957159999999999854e+03 1.105082034999999907e+00
3.957190000000000055e+03 7.974680069999999787e-01
3.957219999999999800e+03 8.410772090000000478e-01
3.957260000000000218e+03 9.624395970000000355e-01
3.957289999999999964e+03 1.039605021000000074e+00
3.957320000000000164e+03 1.093121052000000093e+00
3.957349999999999909e+03 1.067240952999999992e+00
3.957389999999999873e+03 1.228731036000000110e+00
3.957420000000000073e+03 1.378517031999999976e+00
3.957449999999999818e+03 9.991654749999999696e-01
3.957489999999999782e+03 6.181613799999999825e-01
3.957519999999999982e+03 7.456501720000000555e-01
3.957550000000000182e+03 1.147889971999999981e+00
3.957579999999999927e+03 1.065866946999999954e+00
3.957619999999999891e+03 8.259825710000000543e-01
3.957650000000000091e+03 7.878488900000000239e-01
3.957679999999999836e+03 7.006176710000000529e-01
3.957719999999999800e+03 7.437778710000000348e-01
3.957750000000000000e+03 1.014422058999999932e+00
3.957780000000000200e+03 1.129029035999999930e+00
3.957809999999999945e+03 1.164273976999999904e+00
3.957849999999999909e+03 1.082411051000000013e+00
3.957880000000000109e+03 9.835066199999999981e-01
3.957909999999999854e+03 7.580612899999999987e-01
3.957940000000000055e+03 4.270463879999999990e-01
3.957980000000000018e+03 5.232576129999999548e-01
3.958010000000000218e+03 8.246489169999999813e-01
3.958039999999999964e+03 1.046463013000000108e+00
3.958079999999999927e+03 9.882727860000000142e-01
3.958110000000000127e+03 8.956066969999999516e-01
3.958139999999999873e+03 9.814717170000000213e-01
3.958170000000000073e+03 7.888429160000000051e-01
3.958210000000000036e+03 5.323941110000000032e-01
3.958239999999999782e+03 4.948034880000000135e-01
3.958269999999999982e+03 7.691144939999999819e-01
3.958300000000000182e+03 8.763809200000000077e-01
3.958340000000000146e+03 9.963582159999999632e-01
3.958369999999999891e+03 1.114766954999999893e+00
3.958400000000000091e+03 1.228675960999999983e+00
3.958440000000000055e+03 9.605662820000000490e-01
3.958469999999999800e+03 7.211980220000000497e-01
3.958500000000000000e+03 6.935439709999999813e-01
3.958530000000000200e+03 9.255570770000000058e-01
3.958570000000000164e+03 1.431972980000000062e+00
3.958599999999999909e+03 1.282456993999999906e+00
3.958630000000000109e+03 1.056843996000000008e+00
3.958659999999999854e+03 1.029767990000000077e+00
3.958699999999999818e+03 9.926533100000000109e-01
3.958730000000000018e+03 1.014682054999999972e+00
3.958760000000000218e+03 8.912423849999999703e-01
3.958800000000000182e+03 1.078819036000000064e+00
3.958829999999999927e+03 1.232187986000000013e+00
3.958860000000000127e+03 9.219499829999999729e-01
3.958889999999999873e+03 8.424416780000000271e-01
3.958929999999999836e+03 9.125080110000000078e-01
3.958960000000000036e+03 7.845287920000000303e-01
3.958989999999999782e+03 9.790731070000000535e-01
3.959030000000000200e+03 1.138769984000000068e+00
3.959059999999999945e+03 1.090875030000000079e+00
3.959090000000000146e+03 1.116106033000000108e+00
3.959119999999999891e+03 1.266549944999999955e+00
3.959159999999999854e+03 9.757859110000000058e-01
3.959190000000000055e+03 6.950765249999999451e-01
3.959219999999999800e+03 7.121152280000000445e-01
3.959250000000000000e+03 1.163828014999999994e+00
3.959289999999999964e+03 1.466364980000000040e+00
3.959320000000000164e+03 1.474778055999999893e+00
3.959349999999999909e+03 1.262961030000000040e+00
3.959389999999999873e+03 1.231518029999999930e+00
3.959420000000000073e+03 1.242563008999999941e+00
3.959449999999999818e+03 1.237710952999999892e+00
3.959480000000000018e+03 1.226557969999999997e+00
3.959519999999999982e+03 1.092074989999999968e+00
3.959550000000000182e+03 1.031772016999999986e+00
3.959579999999999927e+03 8.340188859999999593e-01
3.959610000000000127e+03 9.355425240000000420e-01
3.959650000000000091e+03 1.244369030000000098e+00
3.959679999999999836e+03 1.575842023000000092e+00
3.959710000000000036e+03 1.707669019999999982e+00
3.959750000000000000e+03 1.270195007000000098e+00
3.959780000000000200e+03 1.180001974000000065e+00
3.959809999999999945e+03 1.216259003000000005e+00
3.959840000000000146e+03 1.326962948000000031e+00
3.959880000000000109e+03 1.364719986999999968e+00
3.959909999999999854e+03 1.150485991999999902e+00
3.959940000000000055e+03 9.875983000000000400e-01
3.959980000000000018e+03 1.004130959999999906e+00
3.960010000000000218e+03 1.116729021000000044e+00
3.960039999999999964e+03 9.073566199999999471e-01
3.960070000000000164e+03 7.501046059999999516e-01
3.960110000000000127e+03 1.055245996000000019e+00
3.960139999999999873e+03 1.108450055000000045e+00
3.960170000000000073e+03 1.073035954999999930e+00
3.960199999999999818e+03 1.139574051000000088e+00
3.960239999999999782e+03 1.005157947999999912e+00
3.960269999999999982e+03 6.692808869999999910e-01
3.960300000000000182e+03 5.917627220000000188e-01
3.960340000000000146e+03 7.254859809999999465e-01
3.960369999999999891e+03 1.078029990000000105e+00
3.960400000000000091e+03 1.046700954000000072e+00
3.960429999999999836e+03 7.330676910000000213e-01
3.960469999999999800e+03 7.163447139999999935e-01
3.960500000000000000e+03 1.049767971000000077e+00
3.960530000000000200e+03 1.299070001000000030e+00
3.960559999999999945e+03 1.539767981000000008e+00
3.960599999999999909e+03 1.650112986999999976e+00
3.960630000000000109e+03 1.338089942999999948e+00
3.960659999999999854e+03 1.064074992999999969e+00
3.960699999999999818e+03 1.228523969999999910e+00
3.960730000000000018e+03 1.691956996999999907e+00
3.960760000000000218e+03 1.481935023999999990e+00
3.960789999999999964e+03 1.348217009999999938e+00
3.960829999999999927e+03 1.415235043000000026e+00
3.960860000000000127e+03 1.420004964000000092e+00
3.960889999999999873e+03 1.514395952000000101e+00
3.960920000000000073e+03 1.386785029999999974e+00
3.960960000000000036e+03 1.122899054999999979e+00
3.960989999999999782e+03 9.654585719999999593e-01
3.961019999999999982e+03 7.545744779999999929e-01
3.961059999999999945e+03 7.040470840000000452e-01
3.961090000000000146e+03 8.500015739999999820e-01
3.961119999999999891e+03 8.892940280000000142e-01
3.961150000000000091e+03 7.725018860000000265e-01
3.961190000000000055e+03 7.012665869999999968e-01
3.961219999999999800e+03 1.163022994999999948e+00
3.961250000000000000e+03 1.380614041999999930e+00
3.961289999999999964e+03 9.207767839999999593e-01
3.961320000000000164e+03 8.506985900000000322e-01
3.961349999999999909e+03 6.980208159999999884e-01
3.961380000000000109e+03 6.993650790000000006e-01
3.961420000000000073e+03 9.428060050000000025e-01
3.961449999999999818e+03 8.500639800000000523e-01
3.961480000000000018e+03 3.669731019999999955e-01
3.961510000000000218e+03 5.093029140000000510e-01
3.961550000000000182e+03 5.453981759999999568e-01
3.961579999999999927e+03 5.783674720000000491e-01
3.961610000000000127e+03 5.525239709999999471e-01
3.961650000000000091e+03 6.612755059999999574e-01
3.961679999999999836e+03 1.041880965000000048e+00
3.961710000000000036e+03 1.156713008999999959e+00
3.961739999999999782e+03 1.179636955000000098e+00
3.961780000000000200e+03 1.344459056999999902e+00
3.961809999999999945e+03 1.624806046000000004e+00
3.961840000000000146e+03 1.721986054999999904e+00
3.961869999999999891e+03 1.282883047999999970e+00
3.961909999999999854e+03 1.115404963000000027e+00
3.961940000000000055e+03 1.358734965000000017e+00
3.961969999999999800e+03 1.345090984999999906e+00
3.962010000000000218e+03 1.624655962000000065e+00
3.962039999999999964e+03 1.843536019000000081e+00
3.962070000000000164e+03 1.665449023000000084e+00
3.962099999999999909e+03 1.450992942000000063e+00
3.962139999999999873e+03 1.154513955000000092e+00
3.962170000000000073e+03 9.788513779999999942e-01
3.962199999999999818e+03 5.314869880000000490e-01
3.962230000000000018e+03 4.192687869999999761e-01
3.962269999999999982e+03 9.235991839999999620e-01
3.962300000000000182e+03 9.941275120000000465e-01
3.962329999999999927e+03 9.121267800000000259e-01
3.962369999999999891e+03 9.384642239999999580e-01
3.962400000000000091e+03 8.850182890000000135e-01
3.962429999999999836e+03 9.595413799999999993e-01
3.962460000000000036e+03 1.034266949000000047e+00
3.962500000000000000e+03 1.063688992999999972e+00
3.962530000000000200e+03 9.476978780000000491e-01
3.962559999999999945e+03 9.703894849999999961e-01
3.962590000000000146e+03 1.259922981000000108e+00
3.962630000000000109e+03 1.361636996000000099e+00
3.962659999999999854e+03 1.067268013999999932e+00
3.962690000000000055e+03 1.043750047999999930e+00
3.962730000000000018e+03 9.725958110000000323e-01
3.962760000000000218e+03 8.915101290000000400e-01
3.962789999999999964e+03 7.241734269999999807e-01
3.962820000000000164e+03 7.520009279999999574e-01
3.962860000000000127e+03 9.452909830000000291e-01
3.962889999999999873e+03 8.234822149999999619e-01
3.962920000000000073e+03 1.023303985999999943e+00
3.962960000000000036e+03 1.083948970000000012e+00
3.962989999999999782e+03 1.034530997000000063e+00
3.963019999999999982e+03 1.319856047999999893e+00
3.963050000000000182e+03 1.452360034000000022e+00
3.963090000000000146e+03 9.714667200000000058e-01
3.963119999999999891e+03 6.956229809999999736e-01
3.963150000000000091e+03 7.539299130000000071e-01
3.963179999999999836e+03 7.995697859999999491e-01
3.963219999999999800e+03 6.506565210000000432e-01
3.963250000000000000e+03 6.251150970000000084e-01
3.963280000000000200e+03 8.655068870000000025e-01
3.963320000000000164e+03 1.038651943000000077e+00
3.963349999999999909e+03 8.382694130000000188e-01
3.963380000000000109e+03 8.877876999999999574e-01
3.963409999999999854e+03 1.120831965999999902e+00
3.963449999999999818e+03 1.075641990000000048e+00
3.963480000000000018e+03 1.281057953999999999e+00
3.963510000000000218e+03 1.569350958000000018e+00
3.963539999999999964e+03 1.910398006000000093e+00
3.963579999999999927e+03 1.737653016999999966e+00
3.963610000000000127e+03 1.186162949000000078e+00
3.963639999999999873e+03 1.109545945999999894e+00
3.963679999999999836e+03 8.926115040000000000e-01
3.963710000000000036e+03 8.781554099999999696e-01
3.963739999999999782e+03 7.478101849999999606e-01
3.963769999999999982e+03 6.244245769999999807e-01
3.963809999999999945e+03 8.138728739999999684e-01
3.963840000000000146e+03 9.125509259999999845e-01
3.963869999999999891e+03 8.167765740000000330e-01
3.963909999999999854e+03 7.471979260000000123e-01
3.963940000000000055e+03 8.080909250000000155e-01
3.963969999999999800e+03 8.858798740000000116e-01
3.964000000000000000e+03 8.509070869999999509e-01
3.964039999999999964e+03 6.336923239999999735e-01
3.964070000000000164e+03 7.492250200000000193e-01
3.964099999999999909e+03 8.308598999999999846e-01
3.964130000000000109e+03 9.589896199999999871e-01
3.964170000000000073e+03 1.065590977999999911e+00
3.964199999999999818e+03 9.465574030000000194e-01
3.964230000000000018e+03 8.272029760000000342e-01
3.964269999999999982e+03 9.030486939999999851e-01
3.964300000000000182e+03 4.439358119999999852e-01
3.964329999999999927e+03 5.917009709999999645e-01
3.964360000000000127e+03 1.301375984999999957e+00
3.964400000000000091e+03 1.029909967999999898e+00
3.964429999999999836e+03 3.977454899999999793e-01
3.964460000000000036e+03 2.536987070000000233e-01
3.964489999999999782e+03 2.462136000000000047e-01
3.964530000000000200e+03 5.119767790000000485e-01
3.964559999999999945e+03 1.249042988000000021e+00
3.964590000000000146e+03 1.667201995999999964e+00
3.964630000000000109e+03 1.279394031000000043e+00
3.964659999999999854e+03 1.175858021000000031e+00
3.964690000000000055e+03 1.257799029000000068e+00
3.964719999999999800e+03 1.535032034000000101e+00
3.964760000000000218e+03 1.475015044000000053e+00
3.964789999999999964e+03 1.127740025999999895e+00
3.964820000000000164e+03 1.185369015000000026e+00
3.964849999999999909e+03 1.077833056000000012e+00
3.964889999999999873e+03 4.531258939999999735e-01
3.964920000000000073e+03 5.009772179999999464e-01
3.964949999999999818e+03 9.361010189999999787e-01
3.964989999999999782e+03 7.254810929999999658e-01
3.965019999999999982e+03 1.094112039000000092e+00
3.965050000000000182e+03 1.119413017999999926e+00
3.965079999999999927e+03 8.185697199999999452e-01
3.965119999999999891e+03 7.872552870000000258e-01
3.965150000000000091e+03 8.061243890000000523e-01
3.965179999999999836e+03 1.015269041000000039e+00
3.965219999999999800e+03 9.177134040000000104e-01
3.965250000000000000e+03 6.246355770000000529e-01
3.965280000000000200e+03 7.834960819999999826e-01
3.965309999999999945e+03 1.194183946000000107e+00
3.965349999999999909e+03 1.286056995000000036e+00
3.965380000000000109e+03 1.435129045999999908e+00
3.965409999999999854e+03 8.602504730000000155e-01
3.965440000000000055e+03 5.645099279999999942e-01
3.965480000000000018e+03 9.487947820000000032e-01
3.965510000000000218e+03 8.826755880000000110e-01
3.965539999999999964e+03 8.923488259999999839e-01
3.965579999999999927e+03 1.261312962000000093e+00
3.965610000000000127e+03 1.218121052000000093e+00
3.965639999999999873e+03 9.021798970000000084e-01
3.965670000000000073e+03 1.061400056000000092e+00
3.965710000000000036e+03 1.006692052000000004e+00
3.965739999999999782e+03 9.015492800000000084e-01
3.965769999999999982e+03 7.430335279999999987e-01
3.965800000000000182e+03 6.781340240000000019e-01
3.965840000000000146e+03 7.245572209999999735e-01
3.965869999999999891e+03 7.065498230000000213e-01
3.965900000000000091e+03 6.787170769999999465e-01
3.965940000000000055e+03 6.404951810000000245e-01
3.965969999999999800e+03 4.930585029999999813e-01
3.966000000000000000e+03 4.650872050000000035e-01
3.966030000000000200e+03 8.134570719999999477e-01
3.966070000000000164e+03 5.954825280000000109e-01
3.966099999999999909e+03 2.575460969999999739e-01
3.966130000000000109e+03 6.393464210000000536e-01
3.966170000000000073e+03 1.306172966999999963e+00
3.966199999999999818e+03 1.096423029999999965e+00
3.966230000000000018e+03 9.203863740000000071e-01
3.966260000000000218e+03 7.750825879999999612e-01
3.966300000000000182e+03 6.161085960000000084e-01
3.966329999999999927e+03 5.856016870000000374e-01
3.966360000000000127e+03 6.744213100000000516e-01
3.966389999999999873e+03 1.041947007000000092e+00
3.966429999999999836e+03 1.161962986000000031e+00
3.966460000000000036e+03 6.777563100000000285e-01
3.966489999999999782e+03 1.804458049999999869e-01
3.966530000000000200e+03 2.190361020000000103e-01
3.966559999999999945e+03 4.751774069999999961e-01
3.966590000000000146e+03 5.473728780000000071e-01
3.966619999999999891e+03 5.964462160000000290e-01
3.966659999999999854e+03 7.463695999999999664e-01
3.966690000000000055e+03 7.649114729999999529e-01
3.966719999999999800e+03 4.904020130000000255e-01
3.966750000000000000e+03 4.233045879999999817e-01
3.966789999999999964e+03 8.198915119999999890e-01
3.966820000000000164e+03 9.706460829999999929e-01
3.966849999999999909e+03 6.992971900000000129e-01
3.966889999999999873e+03 6.618024110000000348e-01
3.966920000000000073e+03 8.788436059999999994e-01
3.966949999999999818e+03 1.086513041999999984e+00
3.966980000000000018e+03 1.315348028999999919e+00
3.967019999999999982e+03 1.006528974000000076e+00
3.967050000000000182e+03 5.625389809999999935e-01
3.967079999999999927e+03 3.147288859999999855e-01
3.967110000000000127e+03 2.551299929999999994e-01
3.967150000000000091e+03 4.517737030000000265e-01
3.967179999999999836e+03 1.130995989000000090e+00
3.967210000000000036e+03 1.424649953999999941e+00
3.967250000000000000e+03 9.745253919999999903e-01
3.967280000000000200e+03 9.026120899999999780e-01
3.967309999999999945e+03 7.694966789999999612e-01
3.967340000000000146e+03 3.151965139999999832e-01
3.967380000000000109e+03 4.635620120000000233e-01
3.967409999999999854e+03 7.695742249999999451e-01
3.967440000000000055e+03 8.032261729999999877e-01
3.967469999999999800e+03 3.997561929999999819e-01
3.967510000000000218e+03 1.569706949999999934e-01
3.967539999999999964e+03 5.579602719999999794e-01
3.967570000000000164e+03 1.110296010999999972e+00
3.967610000000000127e+03 1.331127047999999924e+00
3.967639999999999873e+03 8.916159270000000303e-01
3.967670000000000073e+03 4.708122909999999939e-01
3.967699999999999818e+03 5.167114139999999800e-01
3.967739999999999782e+03 4.950320120000000212e-01
3.967769999999999982e+03 1.546533999999999964e-01
3.967800000000000182e+03 1.422721000000000055e-02
3.967840000000000146e+03 4.714371860000000081e-01
3.967869999999999891e+03 7.852076289999999625e-01
3.967900000000000091e+03 4.982785880000000223e-01
3.967929999999999836e+03 2.352543029999999979e-01
3.967969999999999800e+03 3.971017000000000019e-01
3.968000000000000000e+03 4.158512059999999733e-01
3.968030000000000200e+03 3.117277920000000035e-01
3.968059999999999945e+03 2.333572949999999924e-01
3.968099999999999909e+03 3.411741850000000187e-01
3.968130000000000109e+03 5.133935210000000193e-01
3.968159999999999854e+03 1.178202986999999924e+00
3.968199999999999818e+03 1.021051048999999988e+00
3.968230000000000018e+03 5.277590749999999664e-01
3.968260000000000218e+03 5.876212720000000278e-01
3.968289999999999964e+03 6.864833830000000026e-01
3.968329999999999927e+03 6.367782950000000497e-01
3.968360000000000127e+03 5.581263899999999722e-01
3.968389999999999873e+03 4.068453009999999925e-01
3.968420000000000073e+03 6.068527099999999619e-01
3.968460000000000036e+03 7.246677879999999794e-01
3.968489999999999782e+03 5.238230820000000509e-01
3.968519999999999982e+03 3.809938130000000145e-01
3.968559999999999945e+03 5.856953860000000400e-01
3.968590000000000146e+03 7.900195719999999477e-01
3.968619999999999891e+03 3.601272110000000026e-01
3.968650000000000091e+03 5.439634920000000484e-01
3.968690000000000055e+03 8.195431229999999845e-01
3.968719999999999800e+03 4.966410989999999748e-01
3.968750000000000000e+03 2.335346939999999871e-01
3.968780000000000200e+03 1.049482969999999959e-01
3.968820000000000164e+03 3.461216089999999967e-01
3.968849999999999909e+03 4.142056109999999736e-01
3.968880000000000109e+03 5.835188030000000303e-01
3.968920000000000073e+03 4.247143859999999993e-01
3.968949999999999818e+03 3.831957879999999816e-01
3.968980000000000018e+03 1.002248049000000085e+00
3.969010000000000218e+03 7.483720179999999722e-01
3.969050000000000182e+03 5.484340189999999948e-01
3.969079999999999927e+03 4.424817859999999881e-01
3.969110000000000127e+03 3.070357140000000151e-01
3.969150000000000091e+03 4.801850020000000274e-01
3.969179999999999836e+03 1.014382005000000087e+00
3.969210000000000036e+03 7.991259099999999949e-01
3.969239999999999782e+03 5.290737150000000000e-01
3.969280000000000200e+03 4.197337030000000135e-01
3.969309999999999945e+03 2.246178980000000103e-01
3.969340000000000146e+03 1.186354995000000079e+00
3.969369999999999891e+03 1.144906044000000067e+00
3.969409999999999854e+03 5.478618739999999709e-01
3.969440000000000055e+03 3.222720029999999736e-01
3.969469999999999800e+03 2.851304109999999725e-01
3.969510000000000218e+03 1.679770050000000126e-01
3.969539999999999964e+03 2.211292980000000019e-01
3.969570000000000164e+03 7.099063989999999658e-01
3.969599999999999909e+03 1.000800013999999960e+00
3.969639999999999873e+03 1.108955979000000092e+00
3.969670000000000073e+03 8.939539189999999858e-01
3.969699999999999818e+03 5.478770139999999955e-01
3.969730000000000018e+03 6.777545209999999987e-01
3.969769999999999982e+03 5.686041120000000504e-01
3.969800000000000182e+03 5.957021120000000058e-01
3.969829999999999927e+03 5.038492079999999929e-01
3.969869999999999891e+03 7.109205130000000317e-01
3.969900000000000091e+03 6.876088980000000239e-01
3.969929999999999836e+03 6.650103929999999774e-01
3.969960000000000036e+03 6.214535829999999761e-01
3.970000000000000000e+03 6.239101289999999800e-01
