KURTYPE
  5200./   2.60/  -1.40      mic = 1.5000                               
             72
5000.0
 0.70087323E-02   3412.1 3.043E+00 5.115E+07
 0.92880666E-02   3428.2 4.029E+00 6.689E+07
 0.12173176E-01   3442.7 5.270E+00 8.642E+07
 0.15803683E-01   3460.1 6.821E+00 1.107E+08
 0.20340381E-01   3479.2 8.748E+00 1.406E+08
 0.25975503E-01   3500.0 1.113E+01 1.775E+08
 0.32935306E-01   3522.3 1.405E+01 2.225E+08
 0.41489878E-01   3545.6 1.763E+01 2.775E+08
 0.51937172E-01   3570.0 2.198E+01 3.441E+08
 0.64568588E-01   3595.6 2.722E+01 4.243E+08
 0.79696102E-01   3622.0 3.346E+01 5.203E+08
 0.97742209E-01   3649.6 4.090E+01 6.347E+08
 0.11918890       3677.3 4.969E+01 7.707E+08
 0.14452137       3705.0 6.006E+01 9.311E+08
 0.17430518       3732.5 7.223E+01 1.120E+09
 0.20931262       3759.8 8.650E+01 1.342E+09
 0.25051121       3786.6 1.032E+02 1.604E+09
 0.29887649       3812.6 1.230E+02 1.909E+09
 0.35546723       3837.9 1.460E+02 2.266E+09
 0.42157728       3863.3 1.728E+02 2.685E+09
 0.49878080       3888.3 2.043E+02 3.173E+09
 0.58884414       3913.1 2.409E+02 3.744E+09
 0.69374552       3937.6 2.835E+02 4.411E+09
 0.81574472       3962.4 3.330E+02 5.190E+09
 0.95750136       3987.7 3.906E+02 6.104E+09
  1.1222618       4014.0 4.576E+02 7.173E+09
  1.3137811       4039.6 5.354E+02 8.422E+09
  1.5363764       4065.1 6.259E+02 9.878E+09
  1.7951294       4089.6 7.311E+02 1.157E+10
  2.0959503       4113.3 8.535E+02 1.355E+10
  2.4458342       4135.6 9.960E+02 1.581E+10
  2.8530468       4157.1 1.162E+03 1.843E+10
  3.3272219       4177.8 1.354E+03 2.147E+10
  3.8796641       4197.5 1.578E+03 2.497E+10
  4.5236027       4216.8 1.841E+03 2.900E+10
  5.2745863       4235.2 2.147E+03 3.365E+10
  6.1506487       4253.4 2.503E+03 3.903E+10
  7.1727160       4271.4 2.918E+03 4.524E+10
  8.3648195       4289.8 3.404E+03 5.246E+10
  9.7540524       4309.1 3.969E+03 6.087E+10
  11.370291       4329.9 4.626E+03 7.076E+10
  13.245849       4353.0 5.389E+03 8.243E+10
  15.415525       4379.4 6.273E+03 9.642E+10
  17.916291       4409.7 7.291E+03 1.133E+11
  20.785352       4444.8 8.461E+03 1.340E+11
  24.057010       4485.7 9.792E+03 1.598E+11
  27.757284       4533.7 1.131E+04 1.929E+11
  31.901131       4590.1 1.300E+04 2.364E+11
  36.479356       4656.5 1.488E+04 2.959E+11
  41.446902       4733.9 1.692E+04 3.801E+11
  46.697313       4826.9 1.908E+04 5.086E+11
  52.065633       4936.0 2.130E+04 7.115E+11
  57.348714       5065.3 2.349E+04 1.051E+12
  62.320634       5218.4 2.556E+04 1.646E+12
  66.795123       5398.1 2.743E+04 2.729E+12
  70.636687       5611.4 2.904E+04 4.805E+12
  73.798133       5858.1 3.036E+04 8.829E+12
  76.291044       6150.4 3.139E+04 1.709E+13
  78.162881       6487.7 3.218E+04 3.387E+13
  79.558688       6826.0 3.277E+04 6.260E+13
  80.678936       7115.0 3.326E+04 1.011E+14
  81.673480       7352.4 3.369E+04 1.463E+14
  82.626956       7553.5 3.411E+04 1.965E+14
  83.586042       7732.8 3.453E+04 2.527E+14
  84.580932       7897.0 3.497E+04 3.151E+14
  85.634344       8051.8 3.544E+04 3.852E+14
  86.765088       8200.7 3.595E+04 4.642E+14
  87.991972       8344.7 3.648E+04 5.527E+14
  89.330573       8488.7 3.708E+04 6.544E+14
  90.802299       8627.1 3.773E+04 7.663E+14
  92.422109       8772.1 3.844E+04 8.993E+14
  94.218695       8907.1 3.923E+04 1.040E+15
         1.50
NATOMS        0          -1.40
NMOL          0
