  4305.003 106.00113     1.843    -0.975                3.47                    
  4305.023 106.00113     0.682    -1.322                3.47                    
  4305.052 106.00113     0.682    -1.292                3.47                    
  4305.088 106.00112     0.685    -1.322                3.47                    
  4305.117 106.00112     0.685    -1.292                3.47                    
  4305.134      26.0      2.73    -3.310                                        
  4305.140      58.1      0.86    -0.158                                        
  4305.205      26.0      3.55    -2.193                                        
  4305.308 106.00112     2.971    -0.750                3.47                    
  4305.332 106.00112     0.227    -1.379                3.47                    
  4305.340 106.00113     0.226    -1.379                3.47                    
  4305.416 106.00112     1.851    -0.959                3.47                    
  4305.451      26.0      3.02    -1.208                                        
  4305.453      24.0      2.89    -1.059                                        
  4305.457 106.00112     0.228    -1.341                3.47                    
  4305.464 106.00113     0.226    -1.341                3.47                    
  4305.528      26.0      4.31    -1.975                                        
  4305.553 106.00112     1.851    -0.975                3.47                    
  4305.649 106.00113     0.594    -1.391                3.47                    
  4305.699 106.00112     0.596    -1.391                3.47                    
  4305.714      21.1      0.60    -1.208                                        
  4305.746      59.1      0.05    -0.268                                        
  4305.794 106.00113     0.594    -1.357                3.47                    
  4305.844 106.00112     0.596    -1.357                3.47                    
  4305.855 106.00113     0.637    -1.356                3.47                    
  4305.910      22.0      0.85     0.516                                        
  4305.916 106.00113     0.637    -1.323                3.47                    
  4305.918 106.00112     0.639    -1.356                3.47                    
  4305.925 106.00112     0.189    -1.423                3.47                    
  4305.935 106.00113     0.188    -1.423                3.47                    
  4305.978 106.00112     0.639    -1.323                3.47                    
  4306.057      26.0      3.40    -2.997                                        
  4306.157 106.00112     0.189    -1.381                3.47                    
  4306.165 106.00113     0.188    -1.381                3.47                    
  4306.215      23.0      0.02    -1.786                                        
  4306.293 106.00112     2.971    -0.759                3.47                    
  4306.471 106.00113     1.760    -0.975                3.47                    
  4306.580      26.0      3.43    -2.218                                        
  4306.590 106.00113     0.555    -1.431                3.47                    
  4306.640 106.00112     0.557    -1.431                3.47                    
  4306.673 106.00113     0.594    -1.391                3.47                    
  4306.706 106.00112     0.190    -1.423                3.47                    
  4306.707 106.00113     0.189    -1.423                3.47                    
  4306.726      58.1      0.52    -0.232                                        
  4306.731 106.00113     1.760    -0.987                3.47                    
  4306.734 106.00112     0.597    -1.391                3.47                    
  4306.766 106.00113     0.555    -1.393                3.47                    
  4306.769 106.00113     0.595    -1.357                3.47                    
  4306.818 106.00112     0.557    -1.393                3.47                    
  4306.830 106.00112     0.597    -1.357                3.47                    
  4306.877 106.00113     0.189    -1.381                3.47                    
  4306.878 106.00112     0.190    -1.381                3.47                    
  4306.975 106.00112     1.768    -0.975                3.47                    
  4307.176      23.0      0.00    -1.918                                        
  4307.237 106.00112     1.769    -0.987                3.47                    
  4307.270      28.0      4.15    -1.113                                        
  4307.322 106.00112     0.155    -1.470                3.47                    
  4307.324 106.00113     0.154    -1.470                3.47                    
  4307.464 106.00113     0.555    -1.431                3.47                    
  4307.484 106.00113     0.519    -1.474                3.47                    
  4307.524 106.00112     0.557    -1.431                3.47                    
  4307.536 106.00112     0.521    -1.474                3.47                    
  4307.596 106.00112     0.155    -1.425                3.47                    
  4307.596 106.00113     0.154    -1.425                3.47                    
  4307.599 106.00113     0.555    -1.393                3.47                    
  4307.660 106.00112     0.558    -1.393                3.47                    
  4307.697 106.00113     0.519    -1.432                3.47                    
  4307.744      20.0      1.89    -0.390                                        
  4307.744      20.0      1.89    -0.256                                        
  4307.750 106.00112     0.521    -1.432                3.47                    
  4307.771      60.1      0.38    -0.910                                        
  4307.863      22.1      1.17    -1.070                                        
  4307.960 106.00113     0.154    -1.470                3.47                    
  4307.966 106.00112     0.155    -1.470                3.47                    
  4308.048 106.00113     1.930    -0.947                3.47                    
  4308.183 106.00113     0.154    -1.425                3.47                    
  4308.189 106.00112     0.155    -1.425                3.47                    
  4308.199 106.00113     1.930    -0.959                3.47                    
  4308.218 106.00113     0.519    -1.474                3.47                    
  4308.266 106.00113     0.667    -2.126                3.47                    
  4308.279 106.00112     0.521    -1.474                3.47                    
  4308.307 106.00113     0.667    -2.126                3.47                    
  4308.317 106.00113     0.486    -1.521                3.47                    
  4308.354 106.00112     0.669    -2.126                3.47                    
  4308.370 106.00112     0.487    -1.521                3.47                    
  4308.395 106.00112     0.669    -2.126                3.47                    
  4308.396 106.00113     0.519    -1.432                3.47                    
  4308.458 106.00112     0.521    -1.432                3.47                    
  4308.464      22.0      1.07    -1.078                                        
  4308.506      26.0      2.45    -3.317                                        
  4308.529      26.0      2.22    -4.120                                        
  4308.578 106.00113     0.486    -1.475                3.47                    
  4308.581 106.00113     0.123    -1.524                3.47                    
  4308.586 106.00112     0.124    -1.524                3.47                    
  4308.628      66.1      0.00    -1.118                                        
  4308.633 106.00112     0.488    -1.475                3.47                    
  4308.692 106.00112     1.939    -0.947                3.47                    
  4308.844 106.00112     1.939    -0.959                3.47                    
  4308.904 106.00113     0.123    -1.474                3.47                    
  4308.911 106.00112     0.124    -1.474                3.47                    
  4308.923 106.00113     0.486    -1.521                3.47                    
  4308.973 106.00113     2.960    -0.759                3.47                    
  4308.983 106.00112     0.488    -1.521                3.47                    
  4309.007      62.1      0.18    -1.035                                        
  4309.031      26.0      3.63    -1.213                                        
  4309.090 106.00113     0.456    -1.575                3.47                    
  4309.093 106.00113     0.123    -1.524                3.47                    
  4309.105 106.00112     0.124    -1.524                3.47                    
  4309.146 106.00112     0.458    -1.575                3.47                    
  4309.155 106.00113     0.486    -1.475                3.47                    
  4309.180 106.00113     1.846    -0.959                3.47                    
  4309.209 106.00113     2.960    -0.750                3.47                    
  4309.217 106.00112     0.488    -1.475                3.47                    
  4309.369      26.0      2.95    -1.606                                        
  4309.376 106.00113     0.123    -1.474                3.47                    
  4309.389 106.00112     0.124    -1.474                3.47                    
  4309.393 106.00113     0.456    -1.524                3.47                    
  4309.449 106.00113     1.846    -0.975                3.47                    
  4309.451 106.00112     0.458    -1.524                3.47                    
  4309.455      26.0      3.11    -1.579                                        
  4309.497 106.00113     0.668    -1.971                3.47                    
  4309.534 106.00113     0.668    -1.971                3.47                    
  4309.578 106.00113     0.456    -1.575                3.47                    
  4309.593 106.00112     0.670    -1.971                3.47                    
  4309.630 106.00112     0.670    -1.971                3.47                    
  4309.631      39.1      0.18    -0.750                                        
  4309.639 106.00112     0.458    -1.575                3.47                    
  4309.698 106.00113     0.095    -1.587                3.47                    
  4309.710 106.00112     0.096    -1.587                3.47                    
  4309.735      58.1      0.46    -0.585                                        
  4309.767 106.00112     1.854    -0.959                3.47                    
  4309.781 106.00113     0.429    -1.638                3.47                    
  4309.800      23.0      0.04    -1.890                                        
  4309.839 106.00112     0.431    -1.638                3.47                    
  4309.858 106.00113     0.456    -1.524                3.47                    
  4309.921 106.00112     0.458    -1.524                3.47                    
  4310.038 106.00112     1.854    -0.975                3.47                    
  4310.085 106.00113     0.096    -1.529                3.47                    
  4310.099 106.00112     0.096    -1.529                3.47                    
  4310.100 106.00113     0.096    -1.587                3.47                    
  4310.116 106.00112     0.096    -1.587                3.47                    
  4310.147 106.00113     0.430    -1.580                3.47                    
  4310.163 106.00113     0.430    -1.638                3.47                    
  4310.206 106.00112     0.431    -1.580                3.47                    
  4310.225 106.00112     0.431    -1.638                3.47                    
  4310.315 106.00112     2.974    -0.759                3.47                    
  4310.344      22.0      1.05    -1.593                                        
  4310.371      26.0      3.93    -1.863                                        
  4310.385 106.00113     0.406    -1.712                3.47                    
  4310.445 106.00112     0.407    -1.712                3.47                    
  4310.454 106.00113     0.096    -1.529                3.47                    
  4310.473 106.00112     0.096    -1.529                3.47                    
  4310.497      60.1      0.20    -0.800                                        
  4310.510 106.00113     0.430    -1.580                3.47                    
  4310.542      26.0      3.64    -2.686                                        
  4310.564 106.00112     2.974    -0.750                3.47                    
  4310.574 106.00112     0.431    -1.580                3.47                    
  4310.670 106.00113     0.071    -1.662                3.47                    
  4310.673 106.00113     0.406    -1.712                3.47                    
  4310.687 106.00112     0.072    -1.662                3.47                    
  4310.696      58.1      0.50    -0.965                                        
  4310.736 106.00112     0.408    -1.712                3.47                    
  4310.830 106.00113     0.406    -1.644                3.47                    
  4310.889 106.00113     0.386    -1.801                3.47                    
  4310.892 106.00112     0.408    -1.644                3.47                    
  4310.950 106.00112     0.387    -1.801                3.47                    
  4310.973 106.00113     0.071    -1.662                3.47                    
  4310.994 106.00112     0.072    -1.662                3.47                    
  4311.096 106.00113     0.386    -1.801                3.47                    
  4311.104 106.00113     0.406    -1.644                3.47                    
  4311.138 106.00113     0.071    -1.593                3.47                    
  4311.159 106.00112     0.072    -1.593                3.47                    
  4311.159 106.00112     0.387    -1.801                3.47                    
  4311.169 106.00112     0.408    -1.644                3.47                    
  4311.277 106.00113     0.369    -1.921                3.47                    
  4311.339 106.00112     0.370    -1.921                3.47                    
  4311.415 106.00113     0.369    -1.921                3.47                    
  4311.416 106.00113     0.072    -1.593                3.47                    
  4311.440 106.00112     0.072    -1.593                3.47                    
  4311.442 106.00113     0.386    -1.721                3.47                    
  4311.478 106.00112     0.370    -1.921                3.47                    
  4311.485 106.00113     0.050    -1.752                3.47                    
  4311.494 106.00113     0.346    -2.384                3.47                    
  4311.506 106.00112     0.388    -1.721                3.47                    
  4311.507 106.00112     0.051    -1.752                3.47                    
  4311.513 106.00113     0.356    -2.087                3.47                    
  4311.535 106.00113     0.346    -2.384                3.47                    
  4311.555 106.00112     0.347    -2.384                3.47                    
  4311.576 106.00112     0.357    -2.087                3.47                    
  4311.596 106.00113     0.356    -2.087                3.47                    
  4311.598 106.00112     0.347    -2.384                3.47                    
  4311.639 106.00113     0.386    -1.721                3.47                    
  4311.660 106.00112     0.357    -2.087                3.47                    
  4311.702 106.00113     0.050    -1.752                3.47                    
  4311.705 106.00112     0.388    -1.721                3.47                    
  4311.727 106.00112     0.051    -1.752                3.47                    
  4311.917 106.00113     2.018    -0.932                3.47                    
  4311.983 106.00113     0.370    -1.821                3.47                    
  4312.049 106.00112     0.371    -1.821                3.47                    
  4312.063 106.00113     0.051    -1.672                3.47                    
  4312.084 106.00113     2.018    -0.947                3.47                    
  4312.089 106.00112     0.051    -1.672                3.47                    
  4312.114 106.00113     0.370    -1.821                3.47                    
  4312.122 106.00113     2.448    -1.255                3.47                    
  4312.129 106.00113     0.033    -1.870                3.47                    
  4312.155 106.00112     0.033    -1.870                3.47                    
  4312.182 106.00112     0.371    -1.821                3.47                    
  4312.262 106.00113     0.051    -1.672                3.47                    
  4312.274 106.00113     0.033    -1.870                3.47                    
  4312.291 106.00112     0.051    -1.672                3.47                    
  4312.302 106.00112     0.033    -1.870                3.47                    
  4312.461 106.00113     0.356    -1.955                3.47                    
  4312.491 106.00113     1.933    -0.947                3.47                    
  4312.529 106.00112     0.357    -1.955                3.47                    
  4312.540 106.00113     0.356    -1.955                3.47                    
  4312.551      25.0      2.94    -1.239                                        
  4312.564 106.00113     0.019    -2.036                3.47                    
  4312.592 106.00112     0.019    -2.036                3.47                    
  4312.609 106.00112     0.357    -1.955                3.47                    
  4312.651 106.00113     0.019    -2.036                3.47                    
  4312.671 106.00112     2.028    -0.932                3.47                    
  4312.681 106.00112     0.019    -2.036                3.47                    
  4312.687 106.00113     0.008    -2.333                3.47                    
  4312.717 106.00112     0.008    -2.333                3.47                    
  4312.731 106.00113     0.008    -2.333                3.47                    
  4312.761 106.00112     0.008    -2.333                3.47                    
  4312.769 106.00113     1.933    -0.959                3.47                    
  4312.830 106.00113     2.448    -1.267                3.47                    
  4312.840 106.00112     2.028    -0.947                3.47                    
  4312.862 106.00113     0.033    -1.770                3.47                    
  4312.864      22.1      1.18    -1.071                                        
  4312.892 106.00112     0.033    -1.770                3.47                    
  4312.905 106.00113     0.346    -2.192                3.47                    
  4312.944 106.00113     0.346    -2.192                3.47                    
  4312.975 106.00112     0.347    -2.192                3.47                    
  4312.995 106.00113     0.033    -1.770                3.47                    
  4313.015 106.00112     0.347    -2.192                3.47                    
  4313.027 106.00112     0.034    -1.770                3.47                    
  4313.043      26.0      2.76    -3.258                                        
  4313.174 106.00112     1.942    -0.947                3.47                    
  4313.454 106.00112     1.942    -0.959                3.47                    
  4313.522 106.00113     3.063    -0.740                3.47                    
  4313.549 106.00113     0.019    -1.907                3.47                    
  4313.583 106.00112     0.020    -1.907                3.47                    
  4313.629 106.00113     0.019    -1.907                3.47                    
  4313.664 106.00112     0.020    -1.907                3.47                    
  4313.738 106.00113     0.661    -2.250                3.47                    
  4313.752 106.00113     0.661    -2.250                3.47                    
  4313.856 106.00112     0.663    -2.250                3.47                    
  4313.870 106.00112     0.663    -2.250                3.47                    
  4314.028 106.00113     0.661    -1.996                3.47                    
  4314.040 106.00113     0.661    -1.996                3.47                    
  4314.083      21.1      0.62    -0.050                                        
  4314.147 106.00112     0.663    -1.996                3.47                    
  4314.148 106.00113     0.009    -2.141                3.47                    
  4314.160 106.00112     0.663    -1.996                3.47                    
  4314.186 106.00112     0.009    -2.141                3.47                    
  4314.189 106.00113     0.009    -2.141                3.47                    
  4314.227 106.00112     0.009    -2.141                3.47                    
  4314.310      26.1      2.68    -3.477                                        
  4314.506      60.1      0.00    -0.920                                        
  4314.578 106.00112     2.459    -1.255                3.47                    
  4314.588 106.00113     3.063    -0.750                3.47                    
  4314.730      22.0      0.82    -1.633                                        
  4314.804      22.0      0.84    -1.254                                        
  4314.975      22.1      1.16    -1.116                                        
  4315.084      26.0      2.20    -1.065                                        
  4315.089 106.00112     3.077    -0.740                3.47                    
  4315.299 106.00112     2.458    -1.267                3.47                    
  4315.305 106.00113     3.175    -1.069                3.47                    
  4315.758 106.00113     3.175    -1.079                3.47                    
  4315.952      26.0      2.43    -3.683                                        
  4316.047      64.1      0.66    -0.626                                        
  4316.175 106.00112     3.078    -0.750                3.47                    
  4316.477 106.00113     2.021    -0.932                3.47                    
  4316.555 106.00113     2.108    -0.921                3.47                    
  4316.738 106.00113     2.108    -0.932                3.47                    
  4316.764 106.00113     2.022    -0.947                3.47                    
  4316.799      22.1      2.05    -1.614                                        
  4316.974 106.00113     2.445    -1.267                3.47                    
  4317.049      26.0      3.55    -2.388                                        
  4317.193 106.00113     2.445    -1.255                3.47                    
  4317.270 106.00112     2.031    -0.932                3.47                    
  4317.299      40.1      0.71    -1.380                                        
  4317.435 106.00112     2.118    -0.921                3.47                    
  4317.559 106.00112     2.031    -0.947                3.47                    
  4317.619 106.00112     2.118    -0.932                3.47                    
  4318.307 106.00113     3.066    -0.750                3.47                    
  4318.619 106.00113     3.066    -0.740                3.47                    
  4318.631      22.0      2.26     0.406                                        
  4318.652      20.0      1.90    -0.295                                        
  4318.652      20.0      1.90    -0.208                                        
  4318.927      62.1      0.28    -0.613                                        
  4319.014 106.00112     3.189    -1.069                3.47                    
  4319.238 106.00113     3.172    -1.069                3.47                    
  4319.441      26.0      2.61    -3.337                                        
  4319.471 106.00112     2.456    -1.267                3.47                    
  4319.474 106.00112     3.189    -1.079                3.47                    
  4319.494 106.00113     3.172    -1.079                3.47                    
  4319.636      24.0      2.89    -1.102                                        
  4319.699 106.00112     2.455    -1.255                3.47                    
  4319.869 106.00112     3.080    -0.750                3.47                    
  4320.194 106.00112     3.081    -0.740                3.47                    
  4320.362      26.0      3.40    -2.290                                        
  4320.485      26.0      3.42    -2.227                                        
  4320.719      58.1      0.46    -0.432                                        
  4320.732      21.1      0.61    -0.212                                        
  4320.960      22.1      1.17    -1.823                                        
  4321.096      64.1      0.60    -0.528                                        
  4321.217 106.00113     2.112    -0.921                3.47                    
  4321.510 106.00113     2.112    -0.932                3.47                    
  4321.614      24.0      3.12    -0.925                                        
  4321.655      22.0      2.24     0.195                                        
  4322.048 106.00113     2.200    -0.907                3.47                    
  4322.135 106.00112     2.121    -0.921                3.47                    
  4322.248 106.00113     2.200    -0.921                3.47                    
  4322.429 106.00112     2.122    -0.932                3.47                    
  4322.503      57.1      0.17    -1.120                                        
  4322.795 106.00113     0.834    -1.561                3.47                    
  4322.802      26.0      2.83    -3.410                                        
  4322.802 106.00113     0.868    -1.519                3.47                    
  4322.827 106.00113     0.802    -1.609                3.47                    
  4322.828 106.00113     0.667    -2.472                3.47                    
  4322.866 106.00113     0.906    -1.479                3.47                    
  4322.869 106.00113     0.667    -2.472                3.47                    
  4322.887 106.00113     0.773    -1.664                3.47                    
  4322.903      26.0      4.59    -1.487                                        
  4322.942 106.00112     3.186    -1.069                3.47                    
  4322.959 106.00113     0.748    -1.726                3.47                    
  4322.976 106.00113     0.868    -1.480                3.47                    
  4322.998 106.00112     0.669    -2.472                3.47                    
  4322.999 106.00112     0.836    -1.561                3.47                    
  4323.004 106.00113     0.946    -1.444                3.47                    
  4323.006 106.00113     0.906    -1.444                3.47                    
  4323.007 106.00113     0.834    -1.520                3.47                    
  4323.015 106.00112     0.871    -1.519                3.47                    
  4323.024 106.00112     0.805    -1.609                3.47                    
  4323.032 106.00113     0.725    -1.799                3.47                    
  4323.039 106.00112     0.669    -2.472                3.47                    
  4323.053 106.00113     0.677    -2.175                3.47                    
  4323.071 106.00112     2.210    -0.907                3.47                    
  4323.078 106.00112     0.776    -1.664                3.47                    
  4323.085 106.00113     0.802    -1.564                3.47                    
  4323.088 106.00113     0.706    -1.889                3.47                    
  4323.090 106.00112     0.909    -1.479                3.47                    
  4323.106 106.00113     0.690    -2.007                3.47                    
  4323.117 106.00113     0.947    -1.411                3.47                    
  4323.135 106.00113     0.677    -2.175                3.47                    
  4323.145 106.00112     0.750    -1.726                3.47                    
  4323.190 106.00112     0.871    -1.480                3.47                    
  4323.194 106.00113     0.774    -1.613                3.47                    
  4323.197 106.00112     3.186    -1.079                3.47                    
  4323.213 106.00112     0.837    -1.520                3.47                    
  4323.214 106.00112     0.728    -1.799                3.47                    
  4323.226 106.00112     0.679    -2.175                3.47                    
  4323.231 106.00112     0.909    -1.444                3.47                    
  4323.239 106.00113     0.990    -1.410                3.47                    
  4323.240 106.00112     0.950    -1.444                3.47                    
  4323.242 106.00113     0.690    -2.007                3.47                    
  4323.266 106.00112     0.708    -1.889                3.47                    
  4323.273 106.00112     2.210    -0.921                3.47                    
  4323.281 106.00112     0.692    -2.007                3.47                    
  4323.283 106.00112     0.805    -1.564                3.47                    
  4323.290      62.1      0.10    -1.294                                        
  4323.291 106.00113     0.706    -1.889                3.47                    
  4323.309 106.00112     0.679    -2.175                3.47                    
  4323.314 106.00113     0.726    -1.799                3.47                    
  4323.324 106.00113     0.748    -1.668                3.47                    
  4323.327 106.00113     0.990    -1.380                3.47                    
  4323.334 106.00113     0.748    -1.726                3.47                    
  4323.354 106.00112     0.950    -1.411                3.47                    
  4323.365 106.00113     0.774    -1.664                3.47                    
  4323.387 106.00112     0.776    -1.613                3.47                    
  4323.406      22.0      1.07    -1.471                                        
  4323.419 106.00112     0.692    -2.007                3.47                    
  4323.420 106.00113     0.802    -1.609                3.47                    
  4323.467 106.00113     0.726    -1.733                3.47                    
  4323.472 106.00112     0.708    -1.889                3.47                    
  4323.491 106.00112     0.994    -1.410                3.47                    
  4323.499 106.00112     0.728    -1.799                3.47                    
  4323.512 106.00112     0.750    -1.668                3.47                    
  4323.513 106.00113     0.834    -1.561                3.47                    
  4323.524 106.00112     0.750    -1.726                3.47                    
  4323.562 106.00112     0.776    -1.664                3.47                    
  4323.580 106.00112     0.994    -1.380                3.47                    
  4323.595 106.00113     1.036    -1.380                3.47                    
  4323.618 106.00113     0.706    -1.810                3.47                    
  4323.624 106.00112     0.805    -1.609                3.47                    
  4323.631 106.00113     0.803    -1.564                3.47                    
  4323.633 106.00113     0.774    -1.613                3.47                    
  4323.651 106.00112     0.728    -1.733                3.47                    
  4323.656 106.00113     0.869    -1.519                3.47                    
  4323.660 106.00113     1.036    -1.352                3.47                    
  4323.667 106.00113     0.748    -1.668                3.47                    
  4323.671 106.00113     0.834    -1.520                3.47                    
  4323.725 106.00113     0.726    -1.733                3.47                    
  4323.726 106.00112     0.837    -1.561                3.47                    
  4323.767 106.00113     0.869    -1.480                3.47                    
  4323.778 106.00113     0.690    -1.907                3.47                    
  4323.799 106.00112     0.709    -1.810                3.47                    
  4323.803 106.00113     0.707    -1.810                3.47                    
  4323.831 106.00112     0.776    -1.613                3.47                    
  4323.836 106.00112     0.805    -1.564                3.47                    
  4323.860 106.00112     0.751    -1.668                3.47                    
  4323.865 106.00112     1.040    -1.380                3.47                    
  4323.865 106.00113     0.907    -1.479                3.47                    
  4323.879 106.00112     0.872    -1.519                3.47                    
  4323.884 106.00112     0.837    -1.520                3.47                    
  4323.902 106.00113     0.690    -1.907                3.47                    
  4323.912 106.00112     0.728    -1.733                3.47                    
  4323.931 106.00112     1.040    -1.352                3.47                    
  4323.935 106.00113     0.907    -1.444                3.47                    
  4323.953 106.00113     0.678    -2.044                3.47                    
  4323.957 106.00112     0.692    -1.907                3.47                    
  4323.986 106.00112     0.709    -1.810                3.47                    
  4323.991 106.00112     0.872    -1.480                3.47                    
  4324.027 106.00113     0.678    -2.044                3.47                    
  4324.083 106.00112     0.692    -1.907                3.47                    
  4324.097 106.00113     1.085    -1.352                3.47                    
  4324.100 106.00112     0.910    -1.479                3.47                    
  4324.130 106.00112     0.679    -2.044                3.47                    
  4324.142 106.00113     1.085    -1.325                3.47                    
  4324.156 106.00113     0.947    -1.444                3.47                    
  4324.166 106.00113     0.668    -2.280                3.47                    
  4324.171 106.00112     0.910    -1.444                3.47                    
  4324.193 106.00113     0.947    -1.411                3.47                    
  4324.203 106.00113     0.668    -2.280                3.47                    
  4324.206 106.00112     0.680    -2.044                3.47                    
  4324.343 106.00112     0.670    -2.280                3.47                    
  4324.381 106.00112     0.670    -2.280                3.47                    
  4324.389 106.00112     1.089    -1.352                3.47                    
  4324.406 106.00112     0.951    -1.444                3.47                    
  4324.434 106.00112     1.089    -1.325                3.47                    
  4324.443 106.00112     0.951    -1.411                3.47                    
  4324.519 106.00113     3.169    -0.730                3.47                    
  4324.552 106.00113     0.991    -1.410                3.47                    
  4324.559 106.00113     0.991    -1.380                3.47                    
  4324.779 106.00113     1.137    -1.324                3.47                    
  4324.785      58.1      0.96    -0.514                                        
  4324.802 106.00113     1.137    -1.299                3.47                    
  4324.819 106.00112     0.994    -1.410                3.47                    
  4324.826 106.00112     0.994    -1.380                3.47                    
  4324.947      26.0      2.20    -3.374                                        
  4324.996      21.1      0.60    -0.392                                        
  4325.055 106.00113     1.037    -1.352                3.47                    
  4325.058      24.0      2.97    -0.436                                        
  4325.075 106.00113     1.037    -1.380                3.47                    
  4325.096 106.00112     1.141    -1.324                3.47                    
  4325.119 106.00112     1.141    -1.299                3.47                    
  4325.134      22.0      2.25     0.343                                        
  4325.342 106.00112     1.041    -1.352                3.47                    
  4325.362 106.00112     1.041    -1.380                3.47                    
  4325.593      28.0      3.31    -1.074                                        
  4325.671 106.00113     1.191    -1.299                3.47                    
  4325.673 106.00113     1.191    -1.276                3.47                    
  4325.694 106.00113     3.170    -0.740                3.47                    
  4325.709 106.00113     1.086    -1.325                3.47                    
  4325.739      26.0      0.00    -4.815                                        
  4325.752 106.00113     1.086    -1.352                3.47                    
  4325.758      60.1      0.47     0.010                                        
  4325.762      26.1     1.608     0.006                                                 -0.506                                     orig=0.006
  4325.943      26.0      3.27    -1.017                                        
  4326.019 106.00112     1.090    -1.325                3.47                    
  4326.019 106.00112     1.196    -1.299                3.47                    
  4326.020 106.00112     1.196    -1.276                3.47                    
  4326.062 106.00112     1.090    -1.352                3.47                    
  4326.342 106.00112     3.184    -0.730                3.47                    
  4326.354      22.0      0.83    -1.191                                        
  4326.547 106.00113     1.138    -1.299                3.47                    
  4326.611 106.00113     1.138    -1.324                3.47                    
  4326.752      26.0      2.95    -1.729                                        
  4326.793 106.00113     2.203    -0.907                3.47                    
  4326.794 106.00113     1.248    -1.253                3.47                    
  4326.812 106.00113     1.248    -1.276                3.47                    
  4326.884 106.00112     1.142    -1.299                3.47                    
  4326.898 106.00113     0.356    -3.038                3.47                    
  4326.949 106.00112     1.142    -1.324                3.47                    
  4326.962      22.0      0.81    -1.752                                        
  4326.982 106.00113     0.356    -3.038                3.47                    
  4327.049 106.00112     0.357    -3.038                3.47                    
  4327.092 106.00113     2.203    -0.921                3.47                    
  4327.094      26.0      3.55    -0.869                                        
  4327.134 106.00112     0.357    -3.038                3.47                    
  4327.151      64.1      0.35    -0.370                                        
  4327.177 106.00112     1.253    -1.253                3.47                    
  4327.194 106.00112     1.253    -1.276                3.47                    
  4327.539 106.00112     3.185    -0.740                3.47                    
  4327.603 106.00113     1.192    -1.276                3.47                    
  4327.686 106.00113     1.192    -1.299                3.47                    
  4327.780      26.0      3.70    -2.609                                        
  4327.854 106.00112     2.213    -0.907                3.47                    
  4327.905      26.0      3.30    -2.362                                        
  4327.932      60.1      0.56    -0.340                                        
  4327.962 106.00113     0.356    -2.883                3.47                    
  4327.972 106.00112     1.197    -1.276                3.47                    
  4328.041 106.00113     0.356    -2.883                3.47                    
  4328.055 106.00112     1.197    -1.299                3.47                    
  4328.119 106.00112     0.357    -2.883                3.47                    
  4328.154 106.00112     2.213    -0.921                3.47                    
  4328.200 106.00112     0.357    -2.883                3.47                    
  4328.206 106.00113     1.307    -1.231                3.47                    
  4328.242 106.00113     1.307    -1.253                3.47                    
  4328.489 106.00113     2.293    -0.896                3.47                    
  4328.630 106.00112     1.313    -1.231                3.47                    
  4328.666 106.00112     1.313    -1.253                3.47                    
  4328.700 106.00113     0.019    -2.987                3.47                    
  4328.709 106.00113     2.293    -0.907                3.47                    
  4328.788 106.00113     0.019    -2.987                3.47                    
  4328.913 106.00112     0.019    -2.987                3.47                    
  4328.914 106.00113     1.249    -1.253                3.47                    
