3913.25773513092  0.
3913.29711011212  0.
3913.33648509332  0.
3913.37586007452  0.
3913.41523505571  0.
3913.45461003691  22.0834
3913.49398501811  4.053493
3913.53335999931  20.74848
3913.5727349805  28.86635
3913.6121099617  18.87625
3913.6514849429  0.9462468
3913.6908599241  -9.147222
3913.73023490529  -4.128454
3913.76960988649  2.201746
3913.80898486769  -1.556251
3913.84835984889  -2.686163
3913.88773483008  -8.293694
3913.92710981128  13.34262
3913.96648479248  -2.081443
3914.00585977367  -25.49067
3914.04523475487  -3.347168
3914.08460973607  21.63964
3914.12398471727  -10.0042
3914.16335969847  -12.12028
3914.20273467966  6.460723
3914.24210966086  13.18609
3914.28148464206  -12.11443
3914.32085962325  -6.717072
3914.36023460445  -9.576481
3914.39960958565  55.86792
3914.43898456685  108.1472
3914.47835954804  53.8552
3914.51773452924  -5.46349
3914.55710951044  0.6661872
3914.59648449164  -23.84709
3914.63585947283  -1.45561
3914.67523445403  0.2855174
3914.71460943523  7.894505
3914.75398441643  19.99182
3914.79335939762  34.7331
3914.83273437882  -27.76303
3914.87210936002  -6.444022
3914.91148434122  33.45069
3914.95085932241  -18.68073
3914.99023430361  -0.2665188
3915.02960928481  -1.251779
3915.068984266  -9.882369
3915.1083592472  -3.161804
3915.1477342284  -7.07026
3915.1871092096  -8.955754
3915.22648419079  27.34995
3915.26585917199  25.67282
3915.30523415319  -3.359746
3915.34460913439  -1.833964
3915.38398411558  18.44558
3915.42335909678  -8.608388
3915.46273407798  3.965484
3915.50210905918  -2.407521
3915.54148404037  3.746099
3915.58085902157  -0.09060216
3915.62023400277  -32.2457
3915.65960898397  -22.62425
3915.69898396516  3.914088
3915.73835894636  -34.96983
3915.77773392756  8.126961
3915.81710890876  -7.773635
3915.85648388995  32.60717
3915.89585887115  -20.15604
3915.93523385235  3.861436
3915.97460883354  -10.55317
3916.01398381474  0.5058566
3916.05335879594  -14.76308
3916.09273377714  -8.681442
3916.13210875833  5.452815
3916.17148373953  1.821426
3916.21085872073  -24.54498
3916.25023370193  -27.35971
3916.28960868312  21.34648
3916.32898366432  15.8075
3916.36835864552  39.29057
3916.40773362672  -7.829416
3916.44710860791  0.1883376
3916.48648358911  9.928521
3916.52585857031  -4.218289
3916.56523355151  4.605334
3916.6046085327  -27.5476
3916.6439835139  57.64626
3916.6833584951  -34.98594
3916.7227334763  -32.26403
3916.76210845749  4.400281
3916.80148343869  -2.376206
3916.84085841989  20.46936
3916.88023340108  8.458898
3916.91960838228  -0.6691437
3916.95898336348  27.59353
3916.99835834468  17.31657
3917.03773332587  -7.538492
3917.07710830707  4.416133
3917.11648328827  -13.78938
3917.15585826947  -34.9667
3917.19523325066  -35.75077
3917.23460823186  -11.44042
3917.27398321306  -0.09234877
3917.31335819426  14.48889
3917.35273317545  14.71005
3917.39210815665  -40.86742
3917.43148313785  -5.271472
3917.47085811905  -52.89672
3917.51023310024  13.92539
3917.54960808144  20.74215
3917.58898306264  17.99197
3917.62835804384  6.598219
3917.66773302503  -30.43923
3917.70710800623  -11.78446
3917.74648298743  -15.135
3917.78585796863  16.44637
3917.82523294982  35.55675
3917.86460793102  3.140877
3917.90398291222  -14.56428
3917.94335789341  6.383976
3917.98273287461  5.830983
3918.02210785581  1.344868
3918.06148283701  14.11842
3918.1008578182  -1.883606
3918.1402327994  -2.450495
3918.1796077806  -7.012574
3918.2189827618  5.183157
3918.25835774299  -20.80343
3918.29773272419  45.15956
3918.33710770539  16.05732
3918.37648268659  -19.78438
3918.41585766778  5.416701
3918.45523264898  4.409598
3918.49460763018  -46.11019
3918.53398261138  2.775797
3918.57335759257  -4.922916
3918.61273257377  -4.994474
3918.65210755497  -22.80496
3918.69148253617  11.28186
3918.73085751736  11.48124
3918.77023249856  -15.28894
3918.80960747976  22.73882
3918.84898246096  -42.94405
3918.88835744215  23.73306
3918.92773242335  -15.67493
3918.96710740455  1.794956
3919.00648238574  17.42775
3919.04585736694  -13.71511
3919.08523234814  28.8036
3919.12460732934  26.62064
3919.16398231053  -7.536239
3919.20335729173  -24.13939
3919.24273227293  7.394995
3919.28210725413  7.381508
3919.32148223532  7.229936
3919.36085721652  28.99843
3919.40023219772  -27.33202
3919.43960717892  -21.4572
3919.47898216011  -2.275705
3919.51835714131  40.33295
3919.55773212251  12.02518
3919.5971071037  35.81636
3919.6364820849  -3.538897
3919.6758570661  -0.8901485
3919.7152320473  26.75648
3919.7546070285  9.912235
3919.79398200969  -6.557976
3919.83335699089  -6.618773
3919.87273197209  -22.64958
3919.91210695328  -20.69694
3919.95148193448  20.24165
3919.99085691568  -12.54824
3920.03023189688  45.54302
3920.06960687807  -5.330689
3920.10898185927  43.03343
3920.14835684047  -13.27913
3920.18773182167  -7.436331
3920.22710680286  16.81541
3920.26648178406  -7.827519
3920.30585676526  52.38522
3920.34523174646  4.309126
3920.38460672765  6.032416
3920.42398170885  5.87179
3920.46335669005  -15.9713
3920.50273167125  3.47004
3920.54210665244  -9.67527
3920.58148163364  -18.11881
3920.62085661484  19.61329
3920.66023159604  -3.174141
3920.69960657723  -18.14965
3920.73898155843  39.92641
3920.77835653963  -11.20834
3920.81773152082  12.70776
3920.85710650202  -0.7626979
3920.89648148322  17.86676
3920.93585646442  13.78637
3920.97523144561  9.409033
3921.01460642681  -9.677401
3921.05398140801  2.348824
3921.09335638921  25.73865
3921.1327313704  -6.823317
3921.1721063516  -2.814991
3921.2114813328  26.33807
3921.250856314  5.92449
3921.29023129519  -17.82677
3921.32960627639  -21.63598
3921.36898125759  9.437861
3921.40835623879  22.12645
3921.44773121998  -14.13496
3921.48710620118  10.08827
3921.52648118238  1.765461
3921.56585616357  22.83877
3921.60523114477  44.93906
3921.64460612597  8.67736
3921.68398110717  15.85104
3921.72335608837  25.28952
3921.76273106956  -21.94077
3921.80210605076  5.517254
3921.84148103196  13.90318
3921.88085601315  -13.18588
3921.92023099435  6.970747
3921.95960597555  -9.330046
3921.99898095675  26.00975
3922.03835593794  26.34027
3922.07773091914  17.79893
3922.11710590034  -10.46827
3922.15648088154  15.30655
3922.19585586273  28.90496
3922.23523084393  -18.28084
3922.27460582513  9.970311
3922.31398080633  -20.5267
3922.35335578752  -1.552347
3922.39273076872  15.22952
3922.43210574992  -12.45923
3922.47148073112  -15.84938
3922.51085571231  1.564783
3922.55023069351  4.599432
3922.58960567471  -20.85663
3922.62898065591  -13.70843
3922.6683556371  -12.10133
3922.7077306183  6.116034
3922.7471055995  25.4849
3922.78648058069  24.11734
3922.82585556189  -49.04205
3922.86523054309  3.710218
3922.90460552429  31.60723
3922.94398050548  12.73718
3922.98335548668  -12.31251
3923.02273046788  9.823295
3923.06210544908  9.243115
3923.10148043027  -9.12929
3923.14085541147  5.070229
3923.18023039267  -8.138042
3923.21960537387  29.17903
3923.25898035506  37.21543
3923.29835533626  12.35631
3923.33773031746  9.897912
3923.37710529866  36.84639
3923.41648027985  -40.58318
3923.45585526105  50.60124
3923.49523024225  -14.97575
3923.53460522345  6.232518
3923.57398020464  -8.85001
3923.61335518584  -13.51809
3923.65273016704  20.32344
3923.69210514823  5.690001
3923.73148012943  12.69326
3923.77085511063  22.59807
3923.81023009183  -21.02812
3923.84960507302  53.26598
3923.88898005422  -41.19453
3923.92835503542  14.90639
3923.96773001662  -13.39528
3924.00710499781  22.86506
3924.04647997901  4.426726
3924.08585496021  -29.33388
3924.12522994141  5.99092
3924.1646049226  23.86791
3924.2039799038  3.690328
3924.243354885  -19.64815
3924.2827298662  32.59637
3924.32210484739  6.556617
3924.36147982859  -7.341956
3924.40085480979  15.13837
3924.44022979099  12.95978
3924.47960477218  50.18286
3924.51897975338  4.759336
3924.55835473458  35.87035
3924.59772971578  -39.42635
3924.63710469697  16.64869
3924.67647967817  -19.25012
3924.71585465937  41.96747
3924.75522964056  -23.69507
3924.79460462176  -36.753
3924.83397960296  19.01319
3924.87335458416  22.31216
3924.91272956535  4.956664
3924.95210454655  31.65341
3924.99147952775  -6.690419
3925.03085450895  45.75687
3925.07022949014  2.538637
3925.10960447134  5.202497
3925.14897945254  47.10518
3925.18835443374  25.47911
3925.22772941493  -8.937841
3925.26710439613  0.868801
3925.30647937733  3.144014
3925.34585435853  42.95609
3925.38522933972  9.172354
3925.42460432092  32.70136
3925.46397930212  -24.65952
3925.50335428331  0.6468572
3925.54272926451  -33.23251
3925.58210424571  -21.52552
3925.62147922691  11.67898
3925.66085420811  -12.80588
3925.7002291893  5.39123
3925.7396041705  -25.23923
3925.7789791517  10.29506
3925.81835413289  24.50263
3925.85772911409  -16.70736
3925.89710409529  3.866179
3925.93647907649  2.009934
3925.97585405768  -13.84951
3926.01522903888  15.45168
3926.05460402008  8.09492
3926.09397900128  27.51243
3926.13335398247  19.25885
3926.17272896367  -0.1365574
3926.21210394487  -3.18204
3926.25147892607  4.380454
3926.29085390726  -19.45874
3926.33022888846  10.85554
3926.36960386966  -16.23799
3926.40897885085  35.20853
3926.44835383205  2.122967
3926.48772881325  6.375832
3926.52710379445  12.93159
3926.56647877564  5.018388
3926.60585375684  16.85353
3926.64522873804  -0.2139432
3926.68460371924  9.091526
3926.72397870043  26.48882
3926.76335368163  -17.71589
3926.80272866283  46.94281
3926.84210364403  -42.96259
3926.88147862522  -18.63385
3926.92085360642  11.25587
3926.96022858762  34.02404
3926.99960356882  58.92859
3927.03897855001  0.4595684
3927.07835353121  0.7011497
3927.11772851241  -25.95625
3927.15710349361  -5.024608
3927.1964784748  13.1545
3927.235853456  11.80837
3927.2752284372  22.44048
3927.3146034184  -7.682707
3927.35397839959  -13.9879
3927.39335338079  -2.16451
3927.43272836199  4.061131
3927.47210334318  1.129687
3927.51147832438  -20.9414
3927.55085330558  24.30583
3927.59022828678  -30.03211
3927.62960326797  -6.005534
3927.66897824917  -27.06074
3927.70835323037  42.64356
3927.74772821157  21.99038
3927.78710319276  -36.54244
3927.82647817396  -40.58856
3927.86585315516  -19.80038
3927.90522813636  30.02305
3927.94460311755  9.84664
3927.98397809875  -32.78572
3928.02335307995  21.31426
3928.06272806115  -26.86313
3928.10210304234  -23.89929
3928.14147802354  -27.79297
3928.18085300474  19.85312
3928.22022798594  -26.1702
3928.25960296713  23.31419
3928.29897794833  -33.89834
3928.33835292953  34.24659
3928.37772791072  19.70411
3928.41710289192  -37.74436
3928.45647787312  14.0815
3928.49585285432  3.957867
3928.53522783552  -19.88842
3928.57460281671  -16.36067
3928.61397779791  15.57854
3928.65335277911  17.92432
3928.6927277603  8.238891
3928.7321027415  7.189441
3928.7714777227  53.50782
3928.8108527039  20.40421
3928.85022768509  -3.590903
3928.88960266629  -33.39822
3928.92897764749  24.52192
3928.96835262869  1.885116
3929.00772760988  7.822512
3929.04710259108  -3.882043
3929.08647757228  13.57405
3929.12585255348  -26.83308
3929.16522753467  12.40784
3929.20460251587  3.609869
3929.24397749707  21.38975
3929.28335247827  -1.29029
3929.32272745946  23.79296
3929.36210244066  -11.59956
3929.40147742186  -18.3024
3929.44085240305  4.899055
3929.48022738425  36.35005
3929.51960236545  -24.12561
3929.55897734665  34.15675
3929.59835232784  19.94304
3929.63772730904  2.062368
3929.67710229024  10.48599
3929.71647727144  -26.71939
3929.75585225263  -20.82668
3929.79522723383  -5.349307
3929.83460221503  14.14807
3929.87397719623  1.813553
3929.91335217742  -22.42823
3929.95272715862  -19.96591
3929.99210213982  62.00235
3930.03147712102  16.15905
3930.07085210221  -30.44626
3930.11022708341  11.51824
3930.14960206461  17.87912
3930.18897704581  -9.200557
3930.228352027  -13.64755
3930.2677270082  28.18613
3930.3071019894  36.16381
3930.3464769706  4.809145
3930.38585195179  13.29313
3930.42522693299  -19.97861
3930.46460191419  6.719311
3930.50397689538  -16.20306
3930.54335187658  35.01534
3930.58272685778  26.01641
3930.62210183898  10.54352
3930.66147682017  38.23827
3930.70085180137  -36.38455
3930.74022678257  16.24141
3930.77960176377  3.50421
3930.81897674496  -22.62395
3930.85835172616  -4.222947
3930.89772670736  -45.34856
3930.93710168856  47.1849
3930.97647666975  -2.177252
3931.01585165095  -2.298177
3931.05522663215  26.22401
3931.09460161335  20.34908
3931.13397659454  8.750136
3931.17335157574  15.12185
3931.21272655694  11.57729
3931.25210153814  4.546658
3931.29147651933  -32.13501
3931.33085150053  -9.493869
3931.37022648173  13.39409
3931.40960146292  34.57681
3931.44897644412  50.99321
3931.48835142532  -2.690725
3931.52772640652  -20.27432
3931.56710138771  -27.73087
3931.60647636891  3.971716
3931.64585135011  24.9296
3931.68522633131  37.21036
3931.7246013125  -29.08277
3931.7639762937  -3.976111
3931.8033512749  -7.57868
3931.8427262561  15.06936
3931.88210123729  1.271736
3931.92147621849  26.01262
3931.96085119969  -8.821456
3932.00022618088  11.17684
3932.03960116208  13.2765
3932.07897614328  13.66165
3932.11835112448  33.14445
3932.15772610568  -32.21529
3932.19710108687  14.38029
3932.23647606807  -1.315515
3932.27585104927  15.48015
3932.31522603046  1.17685
3932.35460101166  42.97712
3932.39397599286  -20.19941
3932.43335097406  13.06484
3932.47272595526  23.65256
3932.51210093645  -3.991316
3932.55147591765  -27.32015
3932.59085089885  40.03585
3932.63022588004  1.891637
3932.66960086124  -5.180945
3932.70897584244  8.50177
3932.74835082364  58.4357
3932.78772580483  -16.04497
3932.82710078603  22.34009
3932.86647576723  8.173944
3932.90585074843  3.602134
3932.94522572962  -6.15201
3932.98460071082  16.35333
3933.02397569202  10.04669
3933.06335067322  44.07129
3933.10272565441  -9.45311
3933.14210063561  -18.08696
3933.18147561681  47.55925
3933.220850598  -7.450124
3933.2602255792  13.98282
3933.2996005604  27.1143
3933.3389755416  5.870425
3933.37835052279  -6.553798
3933.41772550399  -13.28541
3933.45710048519  8.129251
3933.49647546639  35.70351
3933.53585044758  37.57634
3933.57522542878  15.88838
3933.61460040998  14.7092
3933.65397539118  -16.52442
3933.69335037237  15.23752
3933.73272535357  5.747075
3933.77210033477  -9.253744
3933.81147531597  -0.3762579
3933.85085029716  -1.49069
3933.89022527836  34.59334
3933.92960025956  2.997042
3933.96897524075  0.3920226
3934.00835022195  24.26014
3934.04772520315  10.78898
3934.08710018435  -14.58509
3934.12647516555  29.9318
3934.16585014674  -15.8583
3934.20522512794  31.98846
3934.24460010914  -16.72857
3934.28397509033  18.64615
3934.32335007153  -20.67625
3934.36272505273  -19.24348
3934.40210003393  -8.80381
3934.44147501512  -4.156823
3934.48084999632  -4.775697
3934.52022497752  -7.712573
3934.55959995872  14.21425
3934.59897493991  -13.57238
3934.63834992111  3.015831
3934.67772490231  1.883489
3934.71709988351  11.76039
3934.7564748647  30.08015
3934.7958498459  -5.562253
3934.8352248271  68.69934
3934.8745998083  8.355901
3934.91397478949  32.71096
3934.95334977069  -7.1941
3934.99272475189  -3.522783
3935.03209973309  19.1208
3935.07147471428  -1.260779
3935.11084969548  9.408707
3935.15022467668  -7.396332
3935.18959965787  -20.83085
3935.22897463907  -7.865222
3935.26834962027  -12.72381
3935.30772460147  0.6167278
3935.34709958266  16.5459
3935.38647456386  11.94213
3935.42584954506  -15.13832
3935.46522452626  -37.78662
3935.50459950745  -19.42046
3935.54397448865  -8.172308
3935.58334946985  -6.425494
3935.62272445105  -7.280901
3935.66209943224  0.4845043
3935.70147441344  0.283021
3935.74084939464  -11.52534
3935.78022437584  20.6625
3935.81959935703  8.352746
3935.85897433823  -1.386312
3935.89834931943  5.731895
3935.93772430063  -35.15621
3935.97709928182  4.724911
3936.01647426302  -18.13403
3936.05584924422  -11.47306
3936.09522422541  5.842839
3936.13459920661  -26.16197
3936.17397418781  5.317649
3936.21334916901  43.71705
3936.2527241502  32.06191
3936.2920991314  -3.767579
3936.3314741126  6.418477
3936.3708490938  -14.84952
3936.41022407499  2.131925
3936.44959905619  39.7339
3936.48897403739  11.58519
3936.52834901859  21.17548
3936.56772399978  21.01031
3936.60709898098  -16.81674
3936.64647396218  -4.200289
3936.68584894338  -20.34791
3936.72522392457  -2.256092
3936.76459890577  51.06749
3936.80397388697  12.50444
3936.84334886817  32.15389
3936.88272384936  -17.86661
3936.92209883056  -9.248644
3936.96147381176  -5.492747
3937.00084879296  -14.74363
3937.04022377415  13.06049
3937.07959875535  18.48676
3937.11897373655  1.42832
3937.15834871774  5.295433
3937.19772369894  -42.65507
3937.23709868014  33.44525
3937.27647366134  22.27524
3937.31584864253  9.783899
3937.35522362373  -7.57443
3937.39459860493  0.5798586
3937.43397358613  -1.506453
3937.47334856732  5.7925
3937.51272354852  3.488405
3937.55209852972  26.81056
3937.59147351092  10.57956
3937.63084849211  0.4337739
3937.67022347331  3.663235
3937.70959845451  -34.19685
3937.74897343571  -36.83689
3937.7883484169  -2.85939
3937.8277233981  17.50546
3937.8670983793  10.67344
3937.90647336049  -12.0448
3937.94584834169  22.57616
3937.98522332289  14.67449
3938.02459830409  20.36767
3938.06397328529  -8.106996
3938.10334826648  -0.0167817
3938.14272324768  -11.28041
3938.18209822888  -2.182634
3938.22147321007  12.66437
3938.26084819127  -11.78148
3938.30022317247  24.46238
3938.33959815367  -22.57374
3938.37897313486  3.159879
3938.41834811606  12.42964
3938.45772309726  -17.81102
3938.49709807846  9.21632
3938.53647305965  -20.43191
3938.57584804085  -5.688083
3938.61522302205  16.85252
3938.65459800325  -8.055754
3938.69397298444  8.877785
3938.73334796564  4.46555
3938.77272294684  40.38867
3938.81209792803  -49.18776
3938.85147290923  55.35829
3938.89084789043  -50.70354
3938.93022287163  5.415586
3938.96959785283  -12.77188
3939.00897283402  24.03974
3939.04834781522  -32.60161
3939.08772279642  10.7256
3939.12709777761  3.181629
3939.16647275881  7.291866
3939.20584774001  -2.306073
3939.24522272121  -4.012215
3939.2845977024  26.08006
3939.3239726836  -2.265443
3939.3633476648  6.012409
3939.402722646  2.015184
3939.44209762719  18.84455
3939.48147260839  -20.2312
3939.52084758959  -2.847408
3939.56022257079  -22.97664
3939.59959755198  16.79638
3939.63897253318  -1.482463
3939.67834751438  -28.15434
3939.71772249558  4.691782
3939.75709747677  -13.69538
3939.79647245797  17.71371
3939.83584743917  -15.30878
3939.87522242036  -8.694052
3939.91459740156  30.72461
3939.95397238276  -6.806188
3939.99334736396  20.47789
3940.03272234515  2.365195
3940.07209732635  2.321261
3940.11147230755  29.27113
3940.15084728875  -40.49043
3940.19022226994  14.30612
3940.22959725114  14.78175
3940.26897223234  1.58914
3940.30834721354  5.227512
3940.34772219473  2.763844
3940.38709717593  29.65907
3940.42647215713  4.135431
3940.46584713833  31.41251
3940.50522211952  -6.600432
3940.54459710072  21.725
3940.58397208192  -0.03421878
3940.62334706312  -36.26471
3940.66272204431  -36.48405
3940.70209702551  14.13455
3940.74147200671  20.17418
3940.7808469879  -17.70473
3940.8202219691  30.86497
3940.8595969503  -1.227007
3940.8989719315  -60.27585
3940.9383469127  -12.42302
3940.97772189389  -8.027983
3941.01709687509  7.143254
3941.05647185629  -3.059598
3941.09584683748  4.918359
3941.13522181868  -14.30837
3941.17459679988  4.794604
3941.21397178108  8.711021
3941.25334676227  -4.697453
3941.29272174347  23.36869
3941.33209672467  -2.437969
3941.37147170587  30.28723
3941.41084668706  11.65491
3941.45022166826  41.87772
3941.48959664946  24.26672
3941.52897163066  13.60888
3941.56834661185  28.88946
3941.60772159305  9.009934
3941.64709657425  46.80168
3941.68647155544  7.705929
3941.72584653664  35.55104
3941.76522151784  16.78445
3941.80459649904  2.201964
3941.84397148023  9.201814
3941.88334646143  15.23601
3941.92272144263  -20.72805
3941.96209642383  10.61808
3942.00147140502  59.62051
3942.04084638622  -11.17491
3942.08022136742  -16.73559
3942.11959634862  31.89755
3942.15897132981  -3.761317
3942.19834631101  -24.71943
3942.23772129221  18.72447
3942.27709627341  18.03703
3942.3164712546  -6.360867
3942.3558462358  -7.468767
3942.395221217  -34.99968
3942.4345961982  -6.696815
3942.47397117939  26.72717
3942.51334616059  16.80864
3942.55272114179  14.43291
3942.59209612299  -27.00947
3942.63147110418  -27.91946
3942.67084608538  30.83583
3942.71022106658  -9.792994
3942.74959604778  17.65561
3942.78897102897  15.09444
3942.82834601017  15.00593
3942.86772099137  -52.1579
3942.90709597256  30.99034
3942.94647095376  49.9959
3942.98584593496  5.583372
3943.02522091616  55.97371
3943.06459589735  18.81268
3943.10397087855  2.322007
3943.14334585975  -0.4726755
3943.18272084095  -29.46275
3943.22209582214  2.6124
3943.26147080334  3.418908
3943.30084578454  -12.3145
3943.34022076574  22.10275
3943.37959574693  -15.21173
3943.41897072813  10.61058
3943.45834570933  -5.04622
3943.49772069053  27.5027
3943.53709567172  38.88245
3943.57647065292  29.19369
3943.61584563412  15.37997
3943.65522061532  -17.52627
3943.69459559651  -6.138445
3943.73397057771  -14.33746
3943.77334555891  24.11516
3943.8127205401  -45.89564
3943.8520955213  40.01497
3943.8914705025  0.4212683
3943.9308454837  9.556505
3943.97022046489  -0.295437
3944.00959544609  93.49082
3944.04897042729  6.550725
3944.08834540849  27.44123
3944.12772038968  -1.613183
3944.16709537088  -12.97322
3944.20647035208  27.96011
3944.24584533328  0.8347069
3944.28522031447  -5.415242
3944.32459529567  37.49566
3944.36397027687  18.18513
3944.40334525807  11.99382
3944.44272023926  -10.11433
3944.48209522046  8.900437
3944.52147020166  34.32682
3944.56084518286  6.820963
3944.60022016405  15.84532
3944.63959514525  12.80745
3944.67897012645  44.81431
3944.71834510764  -30.84983
3944.75772008884  27.71406
3944.79709507004  -12.63385
3944.83647005124  23.52666
3944.87584503244  42.15086
3944.91522001363  -15.5771
3944.95459499483  18.49314
3944.99396997603  22.38236
3945.03334495722  6.618988
3945.07271993842  18.19961
3945.11209491962  15.95895
3945.15146990082  4.059783
3945.19084488201  27.1049
3945.23021986321  -7.318551
3945.26959484441  47.97364
3945.30896982561  22.76044
3945.3483448068  23.96368
3945.387719788  -4.39597
3945.4270947692  23.5211
3945.4664697504  20.9283
3945.50584473159  31.72656
3945.54521971279  9.489646
3945.58459469399  -3.794454
3945.62396967518  32.56436
3945.66334465638  0.8468511
3945.70271963758  25.94944
3945.74209461878  7.196748
3945.78146959997  -24.07759
3945.82084458117  6.892389
3945.86021956237  5.92354
3945.89959454357  13.78384
3945.93896952476  10.06129
3945.97834450596  -22.61536
3946.01771948716  1.845983
3946.05709446836  2.821441
3946.09646944955  -14.52015
3946.13584443075  -10.60826
3946.17521941195  22.21117
3946.21459439315  18.35289
3946.25396937434  -16.27712
3946.29334435554  1.475933
3946.33271933674  -10.00616
3946.37209431794  -3.64814
3946.41146929913  12.91788
3946.45084428033  26.62771
3946.49021926153  -10.41076
3946.52959424273  17.32788
3946.56896922392  -26.90921
3946.60834420512  -6.153314
3946.64771918632  4.522084
3946.68709416751  55.63234
3946.72646914871  15.38194
3946.76584412991  9.189461
3946.80521911111  -0.9355634
3946.8445940923  -18.05441
3946.8839690735  16.92953
3946.9233440547  31.07563
3946.9627190359  -22.26191
3947.00209401709  22.34314
3947.04146899829  7.403539
3947.08084397949  6.447516
3947.12021896069  -19.1794
3947.15959394188  33.39859
3947.19896892308  34.84735
3947.23834390428  -3.064736
3947.27771888548  -1.089624
3947.31709386667  0.745024
3947.35646884787  -28.42754
3947.39584382907  38.39988
3947.43521881027  10.40209
3947.47459379146  -17.8287
3947.51396877266  65.57572
3947.55334375386  37.84594
3947.59271873505  6.282178
3947.63209371625  30.96919
3947.67146869745  23.35663
3947.71084367865  -28.30743
3947.75021865984  47.48555
3947.78959364104  -2.248383
3947.82896862224  3.453634
3947.86834360344  -7.567538
3947.90771858463  15.64842
3947.94709356583  -27.08972
3947.98646854703  26.21155
3948.02584352823  -0.1677054
3948.06521850942  15.78039
3948.10459349062  -3.773895
3948.14396847182  -13.21946
3948.18334345302  -29.85168
3948.22271843421  14.77049
3948.26209341541  -23.72324
3948.30146839661  3.640475
3948.34084337781  -1.260772
3948.380218359  27.84818
3948.4195933402  34.83512
3948.4589683214  -3.432963
3948.49834330259  7.576004
3948.53771828379  -7.250309
3948.57709326499  27.6883
3948.61646824619  14.80622
3948.65584322738  27.00375
3948.69521820858  10.85699
3948.73459318978  28.59631
3948.77396817098  26.44947
3948.81334315217  78.72491
3948.85271813337  22.90688
3948.89209311457  27.93958
3948.93146809577  40.29673
3948.97084307696  9.211315
3949.01021805816  -10.38843
3949.04959303936  -10.52788
3949.08896802056  45.75422
3949.12834300175  -12.64185
3949.16771798295  12.51642
3949.20709296415  -14.80112
3949.24646794535  14.32229
3949.28584292654  -18.46102
3949.32521790774  15.75902
3949.36459288894  22.79426
3949.40396787014  24.90813
3949.44334285133  16.32843
3949.48271783253  -4.48328
3949.52209281373  33.04955
3949.56146779493  1.35108
3949.60084277612  28.69598
3949.64021775732  17.54797
3949.67959273852  10.82912
3949.71896771971  10.56581
3949.75834270091  12.40843
3949.79771768211  10.63162
3949.83709266331  -24.22826
3949.8764676445  13.54219
3949.9158426257  25.3527
3949.9552176069  3.068582
3949.9945925881  -34.64928
3950.03396756929  0.9168591
3950.07334255049  -6.062629
3950.11271753169  -35.37328
3950.15209251289  -15.88245
3950.19146749408  18.15539
3950.23084247528  37.63526
3950.27021745648  32.14196
3950.30959243768  -5.334068
3950.34896741887  -9.014688
3950.38834240007  3.258623
3950.42771738127  18.93946
3950.46709236247  26.68177
3950.50646734366  55.42115
3950.54584232486  23.42381
3950.58521730606  17.46713
3950.62459228725  15.01445
3950.66396726845  17.34259
3950.70334224965  25.57126
3950.74271723085  -18.02653
3950.78209221204  -19.8877
3950.82146719324  -4.075494
3950.86084217444  -11.21523
3950.90021715564  11.07418
3950.93959213683  0.8736652
3950.97896711803  37.90829
3951.01834209923  35.03748
3951.05771708043  -1.921694
3951.09709206162  5.236944
3951.13646704282  24.6474
3951.17584202402  14.81668
3951.21521700522  13.44117
3951.25459198641  37.10629
3951.29396696761  13.25704
3951.33334194881  31.97358
3951.37271693001  15.44881
3951.4120919112  -19.04394
3951.4514668924  43.43465
3951.4908418736  -13.98163
3951.53021685479  64.58249
3951.56959183599  39.52709
3951.60896681719  88.13164
3951.64834179839  49.60769
3951.68771677958  30.48169
3951.72709176078  75.81728
3951.76646674198  17.42308
3951.80584172318  22.54678
3951.84521670437  -7.345986
3951.88459168557  -19.31533
3951.92396666677  8.216269
3951.96334164797  10.75771
3952.00271662916  -4.947326
3952.04209161036  31.95003
3952.08146659156  -33.65133
3952.12084157276  5.878525
3952.16021655395  27.09998
3952.19959153515  77.22935
3952.23896651635  3.37653
3952.27834149754  8.766474
3952.31771647874  15.29357
3952.35709145994  34.55886
3952.39646644114  45.41506
3952.43584142233  8.883812
3952.47521640353  38.2757
3952.51459138473  -0.563195
3952.55396636593  19.88847
3952.59334134712  4.064031
3952.63271632832  7.997843
3952.67209130952  61.48201
3952.71146629072  44.94221
3952.75084127191  40.58295
3952.79021625311  70.35711
3952.82959123431  -7.080204
3952.86896621551  10.16883
3952.9083411967  30.59074
3952.9477161779  2.686933
3952.9870911591  9.887253
3953.0264661403  3.882288
3953.06584112149  37.7576
3953.10521610269  40.64642
3953.14459108389  -8.360929
3953.18396606509  38.92012
3953.22334104628  21.42249
3953.26271602748  42.44598
3953.30209100868  52.82236
3953.34146598988  22.18933
3953.38084097107  -10.65685
3953.42021595227  18.11745
3953.45959093347  24.79232
3953.49896591466  25.41481
3953.53834089586  6.868816
3953.57771587706  13.01227
3953.61709085826  28.82858
3953.65646583945  31.82895
3953.69584082065  21.15446
3953.73521580185  19.18305
3953.77459078305  13.81139
3953.81396576424  35.01685
3953.85334074544  36.81829
3953.89271572664  -4.182549
3953.93209070784  26.38021
3953.97146568903  50.01808
3954.01084067023  28.75509
3954.05021565143  4.682968
3954.08959063263  15.6153
3954.12896561382  51.26856
3954.16834059502  -12.40876
3954.20771557622  58.34187
3954.24709055741  -36.10946
3954.28646553861  6.327311
3954.32584051981  -17.48252
3954.36521550101  83.94247
3954.4045904822  52.53796
3954.4439654634  21.40957
3954.4833404446  65.26228
3954.5227154258  9.490204
3954.56209040699  15.66025
3954.60146538819  -15.6621
3954.64084036939  12.04663
3954.68021535059  -27.45731
3954.71959033178  19.0486
3954.75896531298  55.76661
3954.79834029418  6.427044
3954.83771527538  25.60443
3954.87709025657  36.73381
3954.91646523777  53.34119
3954.95584021897  7.814099
3954.99521520017  21.76055
3955.03459018136  -1.085506
3955.07396516256  16.86823
3955.11334014376  64.96725
3955.15271512496  8.757461
3955.19209010615  40.29581
3955.23146508735  -22.11399
3955.27084006855  40.1939
3955.31021504974  -2.087636
3955.34959003094  38.2053
3955.38896501214  24.51731
3955.42833999334  -1.684076
3955.46771497453  15.92564
3955.50708995573  58.80708
3955.54646493693  31.19045
3955.58583991813  -9.768934
3955.62521489932  21.16707
3955.66458988052  28.34142
3955.70396486172  27.83139
3955.74333984292  9.676131
3955.78271482411  -22.1654
3955.82208980531  25.6243
3955.86146478651  -0.6214088
3955.90083976771  26.2254
3955.9402147489  57.60514
3955.9795897301  45.09336
3956.0189647113  29.01019
3956.0583396925  38.83383
3956.09771467369  33.45121
3956.13708965489  34.04203
3956.17646463609  36.4646
3956.21583961728  18.26201
3956.25521459848  44.32679
3956.29458957968  20.93871
3956.33396456088  -12.34828
3956.37333954207  19.12852
3956.41271452327  -11.82952
3956.45208950447  34.41045
3956.49146448567  3.663977
3956.53083946686  33.55836
3956.57021444806  78.21427
3956.60958942926  6.466218
3956.64896441046  21.98462
3956.68833939165  48.68075
3956.72771437285  17.18845
3956.76708935405  23.90379
3956.80646433525  30.4848
3956.84583931644  9.255997
3956.88521429764  -22.08902
3956.92458927884  -4.489277
3956.96396426004  45.03761
3957.00333924123  2.789278
3957.04271422243  27.69225
3957.08208920363  35.52508
3957.12146418483  24.12649
3957.16083916602  -1.155303
3957.20021414722  3.369078
3957.23958912842  10.19712
3957.27896410962  -0.3215943
3957.31833909081  -5.10098
3957.35771407201  10.81509
3957.39708905321  -2.739347
3957.4364640344  13.81779
3957.4758390156  35.91185
3957.5152139968  32.86656
3957.554588978  17.87963
3957.59396395919  38.14238
3957.63333894039  15.96695
3957.67271392159  35.03379
3957.71208890279  60.33183
3957.75146388398  19.22303
3957.79083886518  54.24734
3957.83021384638  -6.632846
3957.86958882758  75.78294
3957.90896380877  1.088905
3957.94833878997  29.10326
3957.98771377117  19.42034
3958.02708875237  28.89159
3958.06646373356  51.24555
3958.10583871476  13.86753
3958.14521369596  21.3823
3958.18458867715  10.72257
3958.22396365835  8.272176
3958.26333863955  8.65693
3958.30271362075  26.2297
3958.34208860194  34.2415
3958.38146358314  8.194232
3958.42083856434  17.77909
3958.46021354554  -37.68525
3958.49958852673  56.34518
3958.53896350793  23.10011
3958.57833848913  56.34563
3958.61771347033  4.156579
3958.65708845152  14.65142
3958.69646343272  32.98643
3958.73583841392  31.07226
3958.77521339512  16.83997
3958.81458837631  -1.04524
3958.85396335751  63.7231
3958.89333833871  45.12172
3958.93271331991  15.14788
3958.9720883011  47.82445
3959.0114632823  57.80104
3959.0508382635  45.00711
3959.09021324469  28.51921
3959.12958822589  20.38088
3959.16896320709  18.7147
3959.20833818829  26.36837
3959.24771316948  54.39476
3959.28708815068  -0.4619204
3959.32646313188  43.16306
3959.36583811308  46.50586
3959.40521309427  25.27005
3959.44458807547  14.59442
3959.48396305667  9.001077
3959.52333803787  10.56624
3959.56271301906  7.969212
3959.60208800026  25.49084
3959.64146298146  3.851908
3959.68083796266  -14.70791
3959.72021294385  26.63261
3959.75958792505  26.46383
3959.79896290625  51.85157
3959.83833788745  62.80483
3959.87771286864  -29.82319
3959.91708784984  36.88779
3959.95646283104  28.88467
3959.99583781224  46.50976
3960.03521279343  29.16429
3960.07458777463  10.3112
3960.11396275583  45.55535
3960.15333773702  17.40877
3960.19271271822  17.97509
3960.23208769942  37.29617
3960.27146268062  -15.22906
3960.31083766181  34.39655
3960.35021264301  36.25378
3960.38958762421  33.98972
3960.42896260541  27.43229
3960.4683375866  28.14644
3960.5077125678  -14.55154
3960.547087549  -10.88494
3960.5864625302  12.30163
3960.62583751139  5.12958
3960.66521249259  15.48711
3960.70458747379  42.42971
3960.74396245499  8.664618
3960.78333743618  -8.027171
3960.82271241738  3.245785
3960.86208739858  -10.43478
3960.90146237978  32.234
3960.94083736097  29.5527
3960.98021234217  18.0912
3961.01958732337  -11.40974
3961.05896230456  17.49917
3961.09833728576  26.02214
3961.13771226696  29.02223
3961.17708724816  31.02063
3961.21646222935  3.414404
3961.25583721055  29.1138
3961.29521219175  -26.04446
3961.33458717295  39.7091
3961.37396215414  -19.27468
3961.41333713534  39.92207
3961.45271211654  16.14766
3961.49208709774  14.01659
3961.53146207893  35.94786
3961.57083706013  19.46848
3961.61021204133  54.25782
3961.64958702253  9.142627
3961.68896200372  34.14277
3961.72833698492  11.5372
3961.76771196612  6.807155
3961.80708694732  52.00467
3961.84646192851  -24.12762
3961.88583690971  29.84125
3961.92521189091  -22.87303
3961.96458687211  48.96151
3962.0039618533  -13.96271
3962.0433368345  28.96285
3962.0827118157  -5.789979
3962.12208679689  44.17812
3962.16146177809  32.99834
3962.20083675929  -42.55942
3962.24021174049  20.45218
3962.27958672168  13.9875
3962.31896170288  28.56146
3962.35833668408  63.30061
3962.39771166528  5.505225
3962.43708664647  24.84888
3962.47646162767  0.6330259
3962.51583660887  -2.532075
3962.55521159007  21.72857
3962.59458657126  37.56686
3962.63396155246  19.95054
3962.67333653366  36.72728
3962.71271151486  -16.60676
3962.75208649605  37.1307
3962.79146147725  49.71694
3962.83083645845  18.58655
3962.87021143965  14.62288
3962.90958642084  21.68843
3962.94896140204  19.66519
3962.98833638324  7.242331
3963.02771136443  19.57275
3963.06708634563  64.06283
3963.10646132683  13.43046
3963.14583630803  10.19235
3963.18521128922  18.51813
3963.22458627042  18.1475
3963.26396125162  38.64394
3963.30333623282  22.42274
3963.34271121401  52.87432
3963.38208619521  35.10708
3963.42146117641  9.077471
3963.46083615761  57.30681
3963.5002111388  28.08855
3963.53958612  49.64964
3963.5789611012  22.60161
3963.6183360824  45.78426
3963.65771106359  8.287784
3963.69708604479  43.73429
3963.73646102599  9.668578
3963.77583600719  -2.155227
3963.81521098838  15.70623
3963.85458596958  19.33841
3963.89396095078  89.3336
3963.93333593197  32.57119
3963.97271091317  51.10562
3964.01208589437  -9.540142
3964.05146087557  40.82558
3964.09083585676  -20.72069
3964.13021083796  82.7439
3964.16958581916  -1.592859
3964.20896080036  43.92828
3964.24833578155  -5.250616
3964.28771076275  70.09416
3964.32708574395  0.6344396
3964.36646072515  26.5762
3964.40583570634  -11.49556
3964.44521068754  81.51936
3964.48458566874  5.463727
3964.52396064994  7.819956
3964.56333563113  -25.41646
3964.60271061233  -21.19455
3964.64208559353  3.045123
3964.68146057473  18.55318
3964.72083555592  74.77923
3964.76021053712  28.46346
3964.79958551832  7.495048
3964.83896049952  47.99014
3964.87833548071  21.08632
3964.91771046191  54.57323
3964.95708544311  42.47363
3964.9964604243  69.16216
3965.0358354055  6.134078
3965.0752103867  78.35113
3965.1145853679  17.90159
3965.15396034909  27.12275
3965.19333533029  16.64682
3965.23271031149  22.91816
3965.27208529269  -7.57596
3965.31146027388  56.76065
3965.35083525508  -14.81368
3965.39021023628  24.37021
3965.42958521748  -17.05689
3965.46896019867  71.43032
3965.50833517987  -19.48775
3965.54771016107  55.08239
3965.58708514227  25.86298
3965.62646012346  18.42485
3965.66583510466  20.49479
3965.70521008586  6.925797
3965.74458506706  23.92575
3965.78396004825  16.16209
3965.82333502945  47.81556
3965.86271001065  -3.778414
3965.90208499184  33.2917
3965.94145997304  -4.93086
3965.98083495424  40.86277
3966.02020993544  -6.43966
3966.05958491663  75.39618
3966.09895989783  18.34149
3966.13833487903  38.25718
3966.17770986023  43.23462
3966.21708484142  28.07488
3966.25645982262  13.31901
3966.29583480382  47.96816
3966.33520978502  32.62117
3966.37458476621  -1.004354
3966.41395974741  -15.1044
3966.45333472861  38.9511
3966.49270970981  -23.383
3966.532084691  23.70767
3966.5714596722  9.539724
3966.6108346534  41.4313
3966.65020963459  2.933372
3966.68958461579  -10.49312
3966.72895959699  6.179398
3966.76833457819  41.40422
3966.80770955939  0.1039617
3966.84708454058  46.24207
3966.88645952178  6.492993
3966.92583450298  79.79625
3966.96520948417  52.50466
3967.00458446537  -6.84679
3967.04395944657  36.71882
3967.08333442777  1.932855
3967.12270940896  21.00856
3967.16208439016  18.70267
3967.20145937136  21.36973
3967.24083435256  25.40786
3967.28020933375  40.77098
3967.31958431495  10.98204
3967.35895929615  13.72845
3967.39833427735  36.89421
3967.43770925854  -26.80043
3967.47708423974  6.870807
3967.51645922094  17.72265
3967.55583420214  5.325088
3967.59520918333  -0.04571925
3967.63458416453  20.54538
3967.67395914573  -5.122584
3967.71333412693  24.74473
3967.75270910812  21.03871
3967.79208408932  5.677145
3967.83145907052  44.17929
3967.87083405171  -14.99214
3967.91020903291  -15.11612
3967.94958401411  14.17091
3967.98895899531  0.1893277
3968.0283339765  -19.00487
3968.0677089577  61.71159
3968.1070839389  15.95806
3968.1464589201  7.025136
3968.18583390129  -11.09112
3968.22520888249  -0.914766
3968.26458386369  28.87205
3968.30395884489  -13.52158
3968.34333382608  16.00906
3968.38270880728  32.45287
3968.42208378848  63.21106
3968.46145876968  -27.04124
3968.50083375087  22.93939
3968.54020873207  -31.89259
3968.57958371327  50.51372
3968.61895869446  -2.497952
3968.65833367566  15.14855
3968.69770865686  -16.87749
3968.73708363806  2.68932
3968.77645861926  12.618
3968.81583360045  20.87952
3968.85520858165  29.87561
3968.89458356285  35.32503
3968.93395854404  53.33457
3968.97333352524  28.57764
3969.01270850644  29.29321
3969.05208348764  24.95713
3969.09145846883  -15.96102
3969.13083345003  -3.205245
3969.17020843123  -11.31237
3969.20958341243  17.66766
3969.24895839362  -4.037348
3969.28833337482  -5.732643
3969.32770835602  7.327796
3969.36708333722  -33.98215
3969.40645831841  52.55194
3969.44583329961  3.426414
3969.48520828081  18.51975
3969.52458326201  14.56269
3969.5639582432  8.167007
3969.6033332244  29.52387
3969.6427082056  -1.473828
3969.6820831868  -4.628114
3969.72145816799  27.23663
3969.76083314919  -0.9174473
3969.80020813039  21.76969
3969.83958311158  -23.03841
3969.87895809278  -4.160997
3969.91833307398  22.62606
3969.95770805518  5.420982
3969.99708303637  17.92348
3970.03645801757  10.29161
3970.07583299877  -19.62229
3970.11520797997  18.98278
3970.15458296116  1.804078
3970.19395794236  -14.49035
3970.23333292356  -7.737805
3970.27270790476  9.225368
3970.31208288595  -4.986389
3970.35145786715  6.094003
3970.39083284835  -0.1081631
3970.43020782955  -17.26355
3970.46958281074  22.98112
3970.50895779194  41.46696
3970.54833277314  23.99592
3970.58770775434  5.647873
3970.62708273553  -15.23276
3970.66645771673  -42.09271
3970.70583269793  1.778408
3970.74520767912  4.029489
3970.78458266032  26.49625
3970.82395764152  26.37074
3970.86333262272  -4.115372
3970.90270760391  -21.06489
3970.94208258511  13.37727
3970.98145756631  -22.81659
3971.02083254751  26.51966
3971.0602075287  7.339259
3971.0995825099  36.13657
3971.1389574911  -10.27311
3971.1783324723  8.110165
3971.21770745349  40.33696
3971.25708243469  -24.21949
3971.29645741589  -61.83093
3971.33583239709  -13.33889
3971.37520737828  -34.39984
3971.41458235948  25.99683
3971.45395734068  10.36835
3971.49333232187  49.2732
3971.53270730307  -7.184744
3971.57208228427  9.74381
3971.61145726547  -8.190275
3971.65083224667  -2.046747
3971.69020722786  74.65308
3971.72958220906  -25.58086
3971.76895719026  6.337362
3971.80833217145  0.7346651
3971.84770715265  44.06022
3971.88708213385  18.42652
3971.92645711505  22.37388
3971.96583209624  -5.833511
3972.00520707744  22.16633
3972.04458205864  -26.62394
3972.08395703984  26.20183
3972.12333202103  18.4684
3972.16270700223  -15.46337
3972.20208198343  44.73276
3972.24145696463  -24.61458
3972.28083194582  21.10148
3972.32020692702  -11.85681
3972.35958190822  -1.265668
3972.39895688942  -0.9611495
3972.43833187061  -1.820218
3972.47770685181  4.866511
3972.51708183301  -7.563332
3972.5564568142  -11.43338
3972.5958317954  -4.517829
3972.6352067766  17.33825
3972.6745817578  31.09569
3972.71395673899  0.09436838
3972.75333172019  -17.42769
3972.79270670139  5.281842
3972.83208168259  -13.73066
3972.87145666378  -17.52075
3972.91083164498  11.05958
3972.95020662618  -0.8693922
3972.98958160738  24.90245
3973.02895658857  -39.78273
3973.06833156977  13.26967
3973.10770655097  -30.59172
3973.14708153217  8.900624
3973.18645651336  -6.184414
3973.22583149456  50.06694
3973.26520647576  -1.56428
3973.30458145696  0.1704064
3973.34395643815  21.70535
3973.38333141935  -46.45226
3973.42270640055  8.201563
3973.46208138174  -3.592622
3973.50145636294  34.06969
3973.54083134414  3.368025
3973.58020632534  0.5889266
3973.61958130654  -0.4804947
3973.65895628773  4.252814
3973.69833126893  -7.318844
3973.73770625013  18.19153
3973.77708123132  -41.93049
3973.81645621252  -6.670684
3973.85583119372  22.93894
3973.89520617492  15.82845
3973.93458115611  -0.972304
3973.97395613731  23.03849
3974.01333111851  2.560196
3974.05270609971  -16.58746
3974.0920810809  3.962925
3974.1314560621  -39.80903
3974.1708310433  20.4975
3974.2102060245  -25.04766
3974.24958100569  5.792872
3974.28895598689  20.09418
3974.32833096809  50.02567
3974.36770594929  -31.06306
3974.40708093048  -0.4194627
3974.44645591168  13.28578
3974.48583089288  -3.426684
3974.52520587407  30.59529
3974.56458085527  -35.42153
3974.60395583647  21.60248
3974.64333081767  0.0512053
3974.68270579886  12.62096
3974.72208078006  -14.71819
3974.76145576126  61.44439
3974.80083074246  15.53368
3974.84020572365  38.70524
3974.87958070485  -11.18082
3974.91895568605  -4.909007
3974.95833066725  12.91341
3974.99770564844  -19.81928
3975.03708062964  -39.13248
3975.07645561084  -5.047966
3975.11583059204  19.7793
3975.15520557323  -1.504488
3975.19458055443  12.62069
3975.23395553563  -4.086211
3975.27333051683  3.874755
3975.31270549802  -13.50837
3975.35208047922  -27.76312
3975.39145546042  13.98274
3975.43083044161  -15.13848
3975.47020542281  18.8906
3975.50958040401  -14.54831
3975.54895538521  4.530787
3975.58833036641  21.59571
3975.6277053476  21.01572
3975.6670803288  -0.971114
3975.70645531  10.00611
3975.74583029119  18.90142
3975.78520527239  7.86216
3975.82458025359  7.535069
3975.86395523479  -10.24205
3975.90333021598  38.144
3975.94270519718  12.08379
3975.98208017838  -26.69208
3976.02145515958  59.16962
3976.06083014077  -27.74616
3976.10020512197  20.3237
3976.13958010317  -16.49497
3976.17895508437  -27.72232
3976.21833006556  -3.573937
3976.25770504676  31.69832
3976.29708002796  7.577754
3976.33645500915  -35.32853
3976.37582999035  23.42793
3976.41520497155  15.04983
3976.45457995275  -8.027853
3976.49395493394  29.11054
3976.53332991514  -13.03952
3976.57270489634  5.784128
3976.61207987754  11.40717
3976.65145485873  5.095252
3976.69082983993  7.658238
3976.73020482113  9.566978
3976.76957980233  17.35881
3976.80895478352  34.65899
3976.84832976472  -17.37559
3976.88770474592  -38.03894
3976.92707972712  9.598505
3976.96645470831  10.53867
3977.00582968951  -13.96174
3977.04520467071  5.72963
3977.08457965191  0.5259359
3977.1239546331  14.86914
3977.1633296143  17.36244
3977.2027045955  42.48457
3977.2420795767  -5.234641
3977.28145455789  -4.387436
3977.32082953909  25.44319
3977.36020452029  33.53588
3977.39957950149  -9.965
3977.43895448268  2.682156
3977.47832946388  20.70104
3977.51770444508  41.12651
3977.55707942627  -9.377398
3977.59645440747  -14.34702
3977.63582938867  10.99269
3977.67520436987  -7.567248
3977.71457935106  76.39513
3977.75395433226  28.85981
3977.79332931346  42.27256
3977.83270429466  28.205
3977.87207927585  16.46007
3977.91145425705  22.162
3977.95082923825  -7.810799
3977.99020421945  2.018888
3978.02957920064  -20.73942
3978.06895418184  28.16808
3978.10832916304  -59.42437
3978.14770414424  4.866608
3978.18707912543  1.671096
3978.22645410663  42.47689
3978.26582908783  -8.755469
3978.30520406902  27.38187
3978.34457905022  4.023612
3978.38395403142  34.92559
3978.42332901262  37.375
3978.46270399381  -7.182039
3978.50207897501  6.014462
3978.54145395621  20.67142
3978.58082893741  -21.5427
3978.6202039186  20.25965
3978.6595788998  11.16707
3978.698953881  -2.836239
3978.7383288622  15.65063
3978.77770384339  -24.79045
3978.81707882459  5.668962
3978.85645380579  -20.02596
3978.89582878699  13.10216
3978.93520376818  -9.360606
3978.97457874938  -3.733818
3979.01395373058  -27.81736
3979.05332871178  61.21813
3979.09270369297  -30.42131
3979.13207867417  16.81243
3979.17145365537  42.26075
3979.21082863657  36.03371
3979.25020361776  8.753563
3979.28957859896  -28.05278
3979.32895358016  61.47859
3979.36832856135  -15.46453
3979.40770354255  80.28928
3979.44707852375  36.87798
3979.48645350495  -2.981931
3979.52582848614  27.84543
3979.56520346734  19.56573
3979.60457844854  -23.96178
3979.64395342974  33.50979
3979.68332841093  11.9892
3979.72270339213  28.28356
3979.76207837333  37.02415
3979.80145335453  -13.05579
3979.84082833572  6.324713
3979.88020331692  -9.538697
3979.91957829812  -4.02409
3979.95895327932  -12.62567
3979.99832826051  43.57461
3980.03770324171  11.20808
3980.07707822291  -2.979625
3980.11645320411  1.113328
3980.1558281853  24.61377
3980.1952031665  -17.91853
3980.2345781477  -0.102531
3980.27395312889  25.51723
3980.31332811009  27.25805
3980.35270309129  -31.77839
3980.39207807249  11.68616
3980.43145305368  -4.332983
3980.47082803488  -18.57365
3980.51020301608  32.25164
3980.54957799728  12.39071
3980.58895297847  25.74494
3980.62832795967  11.40284
3980.66770294087  6.275639
3980.70707792207  24.29183
3980.74645290326  0.8954117
3980.78582788446  39.15406
3980.82520286566  26.98535
3980.86457784686  -12.29379
3980.90395282805  26.77801
3980.94332780925  38.7744
3980.98270279045  -17.43733
3981.02207777165  38.77545
3981.06145275284  14.34609
3981.10082773404  14.5961
3981.14020271524  33.27967
3981.17957769644  41.35538
3981.21895267763  4.597504
3981.25832765883  32.21882
3981.29770264003  14.65069
3981.33707762122  -21.86799
3981.37645260242  43.93485
3981.41582758362  -1.498874
3981.45520256482  37.32643
3981.49457754601  -3.240952
3981.53395252721  55.59092
3981.57332750841  23.27536
3981.61270248961  29.42934
3981.6520774708  -14.86018
3981.691452452  7.482566
3981.7308274332  42.10003
3981.7702024144  16.72899
3981.80957739559  25.49195
3981.84895237679  22.8156
3981.88832735799  -5.710769
3981.92770233919  15.63931
3981.96707732038  19.80623
3982.00645230158  14.99855
3982.04582728278  17.50209
3982.08520226398  56.6867
3982.12457724517  -11.46889
3982.16395222637  33.97439
3982.20332720757  -16.92652
3982.24270218876  -1.373467
3982.28207716996  32.17759
3982.32145215116  -29.37004
3982.36082713236  5.240913
3982.40020211355  48.27319
3982.43957709475  6.105426
3982.47895207595  -11.08299
3982.51832705715  29.10464
3982.55770203834  46.35897
3982.59707701954  9.821264
3982.63645200074  -1.919454
3982.67582698194  -0.5873439
3982.71520196313  35.54044
3982.75457694433  22.81911
3982.79395192553  23.60341
3982.83332690673  18.81772
3982.87270188792  4.015674
3982.91207686912  14.33096
3982.95145185032  -5.881889
3982.99082683152  8.47499
3983.03020181271  -7.77369
3983.06957679391  14.9952
3983.10895177511  -10.03535
3983.1483267563  -14.41196
3983.1877017375  47.22145
3983.2270767187  -9.520166
3983.2664516999  -7.25848
3983.30582668109  29.80197
3983.34520166229  19.93361
3983.38457664349  24.81665
3983.42395162469  6.704379
3983.46332660588  9.190474
3983.50270158708  2.355766
3983.54207656828  -1.882975
3983.58145154948  -3.213058
3983.62082653067  11.33048
3983.66020151187  27.58694
3983.69957649307  7.897496
3983.73895147427  45.98398
3983.77832645546  41.05208
3983.81770143666  38.25779
3983.85707641786  -37.5507
3983.89645139906  42.49175
3983.93582638025  -4.133258
3983.97520136145  33.0485
3984.01457634265  11.97732
3984.05395132385  17.93183
3984.09332630504  2.288216
3984.13270128624  14.6412
3984.17207626744  40.73423
3984.21145124864  13.05054
3984.25082622983  -13.19211
3984.29020121103  6.338134
3984.32957619223  -19.22268
3984.36895117342  32.15274
3984.40832615462  25.5839
3984.44770113582  19.42958
3984.48707611702  -15.92282
3984.52645109821  -7.195661
3984.56582607941  16.28597
3984.60520106061  3.555951
3984.64457604181  30.08897
3984.683951023  -48.18021
3984.7233260042  19.78626
3984.7627009854  24.04921
3984.8020759666  9.739544
3984.84145094779  26.83689
3984.88082592899  12.70331
3984.92020091019  16.35615
3984.95957589139  18.59845
3984.99895087258  -9.49203
3985.03832585378  15.82112
3985.07770083498  10.30215
3985.11707581617  72.79247
3985.15645079737  -7.665707
3985.19582577857  36.70882
3985.23520075977  24.03025
3985.27457574096  7.594047
3985.31395072216  17.78838
3985.35332570336  21.34912
3985.39270068456  4.27811
3985.43207566575  55.12345
3985.47145064695  89.72872
3985.51082562815  -3.666073
3985.55020060935  -34.10659
3985.58957559054  10.66308
3985.62895057174  -6.422613
3985.66832555294  49.53171
3985.70770053414  -25.0348
3985.74707551533  14.78288
3985.78645049653  18.20403
3985.82582547773  -1.726141
3985.86520045893  -1.505942
3985.90457544012  21.96527
3985.94395042132  12.25672
3985.98332540252  27.12058
3986.02270038372  -9.849624
3986.06207536491  6.062846
3986.10145034611  14.23581
3986.14082532731  68.76491
3986.1802003085  11.47626
3986.2195752897  14.03035
3986.2589502709  2.842681
3986.2983252521  15.51458
3986.33770023329  14.63984
3986.37707521449  27.40996
3986.41645019569  30.83241
3986.45582517689  -7.849786
3986.49520015808  9.591593
3986.53457513928  -6.277714
3986.57395012048  -5.239443
3986.61332510168  -42.19297
3986.65270008287  -1.803186
3986.69207506407  -2.220995
3986.73145004527  261.7054
3986.77082502647  125.6549
3986.81020000766  2.555506
3986.84957498886  -1.771724
3986.88894997006  17.96054
3986.92832495125  16.48766
3986.96769993245  66.94276
3987.00707491365  -9.24636
3987.04644989485  3.482392
3987.08582487604  20.00171
3987.12519985724  34.99679
3987.16457483844  5.121958
3987.20394981964  -7.591913
3987.24332480083  27.12938
3987.28269978203  -3.521895
3987.32207476323  19.55591
3987.36144974443  29.58202
3987.40082472562  5.326877
3987.44019970682  4.231771
3987.47957468802  5.392301
3987.51894966922  28.61102
3987.55832465041  2.764393
3987.59769963161  -24.23026
3987.63707461281  -38.42992
3987.67644959401  19.45587
3987.7158245752  21.03203
3987.7551995564  18.70607
3987.7945745376  -21.77541
3987.8339495188  14.77853
3987.87332449999  8.675764
3987.91269948119  8.106536
3987.95207446239  -12.56548
3987.99144944359  -5.914591
3988.03082442478  9.491499
3988.07019940598  23.19746
3988.10957438718  0.784205
3988.14894936837  21.62938
3988.18832434957  6.733995
3988.22769933077  -3.646772
3988.26707431197  0.4371818
3988.30644929316  17.21481
3988.34582427436  -49.01627
3988.38519925556  -17.32769
3988.42457423676  21.72064
3988.46394921795  35.32664
3988.50332419915  -34.62795
3988.54269918035  60.23214
3988.58207416155  -0.2443708
3988.62144914274  25.09152
3988.66082412394  10.98725
3988.70019910514  51.78626
3988.73957408634  12.82024
3988.77894906753  18.30407
3988.81832404873  14.34999
3988.85769902993  36.53103
3988.89707401113  7.680638
3988.93644899232  -25.66413
3988.97582397352  33.10316
3989.01519895472  -29.98282
3989.05457393591  -1.560598
3989.09394891711  17.85689
3989.13332389831  -8.554822
3989.17269887951  4.912298
3989.2120738607  1.864914
3989.2514488419  22.50707
3989.2908238231  42.92787
3989.3301988043  -18.43737
3989.36957378549  -9.735445
3989.40894876669  -8.603935
3989.44832374789  -5.289662
3989.48769872909  -21.5833
3989.52707371028  16.67993
3989.56644869148  -12.91319
3989.60582367268  -39.73193
3989.64519865388  20.93864
3989.68457363507  14.33058
3989.72394861627  5.297112
3989.76332359747  -4.119929
3989.80269857867  59.8509
3989.84207355986  11.15778
3989.88144854106  12.43425
3989.92082352226  21.57053
3989.96019850345  -10.82532
3989.99957348465  -3.968388
3990.03894846585  14.08933
3990.07832344705  3.236006
3990.11769842824  17.07065
3990.15707340944  -11.5438
3990.19644839064  7.664941
3990.23582337184  25.43629
3990.27519835303  -12.99631
3990.31457333423  9.226375
3990.35394831543  11.58142
3990.39332329663  20.71649
3990.43269827782  10.03374
3990.47207325902  -2.841692
3990.51144824022  -8.279902
3990.55082322142  12.06979
3990.59019820261  38.60333
3990.62957318381  -18.24851
3990.66894816501  18.03925
3990.70832314621  20.36568
3990.7476981274  -26.40708
3990.7870731086  16.66303
3990.8264480898  -7.155907
3990.86582307099  38.53395
3990.90519805219  8.489621
3990.94457303339  36.44762
3990.98394801459  -19.89952
3991.02332299578  4.329983
3991.06269797698  -12.55088
3991.10207295818  6.295514
3991.14144793938  -11.49821
3991.18082292057  -7.831514
3991.22019790177  26.67117
3991.25957288297  -6.881036
3991.29894786417  -7.928719
3991.33832284536  -12.99362
3991.37769782656  13.14966
3991.41707280776  -14.90931
3991.45644778896  -27.84316
3991.49582277015  -29.11956
3991.53519775135  12.4549
3991.57457273255  -3.875261
3991.61394771375  4.635107
3991.65332269494  -9.586232
3991.69269767614  21.92032
3991.73207265734  4.332841
3991.77144763854  15.18374
3991.81082261973  14.47235
3991.85019760093  6.624157
3991.88957258213  3.155259
3991.92894756332  7.182966
3991.96832254452  10.1248
3992.00769752572  0.5287543
3992.04707250692  16.9918
3992.08644748811  8.153957
3992.12582246931  51.68401
3992.16519745051  -31.39416
3992.20457243171  -0.603173
3992.2439474129  9.363667
3992.2833223941  -10.34129
3992.3226973753  30.07568
3992.3620723565  3.571632
3992.40144733769  5.719146
3992.44082231889  8.183752
3992.48019730009  27.68999
3992.51957228129  24.09329
3992.55894726248  0.2558211
3992.59832224368  23.05297
3992.63769722488  1.362637
3992.67707220608  -21.86301
3992.71644718727  23.08974
3992.75582216847  -55.34478
3992.79519714967  10.37344
3992.83457213086  -6.979022
3992.87394711206  20.06998
3992.91332209326  10.09839
3992.95269707446  30.40752
3992.99207205565  -4.728198
3993.03144703685  -4.633114
3993.07082201805  0.04191314
3993.11019699925  -15.92126
3993.14957198044  -23.93586
3993.18894696164  1.325431
3993.22832194284  -24.38711
3993.26769692404  -1.631359
3993.30707190523  -25.96311
3993.34644688643  19.90131
3993.38582186763  -31.37216
3993.42519684883  -21.77122
3993.46457183002  -3.290115
3993.50394681122  -7.757219
3993.54332179242  1.100806
3993.58269677362  13.6123
3993.62207175481  20.58219
3993.66144673601  21.6514
3993.70082171721  17.94563
3993.7401966984  11.36129
3993.7795716796  4.157919
3993.8189466608  -1.449955
3993.858321642  -3.702674
