3913.27213755568  0.
3913.31150788677  0.
3913.35087821786  0.
3913.39024854895  0.
3913.42961888004  0.
3913.46898921113  -4.682753
3913.50835954222  18.91235
3913.54772987331  7.239655
3913.5871002044  -8.864032
3913.62647053549  -15.49522
3913.66584086658  -11.91323
3913.70521119767  -6.765046
3913.74458152876  -13.37017
3913.78395185985  -24.52848
3913.82332219094  -18.33023
3913.86269252203  -14.29771
3913.90206285312  10.12633
3913.94143318421  7.419988
3913.9808035153  4.559131
3914.02017384639  14.29558
3914.05954417748  -24.15077
3914.09891450857  10.61521
3914.13828483966  17.09896
3914.17765517075  -25.78631
3914.21702550184  -57.88402
3914.25639583293  12.18125
3914.29576616402  -0.8005476
3914.33513649511  -27.32521
3914.3745068262  -1.698388
3914.41387715729  2.618605
3914.45324748838  3.757012
3914.49261781947  -20.60871
3914.53198815056  -62.15371
3914.57135848165  18.7013
3914.61072881274  -17.16515
3914.65009914383  -8.669504
3914.68946947492  60.96177
3914.72883980601  53.18126
3914.7682101371  -19.78757
3914.80758046819  5.135558
3914.84695079928  10.08477
3914.88632113037  30.86957
3914.92569146146  -50.61005
3914.96506179256  12.04274
3915.00443212364  26.08924
3915.04380245474  -5.848815
3915.08317278583  6.439297
3915.12254311692  -18.88162
3915.16191344801  26.35773
3915.2012837791  17.12217
3915.24065411019  -31.8884
3915.28002444128  -11.45977
3915.31939477237  -4.623064
3915.35876510346  30.67526
3915.39813543455  -6.342557
3915.43750576564  -11.2308
3915.47687609673  37.1453
3915.51624642782  -21.22069
3915.55561675891  -35.38383
3915.59498709  -19.13917
3915.63435742109  -12.16237
3915.67372775218  17.15326
3915.71309808327  3.964267
3915.75246841436  -9.240217
3915.79183874545  6.422931
3915.83120907654  -28.40821
3915.87057940763  -11.52915
3915.90994973872  -11.39125
3915.94932006981  -48.44139
3915.9886904009  -6.087394
3916.02806073199  27.63551
3916.06743106308  30.46693
3916.10680139417  32.30198
3916.14617172526  22.00757
3916.18554205635  22.49862
3916.22491238744  23.02991
3916.26428271853  7.025256
3916.30365304962  -2.322406
3916.34302338071  -9.825207
3916.3823937118  10.88233
3916.42176404289  -10.27441
3916.46113437398  19.27693
3916.50050470507  15.09133
3916.53987503616  14.65062
3916.57924536725  -36.79669
3916.61861569834  -5.760762
3916.65798602943  11.48312
3916.69735636052  -22.55937
3916.73672669161  -33.28268
3916.7760970227  -30.04509
3916.81546735379  -13.45695
3916.85483768488  62.80557
3916.89420801597  -24.42785
3916.93357834706  -2.083756
3916.97294867815  6.208976
3917.01231900924  31.32424
3917.05168934033  15.56567
3917.09105967142  9.321597
3917.13043000251  15.61349
3917.1698003336  -30.25074
3917.20917066469  30.27436
3917.24854099578  16.45752
3917.28791132687  13.48221
3917.32728165796  -3.691511
3917.36665198905  6.967396
3917.40602232014  -8.547627
3917.44539265123  -2.271515
3917.48476298233  -20.00907
3917.52413331341  27.90807
3917.5635036445  8.84037
3917.6028739756  32.4224
3917.64224430668  22.00518
3917.68161463778  -30.12804
3917.72098496887  19.29893
3917.76035529995  35.27775
3917.79972563105  -10.41588
3917.83909596214  -11.41668
3917.87846629323  -6.528697
3917.91783662432  -9.180757
3917.95720695541  9.010787
3917.9965772865  47.94793
3918.03594761759  -23.05105
3918.07531794868  57.22019
3918.11468827977  -2.170443
3918.15405861086  -8.420382
3918.19342894195  47.99186
3918.23279927304  -3.315078
3918.27216960413  52.46725
3918.31153993522  2.061628
3918.35091026631  56.64474
3918.3902805974  -3.645977
3918.42965092849  3.42165
3918.46902125958  27.89825
3918.50839159067  27.52347
3918.54776192176  -22.41143
3918.58713225285  0.01114788
3918.62650258394  22.61415
3918.66587291503  -6.54401
3918.70524324612  7.639807
3918.74461357721  -17.22303
3918.7839839083  -12.59339
3918.82335423939  22.92594
3918.86272457048  0.3358175
3918.90209490157  -41.66378
3918.94146523266  46.12349
3918.98083556375  31.48482
3919.02020589484  -10.43698
3919.05957622593  -17.05784
3919.09894655702  61.99592
3919.13831688811  -33.99057
3919.1776872192  -13.72665
3919.21705755029  29.91123
3919.25642788138  0.3334136
3919.29579821247  9.841592
3919.33516854356  11.10039
3919.37453887465  -8.780221
3919.41390920574  8.650639
3919.45327953683  -18.99969
3919.49264986792  45.70527
3919.53202019901  26.96535
3919.5713905301  -25.90838
3919.61076086119  -11.93017
3919.65013119228  64.08134
3919.68950152337  34.21369
3919.72887185446  20.8119
3919.76824218555  13.84665
3919.80761251664  3.371168
3919.84698284773  1.11425
3919.88635317882  9.122893
3919.92572350991  34.01115
3919.965093841  24.13301
3920.00446417209  -0.09191384
3920.04383450318  144.1409
3920.08320483427  122.0493
3920.12257516536  28.71434
3920.16194549645  -1.238339
3920.20131582754  22.34007
3920.24068615863  -13.18044
3920.28005648972  4.594634
3920.31942682081  32.25472
3920.3587971519  -9.84958
3920.39816748299  8.667815
3920.43753781409  -27.06453
3920.47690814518  37.79425
3920.51627847626  27.78444
3920.55564880736  -16.61676
3920.59501913845  6.296956
3920.63438946954  -20.09139
3920.67375980063  6.096941
3920.71313013172  32.62762
3920.75250046281  -11.7096
3920.7918707939  68.73676
3920.83124112499  -24.77058
3920.87061145608  20.42526
3920.90998178717  -4.193479
3920.94935211826  10.9204
3920.98872244935  10.65416
3921.02809278044  5.774681
3921.06746311153  25.70624
3921.10683344262  18.92391
3921.14620377371  -2.292854
3921.1855741048  10.24408
3921.22494443589  22.20697
3921.26431476698  25.93573
3921.30368509807  -14.18748
3921.34305542916  28.05044
3921.38242576025  18.08465
3921.42179609134  19.04605
3921.46116642243  -7.635762
3921.50053675352  -10.80471
3921.53990708461  25.39701
3921.5792774157  30.9609
3921.61864774679  -28.94466
3921.65801807788  36.29795
3921.69738840897  9.908549
3921.73675874006  16.99578
3921.77612907115  9.376516
3921.81549940224  -3.786935
3921.85486973333  27.08706
3921.89424006442  10.37335
3921.93361039551  31.12063
3921.9729807266  -11.45375
3922.01235105769  -8.242474
3922.05172138878  -8.083837
3922.09109171987  -5.280283
3922.13046205096  15.58866
3922.16983238205  -12.05498
3922.20920271314  -18.09938
3922.24857304423  4.323374
3922.28794337532  -1.902014
3922.32731370641  -20.90555
3922.3666840375  -11.48669
3922.40605436859  -16.84686
3922.44542469968  45.68552
3922.48479503077  15.29014
3922.52416536186  0.4478892
3922.56353569295  -1.514079
3922.60290602404  -1.784824
3922.64227635513  -35.28446
3922.68164668622  11.8196
3922.72101701731  -13.87711
3922.7603873484  -8.18618
3922.79975767949  -19.84539
3922.83912801058  4.148971
3922.87849834167  -14.7823
3922.91786867276  -9.176294
3922.95723900385  34.81189
3922.99660933494  2.88114
3923.03597966603  -15.03599
3923.07534999712  10.48599
3923.11472032821  5.992823
3923.1540906593  -29.29507
3923.19346099039  28.81716
3923.23283132149  29.99085
3923.27220165257  -6.928063
3923.31157198366  -10.13847
3923.35094231476  16.7568
3923.39031264585  -25.19174
3923.42968297694  44.01277
3923.46905330803  -24.81403
3923.50842363912  61.68763
3923.54779397021  -4.871151
3923.5871643013  7.44344
3923.62653463239  4.439977
3923.66590496348  -15.21787
3923.70527529457  -22.53062
3923.74464562566  19.52739
3923.78401595675  -43.77518
3923.82338628784  0.3401434
3923.86275661893  -32.32229
3923.90212695002  -24.58455
3923.94149728111  1.097935
3923.9808676122  8.245493
3924.02023794329  5.395672
3924.05960827438  21.24933
3924.09897860547  30.05128
3924.13834893656  -9.635601
3924.17771926765  -13.62369
3924.21708959874  27.05709
3924.25645992983  5.313958
3924.29583026092  -24.71214
3924.33520059201  12.55067
3924.3745709231  -4.641579
3924.41394125419  -21.61714
3924.45331158528  6.379221
3924.49268191637  13.48454
3924.53205224746  -27.44287
3924.57142257855  8.676744
3924.61079290964  14.3061
3924.65016324073  22.43075
3924.68953357182  95.17136
3924.72890390291  64.79453
3924.768274234  -26.93795
3924.80764456509  21.56832
3924.84701489618  11.20536
3924.88638522727  4.567337
3924.92575555836  0.5366918
3924.96512588945  34.58436
3925.00449622054  -12.11382
3925.04386655163  16.73614
3925.08323688272  -0.8987123
3925.12260721381  8.440803
3925.1619775449  27.07591
3925.20134787599  17.85109
3925.24071820708  24.37681
3925.28008853817  -24.77139
3925.31945886926  -5.311285
3925.35882920035  14.50165
3925.39819953144  41.58221
3925.43756986253  18.7391
3925.47694019362  1.603319
3925.51631052471  23.07585
3925.5556808558  -5.813422
3925.59505118689  3.318208
3925.63442151798  11.36701
3925.67379184907  11.92081
3925.71316218016  41.54904
3925.75253251125  -2.917902
3925.79190284234  -37.94812
3925.83127317343  -54.00644
3925.87064350452  14.98768
3925.91001383561  -37.85024
3925.9493841667  63.16819
3925.98875449779  -16.80503
3926.02812482888  5.622374
3926.06749515997  -10.83252
3926.10686549107  0.3457669
3926.14623582216  -3.752527
3926.18560615325  24.89079
3926.22497648434  9.226825
3926.26434681543  -26.58105
3926.30371714652  -6.011026
3926.34308747761  -7.3503
3926.3824578087  5.533585
3926.42182813979  12.19649
3926.46119847088  10.17969
3926.50056880197  -5.115475
3926.53993913306  31.03551
3926.57930946415  -39.81609
3926.61867979524  31.04723
3926.65805012633  19.79248
3926.69742045742  17.49562
3926.73679078851  60.55199
3926.7761611196  -9.973929
3926.81553145069  18.43464
3926.85490178178  33.87004
3926.89427211287  -14.49334
3926.93364244396  28.19102
3926.97301277505  15.08846
3927.01238310614  -4.978463
3927.05175343723  5.742356
3927.09112376832  -42.50608
3927.13049409941  42.15008
3927.1698644305  1.098513
3927.20923476159  23.93687
3927.24860509268  14.80863
3927.28797542377  22.56904
3927.32734575486  74.84398
3927.36671608595  46.53531
3927.40608641704  12.53068
3927.44545674813  16.6083
3927.48482707922  19.66893
3927.52419741031  -12.44012
3927.5635677414  54.75148
3927.60293807249  6.577938
3927.64230840358  -2.793306
3927.68167873467  23.43113
3927.72104906576  3.998682
3927.76041939685  -12.12733
3927.79978972794  54.26787
3927.83916005903  32.9614
3927.87853039012  29.37717
3927.91790072121  7.812728
3927.9572710523  6.6246
3927.99664138339  -16.63583
3928.03601171448  5.725337
3928.07538204557  22.06786
3928.11475237666  -4.612729
3928.15412270775  4.090822
3928.19349303884  5.804353
3928.23286336993  6.630024
3928.27223370102  29.83909
3928.31160403211  -26.51611
3928.3509743632  72.56184
3928.39034469429  -10.28992
3928.42971502538  14.92358
3928.46908535647  -2.912016
3928.50845568756  19.99654
3928.54782601865  45.4577
3928.58719634974  2.174485
3928.62656668083  21.01628
3928.66593701192  5.791641
3928.70530734301  16.35276
3928.7446776741  17.10718
3928.78404800519  33.45277
3928.82341833628  21.56428
3928.86278866737  13.40643
3928.90215899847  22.113
3928.94152932956  42.72603
3928.98089966065  3.897336
3929.02026999174  50.809
3929.05964032283  39.09275
3929.09901065392  19.57712
3929.13838098501  37.65595
3929.1777513161  32.64641
3929.21712164719  -4.088378
3929.25649197828  7.180313
3929.29586230937  2.805971
3929.33523264046  23.06888
3929.37460297155  -0.8033046
3929.41397330264  15.25419
3929.45334363373  -11.65988
3929.49271396482  23.55321
3929.53208429591  1.790959
3929.571454627  3.974608
3929.61082495809  41.60153
3929.65019528918  7.377227
3929.68956562027  26.3462
3929.72893595136  4.826716
3929.76830628245  -3.548908
3929.80767661354  33.78739
3929.84704694463  0.5319178
3929.88641727572  34.7468
3929.92578760681  -13.05232
3929.9651579379  3.633003
3930.00452826899  11.60222
3930.04389860008  -1.401179
3930.08326893117  3.046764
3930.12263926226  23.27597
3930.16200959335  45.45299
3930.20137992444  9.21674
3930.24075025553  26.35687
3930.28012058662  -20.15341
3930.31949091771  43.4063
3930.3588612488  -12.64643
3930.39823157989  47.44891
3930.43760191098  17.34222
3930.47697224207  -0.3960899
3930.51634257316  46.81637
3930.55571290425  4.194115
3930.59508323534  0.6777447
3930.63445356643  -14.01013
3930.67382389752  35.98869
3930.71319422861  -16.53249
3930.7525645597  0.9395282
3930.79193489079  23.31608
3930.83130522188  3.024953
3930.87067555297  12.90021
3930.91004588406  -6.136496
3930.94941621515  4.384367
3930.98878654624  31.75713
3931.02815687733  32.57008
3931.06752720842  3.712788
3931.10689753951  14.91222
3931.1462678706  14.50564
3931.18563820169  10.77842
3931.22500853278  -19.98794
3931.26437886387  17.15388
3931.30374919496  10.09465
3931.34311952605  -23.94361
3931.38248985714  5.15576
3931.42186018823  39.79582
3931.46123051932  12.03155
3931.50060085041  -4.691489
3931.5399711815  2.147615
3931.57934151259  18.542
3931.61871184368  50.82876
3931.65808217477  4.856248
3931.69745250587  8.431167
3931.73682283695  -0.8906887
3931.77619316805  1.152454
3931.81556349914  11.87383
3931.85493383023  -0.1974107
3931.89430416132  29.11759
3931.93367449241  -3.35651
3931.9730448235  11.72834
3932.01241515459  -16.35483
3932.05178548568  -18.7175
3932.09115581677  -2.148427
3932.13052614786  -5.966037
3932.16989647895  10.67572
3932.20926681004  -16.88821
3932.24863714113  31.33217
3932.28800747222  6.913697
3932.32737780331  -25.58848
3932.3667481344  -2.362661
3932.40611846549  22.34197
3932.44548879658  20.00705
3932.48485912767  70.81023
3932.52422945876  108.2973
3932.56359978985  23.7996
3932.60297012094  -3.350784
3932.64234045203  18.71706
3932.68171078312  12.68444
3932.72108111421  2.993186
3932.7604514453  -9.694314
3932.79982177639  2.699683
3932.83919210748  21.22727
3932.87856243857  27.60622
3932.91793276966  2.132519
3932.95730310075  15.49383
3932.99667343184  -9.889977
3933.03604376293  13.42543
3933.07541409402  28.62869
3933.11478442511  -0.6725211
3933.1541547562  27.97321
3933.19352508729  24.39026
3933.23289541838  9.259375
3933.27226574947  29.60195
3933.31163608056  -18.40869
3933.35100641165  -23.85671
3933.39037674274  -10.84811
3933.42974707383  -7.753911
3933.46911740492  -10.69526
3933.50848773601  -45.27822
3933.5478580671  -10.88982
3933.58722839819  16.26527
3933.62659872928  -20.23056
3933.66596906037  21.95362
3933.70533939146  -3.448138
3933.74470972255  18.22453
3933.78408005364  -23.3047
3933.82345038473  12.80056
3933.86282071582  -20.02255
3933.90219104691  -0.9861264
3933.941561378  -15.42993
3933.98093170909  13.75322
3934.02030204018  -25.93282
3934.05967237127  25.00267
3934.09904270236  7.529425
3934.13841303345  12.24325
3934.17778336454  33.12794
3934.21715369563  9.136998
3934.25652402672  -2.560812
3934.29589435781  -2.911623
3934.3352646889  8.865489
3934.37463501999  22.3091
3934.41400535108  12.85078
3934.45337568218  31.78449
3934.49274601326  17.30169
3934.53211634435  -6.395274
3934.57148667545  -15.44476
3934.61085700654  -19.14595
3934.65022733763  -20.49864
3934.68959766872  20.04087
3934.72896799981  -6.259518
3934.7683383309  35.31147
3934.80770866199  1.963074
3934.84707899308  -18.32019
3934.88644932417  -4.965229
3934.92581965526  14.42585
3934.96518998635  -1.241209
3935.00456031744  36.28056
3935.04393064853  41.80035
3935.08330097962  3.445662
3935.12267131071  -5.203562
3935.1620416418  24.99547
3935.20141197289  -17.59126
3935.24078230398  6.743546
3935.28015263507  24.31993
3935.31952296616  41.57061
3935.35889329725  5.571377
3935.39826362834  -38.9796
3935.43763395943  -4.743675
3935.47700429052  39.15726
3935.51637462161  13.57412
3935.5557449527  18.58019
3935.59511528379  16.64813
3935.63448561488  16.66722
3935.67385594597  43.73607
3935.71322627706  25.95685
3935.75259660815  -1.008322
3935.79196693924  -0.1708378
3935.83133727033  8.086463
3935.87070760142  21.72725
3935.91007793251  48.65892
3935.9494482636  -2.885993
3935.98881859469  5.956951
3936.02818892578  -23.99327
3936.06755925687  6.434587
3936.10692958796  5.584794
3936.14629991905  14.5527
3936.18567025014  -16.26063
3936.22504058123  28.47458
3936.26441091232  -9.096204
3936.30378124341  -7.037842
3936.3431515745  16.3636
3936.38252190559  11.52072
3936.42189223668  -17.72481
3936.46126256777  26.49364
3936.50063289886  -17.5679
3936.54000322995  -17.93292
3936.57937356104  11.9768
3936.61874389213  5.416958
3936.65811422322  4.000427
3936.69748455431  -6.615858
3936.7368548854  5.277396
3936.77622521649  -1.094275
3936.81559554758  -20.95989
3936.85496587867  -16.16132
3936.89433620976  14.71007
3936.93370654085  1.77321
3936.97307687194  5.316311
3937.01244720303  26.13514
3937.05181753412  2.953648
3937.09118786521  -9.826522
3937.1305581963  19.89344
3937.16992852739  6.298923
3937.20929885849  38.4447
3937.24866918957  -9.558856
3937.28803952066  8.093719
3937.32740985176  30.18307
3937.36678018285  -19.584
3937.40615051394  -1.655802
3937.44552084503  10.36481
3937.48489117612  9.572255
3937.52426150721  16.65111
3937.5636318383  46.98516
3937.60300216939  0.0123202
3937.64237250048  39.44205
3937.68174283157  -15.57558
3937.72111316266  23.72983
3937.76048349375  4.423494
3937.79985382484  36.11629
3937.83922415593  52.97758
3937.87859448702  40.95618
3937.91796481811  57.29029
3937.9573351492  26.11864
3937.99670548029  23.50597
3938.03607581138  -21.93462
3938.07544614247  3.703166
3938.11481647356  -4.288889
3938.15418680465  -30.52477
3938.19355713574  15.82353
3938.23292746683  -17.71196
3938.27229779792  -21.15483
3938.31166812901  -3.797598
3938.3510384601  21.77403
3938.39040879119  23.84657
3938.42977912228  -17.06586
3938.46914945337  -21.84274
3938.50851978446  4.883337
3938.54789011555  7.543437
3938.58726044664  -16.08464
3938.62663077773  44.51149
3938.66600110882  -24.8365
3938.70537143991  -5.256484
3938.744741771  -21.81475
3938.78411210209  46.20245
3938.82348243318  -2.247176
3938.86285276427  -8.064872
3938.90222309536  -16.40903
3938.94159342645  10.45451
3938.98096375754  5.352795
3939.02033408863  -14.25323
3939.05970441972  12.55018
3939.09907475081  0.6020069
3939.1384450819  29.43017
3939.17781541299  -6.589553
3939.21718574408  27.51524
3939.25655607517  -15.36176
3939.29592640626  24.40106
3939.33529673735  20.52596
3939.37466706844  56.50914
3939.41403739953  -30.37464
3939.45340773062  -37.8282
3939.49277806171  22.76837
3939.5321483928  -26.99988
3939.57151872389  -16.6693
3939.61088905498  -20.95181
3939.65025938607  16.22134
3939.68962971716  6.665946
3939.72900004825  -0.176324
3939.76837037934  8.251891
3939.80774071043  12.80009
3939.84711104152  17.2023
3939.88648137261  4.555819
3939.9258517037  0.7921838
3939.96522203479  19.6847
3940.00459236588  16.66492
3940.04396269697  15.46329
3940.08333302807  2.352939
3940.12270335916  15.57905
3940.16207369024  46.78521
3940.20144402134  -19.55858
3940.24081435243  15.83562
3940.28018468351  38.49299
3940.31955501461  -3.292199
3940.3589253457  83.7152
3940.39829567679  -2.421995
3940.43766600788  17.21807
3940.47703633897  10.27418
3940.51640667006  32.6675
3940.55577700115  22.0353
3940.59514733224  -34.37122
3940.63451766333  28.48581
3940.67388799442  31.00127
3940.71325832551  0.8042894
3940.7526286566  28.25996
3940.79199898769  3.358863
3940.83136931878  15.23144
3940.87073964987  7.388243
3940.91010998096  -17.95611
3940.94948031205  38.02792
3940.98885064314  21.49821
3941.02822097423  -1.259521
3941.06759130532  -9.41748
3941.10696163641  20.51493
3941.1463319675  22.45985
3941.18570229859  28.24601
3941.22507262968  63.81768
3941.26444296077  -12.60248
3941.30381329186  14.84223
3941.34318362295  28.89059
3941.38255395404  25.68812
3941.42192428513  34.24733
3941.46129461622  50.57588
3941.50066494731  -29.42516
3941.5400352784  -16.88154
3941.57940560949  9.439344
3941.61877594058  41.365
3941.65814627167  -15.88941
3941.69751660276  14.17246
3941.73688693385  20.36752
3941.77625726494  19.67828
3941.81562759603  3.317677
3941.85499792712  25.39279
3941.89436825821  22.55965
3941.9337385893  34.63525
3941.97310892039  -6.857083
3942.01247925148  81.32354
3942.05184958257  11.98402
3942.09121991366  -17.62509
3942.13059024475  8.477411
3942.16996057584  45.01047
3942.20933090693  64.50771
3942.24870123802  40.1231
3942.28807156911  42.95777
3942.3274419002  38.11648
3942.36681223129  21.98646
3942.40618256238  3.81468
3942.44555289347  2.637237
3942.48492322456  31.31246
3942.52429355565  54.84952
3942.56366388674  -24.94899
3942.60303421783  55.88222
3942.64240454892  43.6635
3942.68177488001  19.76176
3942.7211452111  39.76057
3942.76051554219  -17.85959
3942.79988587328  0.9428332
3942.83925620437  39.3226
3942.87862653547  -7.951878
3942.91799686656  42.30526
3942.95736719764  18.0622
3942.99673752874  31.42422
3943.03610785983  27.77785
3943.07547819092  15.84581
3943.11484852201  -2.416663
3943.1542188531  10.76259
3943.19358918419  18.79952
3943.23295951528  30.531
3943.27232984637  57.11985
3943.31170017746  47.41917
3943.35107050855  31.43997
3943.39044083964  -3.453034
3943.42981117073  22.63512
3943.46918150182  52.33606
3943.50855183291  41.90265
3943.547922164  61.51374
3943.58729249509  57.82927
3943.62666282618  86.77263
3943.66603315727  22.57037
3943.70540348836  24.22242
3943.74477381945  54.53338
3943.78414415054  43.78196
3943.82351448163  70.88625
3943.86288481272  10.67583
3943.90225514381  20.29424
3943.9416254749  51.48751
3943.98099580599  -8.025949
3944.02036613708  79.41367
3944.05973646817  43.90541
3944.09910679926  38.39064
3944.13847713035  23.93206
3944.17784746144  9.968938
3944.21721779253  38.52211
3944.25658812362  -1.421169
3944.29595845471  1.02844
3944.3353287858  35.67218
3944.37469911689  7.127373
3944.41406944798  55.80719
3944.45343977907  44.28209
3944.49281011016  19.27652
3944.53218044125  41.43983
3944.57155077234  46.92899
3944.61092110343  -7.141992
3944.65029143452  40.35388
3944.68966176561  62.09106
3944.7290320967  38.11708
3944.76840242779  54.63252
3944.80777275888  42.09312
3944.84714308997  38.58903
3944.88651342106  6.401185
3944.92588375215  33.34337
3944.96525408324  39.12673
3945.00462441433  54.40633
3945.04399474542  75.34276
3945.08336507651  73.95094
3945.1227354076  23.85808
3945.16210573869  11.35811
3945.20147606978  42.45583
3945.24084640087  34.72291
3945.28021673196  59.32763
3945.31958706305  64.80971
3945.35895739414  32.02456
3945.39832772523  21.91081
3945.43769805632  39.9612
3945.47706838741  28.29581
3945.5164387185  42.18364
3945.55580904959  65.55898
3945.59517938068  66.95203
3945.63454971177  2.678791
3945.67392004287  92.89594
3945.71329037395  51.54932
3945.75266070504  63.2856
3945.79203103614  -22.57788
3945.83140136722  50.56789
3945.87077169832  26.99042
3945.91014202941  88.54343
3945.94951236049  107.9365
3945.98888269159  6.055043
3946.02825302268  58.13009
3946.06762335377  5.614203
3946.10699368486  59.51167
3946.14636401595  13.17778
3946.18573434704  69.25791
3946.22510467813  49.28322
3946.26447500922  12.28447
3946.30384534031  34.97389
3946.3432156714  33.88976
3946.38258600249  46.29051
3946.42195633358  26.42074
3946.46132666467  89.61651
3946.50069699576  11.69733
3946.54006732685  98.59823
3946.57943765794  23.04031
3946.61880798903  35.15236
3946.65817832012  2.808677
3946.69754865121  24.80055
3946.7369189823  50.74167
3946.77628931339  44.95953
3946.81565964448  31.36499
3946.85502997557  32.52168
3946.89440030666  34.78017
3946.93377063775  51.88807
3946.97314096884  84.41415
3947.01251129993  51.83022
3947.05188163102  30.22327
3947.09125196211  58.56744
3947.1306222932  119.2419
3947.16999262429  58.23674
3947.20936295538  -0.5482805
3947.24873328647  64.32742
3947.28810361756  46.06357
3947.32747394865  40.20018
3947.36684427974  117.8916
3947.40621461083  51.64631
3947.44558494192  91.06992
3947.48495527301  33.65722
3947.5243256041  38.65081
3947.56369593519  55.89897
3947.60306626628  6.011132
3947.64243659737  52.47312
3947.68180692846  -12.98248
3947.72117725955  90.23358
3947.76054759064  14.95517
3947.79991792173  93.01035
3947.83928825282  12.19745
3947.87865858391  80.69835
3947.918028915  41.02437
3947.95739924609  72.21787
3947.99676957718  34.12878
3948.03613990827  82.2279
3948.07551023936  40.32283
3948.11488057045  15.92364
3948.15425090154  38.98728
3948.19362123263  39.53625
3948.23299156372  -12.5316
3948.27236189481  18.57043
3948.3117322259  22.42674
3948.35110255699  48.28066
3948.39047288808  8.488024
3948.42984321917  77.99859
3948.46921355026  85.92403
3948.50858388135  26.17976
3948.54795421244  48.92651
3948.58732454353  46.50532
3948.62669487463  46.72725
3948.66606520572  71.89896
3948.70543553681  74.35577
3948.7448058679  81.01743
3948.78417619899  56.23741
3948.82354653008  9.90192
3948.86291686117  65.33534
3948.90228719226  21.12798
3948.94165752335  0.07906358
3948.98102785444  49.09196
3949.02039818553  25.60035
3949.05976851662  96.89926
3949.09913884771  13.81144
3949.1385091788  47.19953
3949.17787950989  7.101522
3949.21724984098  74.20541
3949.25662017207  32.47538
3949.29599050316  110.273
3949.33536083425  55.30147
3949.37473116534  44.3801
3949.41410149643  52.38041
3949.45347182752  43.94635
3949.49284215861  69.82832
3949.5322124897  15.62912
3949.57158282079  105.9392
3949.61095315188  26.80098
3949.65032348297  -2.564764
3949.68969381406  14.57272
3949.72906414515  50.7817
3949.76843447624  29.36359
3949.80780480733  45.45316
3949.84717513842  28.93154
3949.88654546951  13.07248
3949.9259158006  72.58221
3949.96528613169  86.10295
3950.00465646278  35.009
3950.04402679387  76.8039
3950.08339712496  7.555889
3950.12276745605  56.21415
3950.16213778714  11.29157
3950.20150811823  141.9865
3950.24087844932  36.66348
3950.28024878041  29.51206
3950.3196191115  80.37446
3950.35898944259  59.27139
3950.39835977368  110.7061
3950.43773010477  51.10652
3950.47710043586  87.2701
3950.51647076695  10.5237
3950.55584109804  49.49664
3950.59521142913  39.07116
3950.63458176022  39.375
3950.67395209131  77.10289
3950.7133224224  50.90688
3950.75269275349  43.33819
3950.79206308458  62.8125
3950.83143341567  38.81108
3950.87080374676  2.731216
3950.91017407785  47.85304
3950.94954440894  32.20727
3950.98891474003  28.53532
3951.02828507112  21.56967
3951.06765540221  64.56345
3951.1070257333  30.97482
3951.14639606439  22.19304
3951.18576639548  62.19002
3951.22513672657  26.04247
3951.26450705766  17.96748
3951.30387738875  77.82789
3951.34324771984  34.47919
3951.38261805094  82.51025
3951.42198838202  38.04551
3951.46135871312  116.1065
3951.50072904421  51.63056
3951.5400993753  103.6486
3951.57946970639  66.80297
3951.61884003748  47.19921
3951.65821036857  15.23752
3951.69758069966  10.71266
3951.73695103075  28.34428
3951.77632136184  69.60294
3951.81569169293  33.48763
3951.85506202402  40.21647
3951.89443235511  5.730789
3951.9338026862  22.34516
3951.97317301729  63.91138
3952.01254334838  83.55792
3952.05191367947  85.92336
3952.09128401056  -16.56844
3952.13065434165  75.80156
3952.17002467274  60.83647
3952.20939500383  87.27579
3952.24876533492  -18.23824
3952.28813566601  55.38758
3952.3275059971  7.382859
3952.36687632819  67.44293
3952.40624665928  65.74824
3952.44561699037  38.76972
3952.48498732146  62.16223
3952.52435765255  52.92884
3952.56372798364  93.96015
3952.60309831473  43.0539
3952.64246864582  63.38417
3952.68183897691  72.96869
3952.721209308  81.94753
3952.76057963909  65.85921
3952.79994997018  105.705
3952.83932030127  87.58823
3952.87869063236  40.515
3952.91806096345  40.4901
3952.95743129454  15.00152
3952.99680162563  56.22758
3953.03617195672  13.58045
3953.07554228781  18.19186
3953.1149126189  42.28841
3953.15428294999  14.7698
3953.19365328108  38.20934
3953.23302361217  67.87308
3953.27239394326  77.20251
3953.31176427435  54.5563
3953.35113460544  29.62748
3953.39050493653  76.98431
3953.42987526762  29.77483
3953.46924559871  52.92332
3953.5086159298  47.23992
3953.54798626089  28.24055
3953.58735659198  4.89952
3953.62672692307  96.59615
3953.66609725416  84.61602
3953.70546758525  44.00719
3953.74483791634  65.51753
3953.78420824743  48.83638
3953.82357857852  74.33979
3953.86294890961  26.29035
3953.9023192407  37.52327
3953.94168957179  47.84977
3953.98105990288  43.14169
3954.02043023397  19.65997
3954.05980056506  74.8635
3954.09917089615  70.04488
3954.13854122724  52.9426
3954.17791155833  44.89157
3954.21728188942  40.17291
3954.25665222051  7.236636
3954.29602255161  26.12333
3954.3353928827  82.56336
3954.37476321379  46.25867
3954.41413354488  51.25116
3954.45350387597  88.02975
3954.49287420706  103.3808
3954.53224453815  8.826023
3954.57161486924  89.89409
3954.61098520033  24.07973
3954.65035553142  69.01963
3954.68972586251  54.28419
3954.7290961936  25.84141
3954.76846652469  47.12957
3954.80783685578  97.08953
3954.84720718687  45.28201
3954.88657751796  126.6046
3954.92594784905  -13.32189
3954.96531818014  57.86303
3955.00468851123  71.15833
3955.04405884232  116.7052
3955.08342917341  9.066558
3955.1227995045  64.88876
3955.16216983559  -27.58901
3955.20154016668  44.8689
3955.24091049777  48.95854
3955.28028082886  92.28315
3955.31965115995  46.68283
3955.35902149104  60.63654
3955.39839182213  26.55112
3955.43776215322  67.35154
3955.47713248431  69.57491
3955.5165028154  105.238
3955.55587314649  108.8716
3955.59524347758  8.238904
3955.63461380867  69.97836
3955.67398413976  74.29038
3955.71335447085  103.994
3955.75272480194  47.83544
3955.79209513303  64.35542
3955.83146546412  97.0827
3955.87083579521  116.3457
3955.9102061263  53.89445
3955.94957645739  112.0318
3955.98894678848  44.69106
3956.02831711957  79.92826
3956.06768745066  67.32924
3956.10705778175  42.50217
3956.14642811284  42.43677
3956.18579844393  89.89764
3956.22516877502  70.01609
3956.26453910611  37.46869
3956.3039094372  60.20155
3956.34327976829  56.05778
3956.38265009938  41.59876
3956.42202043047  68.31212
3956.46139076156  56.12978
3956.50076109265  50.62935
3956.54013142374  51.60693
3956.57950175483  95.43719
3956.61887208592  84.94687
3956.65824241701  77.21268
3956.6976127481  37.50666
3956.73698307919  79.50003
3956.77635341028  55.41429
3956.81572374137  70.96666
3956.85509407246  35.85155
3956.89446440355  42.37817
3956.93383473464  40.18873
3956.97320506574  21.10476
3957.01257539682  15.82383
3957.05194572792  54.61911
3957.09131605901  52.90417
3957.1306863901  18.37182
3957.17005672119  16.83221
3957.20942705228  51.11995
3957.24879738337  9.814247
3957.28816771446  28.39414
3957.32753804555  25.96895
3957.36690837664  -16.20358
3957.40627870773  15.90189
3957.44564903882  18.40182
3957.48501936991  44.65607
3957.524389701  37.91043
3957.56376003209  79.94595
3957.60313036318  63.56303
3957.64250069427  93.24655
3957.68187102536  51.36271
3957.72124135645  106.4416
3957.76061168754  66.68993
3957.79998201863  76.44269
3957.83935234972  91.49831
3957.87872268081  108.4811
3957.9180930119  76.73853
3957.95746334299  92.02372
3957.99683367408  80.90256
3958.03620400517  85.26503
3958.07557433626  41.57517
3958.11494466735  68.18192
3958.15431499844  63.58586
3958.19368532953  62.54959
3958.23305566062  61.98597
3958.27242599171  117.9701
3958.3117963228  75.40508
3958.35116665389  37.84575
3958.39053698498  39.94152
3958.42990731607  57.0036
3958.46927764716  22.34067
3958.50864797825  38.09399
3958.54801830934  112.664
3958.58738864043  100.6687
3958.62675897152  81.83073
3958.66612930261  95.07814
3958.7054996337  74.01768
3958.74486996479  48.49157
3958.78424029588  28.59245
3958.82361062697  111.6203
3958.86298095806  84.76381
3958.90235128915  87.38213
3958.94172162024  53.20459
3958.98109195133  81.0912
3959.02046228242  65.01949
3959.05983261351  70.8828
3959.0992029446  28.79177
3959.13857327569  66.85081
3959.17794360678  83.19502
3959.21731393787  125.2448
3959.25668426896  62.77477
3959.29605460005  25.00515
3959.33542493114  77.77462
3959.37479526223  43.74685
3959.41416559332  96.86684
3959.45353592441  45.66314
3959.4929062555  135.1192
3959.53227658659  32.57397
3959.57164691768  43.44888
3959.61101724877  9.090201
3959.65038757986  67.65455
3959.68975791095  96.49204
3959.72912824204  31.22421
3959.76849857313  93.73092
3959.80786890423  70.88886
3959.84723923532  37.88365
3959.8866095664  74.82069
3959.9259798975  98.01051
3959.96535022859  59.39485
3960.00472055968  -0.1678883
3960.04409089077  114.3307
3960.08346122186  136.6686
3960.12283155295  55.85514
3960.16220188404  131.3165
3960.20157221513  63.52064
3960.24094254622  27.53115
3960.28031287731  91.13452
3960.3196832084  92.58916
3960.35905353949  74.41805
3960.39842387058  85.10611
3960.43779420167  110.2676
3960.47716453276  77.64752
3960.51653486385  50.63384
3960.55590519494  75.47723
3960.59527552603  46.99512
3960.63464585712  39.42199
3960.67401618821  30.50689
3960.7133865193  37.89548
3960.75275685039  32.02378
3960.79212718148  22.34853
3960.83149751257  63.89309
3960.87086784366  42.30097
3960.91023817475  41.54769
3960.94960850584  48.38974
3960.98897883693  44.37195
3961.02834916802  32.1108
3961.06771949911  31.11455
3961.1070898302  80.86092
3961.14646016129  112.3156
3961.18583049238  84.32001
3961.22520082347  85.52312
3961.26457115456  47.34651
3961.30394148565  84.943
3961.34331181674  1.776582
3961.38268214783  95.46761
3961.42205247892  33.84961
3961.46142281001  87.8804
3961.5007931411  104.8613
3961.54016347219  34.43898
3961.57953380328  46.39872
3961.61890413437  56.33578
3961.65827446546  124.4178
3961.69764479655  19.081
3961.73701512764  66.23994
3961.77638545873  53.43143
3961.81575578982  51.97439
3961.85512612091  65.01936
3961.894496452  72.74783
3961.93386678309  65.62882
3961.97323711418  27.76319
3962.01260744527  92.11532
3962.05197777636  78.1405
3962.09134810745  81.33811
3962.13071843854  23.69944
3962.17008876963  53.23883
3962.20945910072  49.81864
3962.24882943181  51.25734
3962.2881997629  89.51221
3962.32757009399  54.15094
3962.36694042508  99.3327
3962.40631075617  85.52261
3962.44568108726  49.7178
3962.48505141835  5.716063
3962.52442174944  11.29344
3962.56379208053  25.71879
3962.60316241163  20.11173
3962.64253274271  95.64085
3962.6819030738  92.16342
3962.7212734049  56.17814
3962.76064373599  22.69716
3962.80001406708  60.34421
3962.83938439817  92.95699
3962.87875472926  60.71673
3962.91812506035  42.15321
3962.95749539144  113.1177
3962.99686572253  39.23553
3963.03623605362  96.92599
3963.07560638471  50.18047
3963.1149767158  23.35603
3963.15434704689  19.26638
3963.19371737798  52.59811
3963.23308770907  59.80186
3963.27245804016  111.3767
3963.31182837125  55.90603
3963.35119870234  87.8588
3963.39056903343  64.53358
3963.42993936452  89.12701
3963.46930969561  44.94659
3963.5086800267  81.07227
3963.54805035779  93.36501
3963.58742068888  15.65649
3963.62679101997  77.5584
3963.66616135106  55.44331
3963.70553168215  103.7802
3963.74490201324  9.655149
3963.78427234433  95.91279
3963.82364267542  33.39177
3963.86301300651  77.32796
3963.9023833376  24.80633
3963.94175366869  111.2638
3963.98112399978  57.08546
3964.02049433087  85.70527
3964.05986466196  56.04397
3964.09923499305  108.7806
3964.13860532414  105.0897
3964.17797565523  77.15091
3964.21734598632  63.84892
3964.25671631741  65.92659
3964.2960866485  54.80597
3964.33545697959  34.68354
3964.37482731068  58.71104
3964.41419764177  79.97253
3964.45356797286  70.09303
3964.49293830395  50.32813
3964.53230863504  20.84627
3964.57167896613  25.55268
3964.61104929722  66.51907
3964.65041962831  77.0433
3964.6897899594  62.27645
3964.72916029049  55.48434
3964.76853062158  115.0342
3964.80790095267  65.48317
3964.84727128376  109.5912
3964.88664161485  75.31934
3964.92601194594  30.2129
3964.96538227703  92.6387
3965.00475260812  55.81364
3965.04412293921  110.6863
3965.0834932703  44.53425
3965.12286360139  75.11948
3965.16223393248  106.6834
3965.20160426357  22.24225
3965.24097459466  53.82302
3965.28034492575  5.07869
3965.31971525684  81.84103
3965.35908558794  17.66372
3965.39845591902  57.19242
3965.43782625011  58.6563
3965.47719658121  169.8822
3965.51656691229  52.28113
3965.55593724339  36.97733
3965.59530757448  41.84255
3965.63467790556  44.98793
3965.67404823666  21.55799
3965.71341856775  5.299941
3965.75278889884  78.27827
3965.79215922993  9.548387
3965.83152956102  13.42912
3965.87089989211  7.748019
3965.9102702232  42.94919
3965.94964055429  50.68122
3965.98901088538  44.22483
3966.02838121647  69.2842
3966.06775154756  61.34431
3966.10712187865  19.72527
3966.14649220974  42.29893
3966.18586254083  32.27917
3966.22523287192  55.41442
3966.26460320301  141.025
3966.3039735341  50.65035
3966.34334386519  64.53601
3966.38271419628  90.74153
3966.42208452737  66.17016
3966.46145485846  -2.249146
3966.50082518955  46.21044
3966.54019552064  34.54443
3966.57956585173  41.77799
3966.61893618282  11.80495
3966.65830651391  37.43304
3966.697676845  35.51365
3966.73704717609  54.51719
3966.77641750718  36.33675
3966.81578783827  23.47998
3966.85515816936  39.41468
3966.89452850045  53.5583
3966.93389883154  29.40887
3966.97326916263  0.9539952
3967.01263949372  61.69136
3967.05200982481  21.66545
3967.0913801559  45.07358
3967.13075048699  8.359058
3967.17012081808  16.95788
3967.20949114917  52.10464
3967.24886148026  60.48547
3967.28823181135  114.449
3967.32760214244  2.363228
3967.36697247353  19.82365
3967.40634280462  40.54707
3967.44571313571  3.141768
3967.4850834668  13.06672
3967.52445379789  32.12003
3967.56382412898  27.11826
3967.60319446007  -14.48465
3967.64256479116  58.75229
3967.68193512225  53.91956
3967.72130545334  72.38572
3967.76067578443  76.78017
3967.80004611552  184.959
3967.83941644661  111.4222
3967.8787867777  -3.355485
3967.91815710879  72.22475
3967.95752743988  6.934495
3967.99689777097  54.27837
3968.03626810206  -0.4331169
3968.07563843315  42.75841
3968.11500876424  22.05495
3968.15437909533  31.77597
3968.19374942642  14.24183
3968.23311975752  42.48086
3968.27249008861  25.21268
3968.3118604197  53.37762
3968.35123075079  46.20932
3968.39060108188  -30.01312
3968.42997141297  -0.976009
3968.46934174406  7.831446
3968.50871207515  75.77171
3968.54808240624  -10.84904
3968.58745273733  22.85553
3968.62682306842  71.85991
3968.66619339951  -4.161974
3968.7055637306  39.69671
3968.74493406169  24.25233
3968.78430439278  16.64398
3968.82367472387  49.4333
3968.86304505496  25.10144
3968.90241538605  9.952615
3968.94178571714  17.67596
3968.98115604823  14.91181
3969.02052637932  52.22847
3969.05989671041  55.90477
3969.0992670415  -4.755998
3969.13863737259  6.080177
3969.17800770368  14.0153
3969.21737803477  31.87048
3969.25674836586  28.7147
3969.29611869695  48.81909
3969.33548902804  73.11025
3969.37485935913  29.95729
3969.41422969022  24.66835
3969.45360002131  104.8344
3969.4929703524  -2.755186
3969.53234068349  24.29293
3969.57171101458  6.582691
3969.61108134567  88.87829
3969.65045167676  27.38519
3969.68982200785  13.35433
3969.72919233894  39.53637
3969.76856267003  62.18129
3969.80793300112  36.86937
3969.84730333221  62.5652
3969.8866736633  32.94901
3969.92604399439  35.52034
3969.96541432548  45.57905
3970.00478465657  65.12704
3970.04415498766  38.27058
3970.08352531875  19.31578
3970.12289564984  3.981867
3970.16226598093  36.8749
3970.20163631202  5.680449
3970.24100664311  6.57239
3970.2803769742  1.358216
3970.31974730529  25.59529
3970.35911763638  -13.85926
3970.39848796747  48.06222
3970.43785829856  21.95224
3970.47722862965  27.83793
3970.51659896074  -24.17427
3970.55596929183  16.01639
3970.59533962292  -14.24127
3970.63470995401  59.83023
3970.6740802851  13.20532
3970.71345061619  -9.664768
3970.75282094728  4.690341
3970.79219127837  -4.922342
3970.83156160946  44.29136
3970.87093194055  40.85974
3970.91030227164  -15.98243
3970.94967260273  34.26675
3970.98904293382  4.024646
3971.02841326492  69.71027
3971.06778359601  50.34017
3971.10715392709  -7.100677
3971.14652425819  32.54358
3971.18589458928  21.9784
3971.22526492037  46.94581
3971.26463525146  -4.889544
3971.30400558255  9.567018
3971.34337591364  -1.605889
3971.38274624473  32.60162
3971.42211657582  39.55077
3971.46148690691  99.48368
3971.500857238  0.2420218
3971.54022756909  -14.87356
3971.57959790018  -8.551614
3971.61896823127  41.46001
3971.65833856236  5.5446
3971.69770889345  43.02413
3971.73707922454  -8.636615
3971.77644955563  33.31966
3971.81581988672  32.52051
3971.85519021781  7.187643
3971.8945605489  34.98993
3971.93393087999  0.1691477
3971.97330121108  -1.179
3972.01267154217  2.605684
3972.05204187326  9.924871
3972.09141220435  -5.42222
3972.13078253544  -11.58496
3972.17015286653  16.51276
3972.20952319762  -5.498114
3972.24889352871  17.19085
3972.2882638598  -19.96415
3972.32763419089  6.336293
3972.36700452198  17.41032
3972.40637485307  63.13999
3972.44574518416  22.04803
3972.48511551525  -14.54491
3972.52448584634  17.64541
3972.56385617743  39.15907
3972.60322650852  -0.5390088
3972.64259683961  18.3441
3972.6819671707  47.96325
3972.72133750179  24.29103
3972.76070783288  -3.850181
3972.80007816397  11.84493
3972.83944849506  24.75171
3972.87881882615  -4.249372
3972.91818915724  19.83376
3972.95755948833  -12.52727
3972.99692981942  20.52887
3973.03630015051  -24.51464
3973.0756704816  23.92886
3973.11504081269  -11.69694
3973.15441114378  6.246856
3973.19378147487  6.368983
3973.23315180596  -22.17302
3973.27252213705  20.20022
3973.31189246814  -0.6790041
3973.35126279923  33.13513
3973.39063313032  21.07439
3973.43000346141  20.61787
3973.4693737925  40.99748
3973.50874412359  -46.01498
3973.54811445468  21.76864
3973.58748478577  -25.44099
3973.62685511686  47.59937
3973.66622544795  16.28902
3973.70559577904  23.27888
3973.74496611013  18.07094
3973.78433644123  6.382158
3973.82370677231  12.72256
3973.8630771034  -4.034809
3973.9024474345  45.28249
3973.94181776558  -42.18839
3973.98118809668  21.10188
3974.02055842777  22.57074
3974.05992875886  9.720586
3974.09929908995  -13.85588
3974.13866942104  52.11253
3974.17803975213  25.60538
3974.21741008322  29.54889
3974.25678041431  -1.594376
3974.2961507454  23.52633
3974.33552107649  8.628376
3974.37489140758  -16.07201
3974.41426173867  32.05321
3974.45363206976  17.05088
3974.49300240085  28.85981
3974.53237273194  1.919569
3974.57174306303  5.021148
3974.61111339412  36.09814
3974.65048372521  2.510795
3974.6898540563  11.39007
3974.72922438739  12.51064
3974.76859471848  1.408574
3974.80796504957  17.52904
3974.84733538066  13.81748
3974.88670571175  -5.336893
3974.92607604284  -7.155478
3974.96544637393  27.40528
3975.00481670502  -17.21373
3975.04418703611  17.4802
3975.0835573672  20.20914
3975.12292769829  27.02817
3975.16229802938  27.01712
3975.20166836047  38.82153
3975.24103869156  3.273777
3975.28040902265  25.42703
3975.31977935374  14.13577
3975.35914968483  11.5749
3975.39852001592  10.05361
3975.43789034701  6.537877
3975.4772606781  54.07665
3975.51663100919  -42.21163
3975.55600134028  7.497251
3975.59537167137  10.30137
3975.63474200246  -4.230512
3975.67411233355  -12.75753
3975.71348266464  44.52443
3975.75285299573  -19.56302
3975.79222332682  37.59707
3975.83159365791  38.81767
3975.870963989  13.45475
3975.91033432009  -1.024684
3975.94970465118  2.363405
3975.98907498227  23.72984
3976.02844531336  20.63494
3976.06781564445  19.22402
3976.10718597554  65.72129
3976.14655630663  -8.969278
3976.18592663772  71.8967
3976.22529696881  17.86474
3976.2646672999  10.49506
3976.30403763099  19.6029
3976.34340796208  10.29735
3976.38277829317  40.08178
3976.42214862426  -13.57448
3976.46151895535  69.79581
3976.50088928644  -5.639115
3976.54025961753  24.41437
3976.57962994863  40.00435
3976.61900027971  14.4454
3976.65837061081  49.64479
3976.6977409419  49.68232
3976.73711127299  119.195
3976.77648160408  71.20147
3976.81585193517  37.39746
3976.85522226626  44.02527
3976.89459259735  12.45658
3976.93396292844  18.71535
3976.97333325953  26.38775
3977.01270359062  24.4959
3977.05207392171  66.3037
3977.0914442528  56.35045
3977.13081458389  31.12104
3977.17018491498  47.45892
3977.20955524607  17.48323
3977.24892557716  27.86958
3977.28829590825  11.37668
3977.32766623934  31.28501
3977.36703657043  6.840761
3977.40640690152  79.03922
3977.44577723261  -9.261475
3977.4851475637  32.27416
3977.52451789479  -27.55762
3977.56388822588  58.85096
3977.60325855697  -12.40954
3977.64262888806  70.98013
3977.68199921915  60.31548
3977.72136955024  8.813845
3977.76073988133  17.23164
3977.80011021242  30.30607
3977.83948054351  11.31236
3977.8788508746  33.24191
3977.91822120569  -12.31498
3977.95759153678  3.666908
3977.99696186787  8.403767
3978.03633219896  7.109856
3978.07570253005  31.90075
3978.11507286114  41.75356
3978.15444319223  9.227443
3978.19381352332  10.31764
3978.23318385441  -11.09023
3978.2725541855  32.59515
3978.31192451659  89.51702
3978.35129484768  19.50956
3978.39066517877  53.9058
3978.43003550986  45.95312
3978.46940584095  -1.089903
3978.50877617204  38.85226
3978.54814650313  13.57112
3978.58751683422  32.22941
3978.62688716531  -12.71574
3978.6662574964  27.87166
3978.70562782749  11.26392
3978.74499815858  13.7101
3978.78436848967  -10.74784
3978.82373882076  50.94634
3978.86310915185  14.10522
3978.90247948294  42.2308
3978.94184981403  64.10036
3978.98122014512  13.32781
3979.02059047621  10.87858
3979.0599608073  11.34334
3979.09933113839  95.25478
3979.13870146948  85.00616
3979.17807180057  -27.70976
3979.21744213166  50.8538
3979.25681246275  14.83874
3979.29618279384  33.17644
3979.33555312493  81.48888
3979.37492345602  28.17561
3979.41429378711  67.34577
3979.4536641182  38.36089
3979.4930344493  44.32098
3979.53240478038  -11.60327
3979.57177511147  9.105877
3979.61114544257  -3.291777
3979.65051577366  -20.11167
3979.68988610475  12.58155
3979.72925643584  45.13034
3979.76862676693  48.62702
3979.80799709802  8.520273
3979.84736742911  18.92704
3979.8867377602  -33.60877
3979.92610809129  24.1857
3979.96547842238  36.55412
3980.00484875347  62.36972
3980.04421908456  16.2933
3980.08358941565  7.841311
3980.12295974674  11.73309
3980.16233007783  39.47005
3980.20170040892  6.160391
3980.24107074001  -9.946255
3980.2804410711  11.25718
3980.31981140219  21.48217
3980.35918173328  27.20185
3980.39855206437  90.75638
3980.43792239546  -3.176009
3980.47729272655  22.30596
3980.51666305764  21.8569
3980.55603338873  44.71398
3980.59540371982  -15.78071
3980.63477405091  31.70581
3980.674144382  64.49735
3980.71351471309  -2.951989
3980.75288504418  37.31829
3980.79225537527  20.99615
3980.83162570636  28.59925
3980.87099603745  29.91793
3980.91036636854  44.92573
3980.94973669963  19.00055
3980.98910703072  7.173155
3981.02847736181  -0.2394063
3981.0678476929  3.899796
3981.10721802399  -2.37367
3981.14658835508  25.26043
3981.18595868617  16.93971
3981.22532901726  30.56625
3981.26469934835  -3.090707
3981.30406967944  39.52816
3981.34344001053  -36.93733
3981.38281034162  5.232902
3981.42218067271  17.46913
3981.4615510038  6.042424
3981.50092133489  32.61211
3981.54029166598  26.49339
3981.57966199707  22.2539
3981.61903232816  29.54883
3981.65840265925  19.95104
3981.69777299034  30.28806
3981.73714332143  31.17915
3981.77651365252  17.79983
3981.81588398361  0.2406065
3981.8552543147  2.845991
3981.89462464579  35.17105
3981.93399497688  59.69344
3981.97336530797  10.03349
3982.01273563906  -14.27471
3982.05210597015  12.95836
3982.09147630124  -16.82441
3982.13084663233  46.40063
3982.17021696342  30.25069
3982.20958729452  36.11707
3982.2489576256  17.45212
3982.2883279567  44.71965
3982.32769828779  5.627936
3982.36706861887  60.24413
3982.40643894997  40.48149
3982.44580928106  28.49813
3982.48517961215  77.85548
3982.52454994324  32.37478
3982.56392027433  -26.53696
3982.60329060542  46.41208
3982.64266093651  54.62687
3982.6820312676  36.513
3982.72140159869  17.8035
3982.76077192978  5.475925
3982.80014226087  16.66398
3982.83951259196  4.075132
3982.87888292305  38.28418
3982.91825325414  7.01218
3982.95762358523  25.56742
3982.99699391632  -10.60903
3983.03636424741  -21.57246
3983.0757345785  24.65196
3983.11510490959  0.1772363
3983.15447524068  52.62565
3983.19384557177  76.20466
3983.23321590286  30.96663
3983.27258623395  17.43497
3983.31195656504  10.3168
3983.35132689613  1.373719
3983.39069722722  73.70401
3983.43006755831  22.49683
3983.4694378894  19.72685
3983.50880822049  -17.48677
3983.54817855158  -4.812363
3983.58754888267  51.54667
3983.62691921376  20.47387
3983.66628954485  25.46176
3983.70565987594  -3.380574
3983.74503020703  -2.018788
3983.78440053812  15.43397
3983.82377086921  18.95807
3983.8631412003  17.05927
3983.90251153139  -18.25237
3983.94188186248  29.7051
3983.98125219357  20.06596
3984.02062252466  53.05119
3984.05999285575  22.5064
3984.09936318684  74.37156
3984.13873351793  -24.94335
3984.17810384902  76.92226
3984.21747418011  27.74041
3984.2568445112  7.546853
3984.29621484229  43.22538
3984.33558517338  35.69474
3984.37495550447  -18.495
3984.41432583556  30.11501
3984.45369616665  35.50715
3984.49306649774  -17.32972
3984.53243682883  32.42289
3984.57180715992  -12.47842
3984.61117749101  26.50833
3984.6505478221  11.05517
3984.68991815319  -6.885919
3984.72928848428  37.31137
3984.76865881537  38.01102
3984.80802914646  34.45602
3984.84739947755  50.16782
3984.88676980864  0.3058837
3984.92614013973  -0.7979418
3984.96551047082  32.50736
3985.00488080191  40.08157
3985.04425113301  -0.7119884
3985.0836214641  -3.74965
3985.12299179518  24.89195
3985.16236212628  40.37414
3985.20173245737  -33.75768
3985.24110278846  19.05558
3985.28047311955  81.77819
3985.31984345064  18.60969
3985.35921378173  37.15001
3985.39858411282  34.11343
3985.43795444391  14.1294
3985.477324775  11.04819
3985.51669510609  5.086596
3985.55606543718  42.04191
3985.59543576827  0.6246777
3985.63480609936  37.0881
3985.67417643045  24.07623
3985.71354676154  43.58466
3985.75291709263  2.783692
3985.79228742372  22.95994
3985.83165775481  -1.262605
3985.8710280859  25.05073
3985.91039841699  87.45536
3985.94976874808  -16.29341
3985.98913907917  30.05643
3986.02850941026  22.75641
3986.06787974135  -18.49512
3986.10725007244  3.076714
3986.14662040353  5.57389
3986.18599073462  0.7352775
3986.22536106571  27.54252
3986.2647313968  30.13047
3986.30410172789  -12.99817
3986.34347205898  -1.469055
3986.38284239007  2.565984
3986.42221272116  26.84367
3986.46158305225  35.16042
3986.50095338334  37.79373
3986.54032371443  40.31868
3986.57969404552  31.07716
3986.61906437661  56.72168
3986.6584347077  63.0545
3986.69780503879  17.76972
3986.73717536988  24.01347
3986.77654570097  10.80191
3986.81591603206  21.13895
3986.85528636315  21.74995
3986.89465669424  -4.368473
3986.93402702533  16.60972
3986.97339735642  -19.60728
3987.01276768751  6.87646
3987.0521380186  78.985
3987.09150834969  4.923656
3987.13087868078  21.58288
3987.17024901187  20.88504
3987.20961934296  31.20216
3987.24898967405  69.34529
3987.28836000514  -27.92917
3987.32773033623  28.00118
3987.36710066732  -14.28442
3987.40647099841  -14.23015
3987.4458413295  -5.065914
3987.48521166059  8.62738
3987.52458199168  -15.81702
3987.56395232277  21.21632
3987.60332265386  33.66273
3987.64269298495  -9.479635
3987.68206331604  42.77435
3987.72143364713  -8.082408
3987.76080397822  -12.1869
3987.80017430931  69.90424
3987.8395446404  18.79905
3987.87891497149  27.02341
3987.91828530259  30.34759
3987.95765563368  31.787
3987.99702596477  42.8012
3988.03639629586  -29.90743
3988.07576662695  32.99446
3988.11513695804  27.5562
3988.15450728913  2.400301
3988.19387762022  -7.277306
3988.23324795131  -46.49743
3988.2726182824  -22.76122
3988.31198861349  19.90032
3988.35135894458  -20.00941
3988.39072927567  8.077329
3988.43009960676  28.89167
3988.46946993785  44.67494
3988.50884026894  12.61685
3988.54821060003  9.583205
3988.58758093112  -5.233503
3988.62695126221  -2.151148
3988.6663215933  -20.46941
3988.70569192439  51.84547
3988.74506225548  20.46118
3988.78443258657  65.39371
3988.82380291766  -0.2780581
3988.86317324875  -10.137
3988.90254357984  3.03075
3988.94191391093  1.571375
3988.98128424202  -8.526021
3989.02065457311  -2.347491
3989.0600249042  9.25911
3989.09939523529  -19.71492
3989.13876556638  6.463637
3989.17813589747  29.55213
3989.21750622856  12.43551
3989.25687655965  38.2645
3989.29624689074  37.67977
3989.33561722183  -15.3471
3989.37498755292  -17.86443
3989.41435788401  15.23861
3989.4537282151  -13.62584
3989.49309854619  9.912707
3989.53246887728  25.56907
3989.57183920837  20.5417
3989.61120953946  41.98874
3989.65057987055  25.60178
3989.68995020164  24.04169
3989.72932053273  -10.8678
3989.76869086382  -2.699277
3989.80806119491  2.500674
3989.847431526  -14.75528
3989.88680185709  -0.5081903
3989.92617218818  7.783905
3989.96554251927  12.56645
3990.00491285036  10.97775
3990.04428318145  -1.214709
3990.08365351254  20.07146
3990.12302384363  3.675656
3990.16239417472  -15.84865
3990.20176450581  22.34665
3990.2411348369  -9.979915
3990.28050516799  27.2254
3990.31987549908  -23.26234
3990.35924583017  20.41525
3990.39861616126  29.56089
3990.43798649235  8.280718
3990.47735682344  19.84648
3990.51672715453  23.46139
3990.55609748562  19.34285
3990.59546781671  -7.515671
3990.6348381478  48.05714
3990.67420847889  2.448205
3990.71357880999  46.93478
3990.75294914108  -12.69471
3990.79231947216  6.994508
3990.83168980326  14.66987
3990.87106013435  13.9518
3990.91043046544  18.35659
3990.94980079653  -28.79737
3990.98917112762  13.36359
3991.02854145871  -10.51248
3991.0679117898  43.59118
3991.10728212089  -22.6622
3991.14665245198  56.33552
3991.18602278307  37.16522
3991.22539311416  14.72312
3991.26476344525  2.445516
3991.30413377634  11.23361
3991.34350410743  10.9122
3991.38287443852  -27.80902
3991.42224476961  -3.531528
3991.4616151007  -34.35159
3991.50098543179  -22.84829
3991.54035576288  4.714435
3991.57972609397  -20.749
3991.61909642506  11.0464
3991.65846675615  30.94742
3991.69783708724  17.37497
3991.73720741833  0.63643
3991.77657774942  9.613618
3991.81594808051  17.57106
3991.8553184116  -4.45017
3991.89468874269  0.7877532
3991.93405907378  6.690748
3991.97342940487  8.012646
3992.01279973596  7.529214
3992.05217006705  28.57277
3992.09154039814  54.6551
3992.13091072923  -37.09174
3992.17028106032  -6.668032
3992.20965139141  24.12382
3992.2490217225  18.40579
3992.28839205359  5.014201
3992.32776238468  -39.86018
3992.36713271577  29.19964
3992.40650304686  31.61878
3992.44587337795  7.949453
3992.48524370904  10.1249
3992.52461404013  -32.77241
3992.56398437122  15.93965
3992.60335470231  -21.99262
3992.6427250334  26.27655
3992.68209536449  -15.47222
3992.72146569558  -1.048483
3992.76083602667  -5.174985
3992.80020635776  42.98969
3992.83957668885  113.1761
3992.87894701994  403.4862
3992.91831735103  372.2579
3992.95768768212  98.27807
3992.99705801321  -12.35225
3993.0364283443  15.15806
3993.07579867539  -1.786261
3993.11516900648  8.937374
3993.15453933757  34.14513
3993.19390966866  3.246551
3993.23327999975  24.96547
3993.27265033084  14.46887
3993.31202066193  -19.30872
3993.35139099302  8.998994
3993.39076132411  15.63945
3993.4301316552  -34.51973
3993.46950198629  -10.0988
3993.50887231739  35.24401
3993.54824264847  29.15629
3993.58761297956  12.33932
3993.62698331066  1.687032
3993.66635364175  -7.53356
3993.70572397284  -14.9671
3993.74509430393  -17.04952
3993.78446463502  -10.1722
3993.82383496611  6.135391
3993.8632052972  25.99865
