3913.26050408643  0.
3913.29989387669  0.
3913.33928366695  0.
3913.37867345721  0.
3913.41806324747  0.
3913.45745303773  0.
3913.49684282799  -0.4723508
3913.53623261825  26.6257
3913.57562240851  -36.85398
3913.61501219877  -52.65341
3913.65440198903  -17.67079
3913.69379177929  11.54055
3913.73318156955  -5.607503
3913.77257135981  -23.89574
3913.81196115007  16.13624
3913.85135094033  26.57165
3913.89074073059  2.933962
3913.93013052085  -10.68144
3913.96952031111  -35.61394
3914.00891010137  -48.05563
3914.04829989163  -0.403078
3914.08768968189  -21.73577
3914.12707947215  0.9886405
3914.16646926241  -25.82493
3914.20585905267  22.8012
3914.24524884293  -2.776912
3914.28463863319  -7.564382
3914.32402842345  27.3275
3914.36341821371  -7.324634
3914.40280800397  -0.233111
3914.44219779423  13.39769
3914.48158758449  -20.36646
3914.52097737475  11.50437
3914.56036716501  8.157947
3914.59975695527  -28.19335
3914.63914674553  5.370082
3914.67853653579  13.01877
3914.71792632605  -3.025152
3914.75731611631  6.088956
3914.79670590657  -27.49862
3914.83609569683  16.54064
3914.87548548709  -5.723019
3914.91487527735  -19.82818
3914.95426506761  5.609506
3914.99365485787  25.36049
3915.03304464813  28.49091
3915.07243443839  -25.14483
3915.11182422865  47.31998
3915.15121401891  -25.5572
3915.19060380917  -28.53939
3915.22999359943  21.01289
3915.26938338969  -22.35305
3915.30877317995  13.85006
3915.34816297021  -2.326049
3915.38755276047  10.64145
3915.42694255073  16.23411
3915.46633234099  -27.16276
3915.50572213125  -13.20998
3915.54511192151  -28.41907
3915.58450171177  13.65645
3915.62389150203  25.4407
3915.66328129229  12.31916
3915.70267108255  -52.1742
3915.74206087281  4.407437
3915.78145066307  12.63788
3915.82084045333  -12.03655
3915.86023024359  -30.30515
3915.89962003385  15.94686
3915.93900982411  1.163215
3915.97839961437  1.255779
3916.01778940463  0.8247849
3916.05717919489  1.869712
3916.09656898515  42.95251
3916.13595877541  12.19848
3916.17534856567  -1.851648
3916.21473835593  -29.09649
3916.25412814619  -50.24458
3916.29351793645  -53.01583
3916.33290772671  -4.939785
3916.37229751697  -8.124535
3916.41168730723  -18.80548
3916.45107709749  3.049033
3916.49046688775  -9.300864
3916.52985667801  8.167749
3916.56924646827  19.85209
3916.60863625853  40.90353
3916.64802604879  28.02137
3916.68741583905  -27.76769
3916.72680562931  17.42324
3916.76619541957  -7.345475
3916.80558520983  -6.92418
3916.84497500009  -19.33814
3916.88436479035  -23.62694
3916.92375458061  -55.17712
3916.96314437087  3.790159
3917.00253416113  13.56615
3917.04192395139  -3.374111
3917.08131374165  28.80438
3917.12070353191  1.407256
3917.16009332217  16.6311
3917.19948311243  -30.50721
3917.23887290269  18.56204
3917.27826269295  -20.33774
3917.31765248321  22.04625
3917.35704227347  5.754563
3917.39643206373  8.980443
3917.43582185399  -10.76724
3917.47521164425  -1.30439
3917.51460143451  -5.618079
3917.55399122477  31.11763
3917.59338101503  41.83164
3917.63277080529  0.6336592
3917.67216059555  9.257574
3917.71155038581  -6.394911
3917.75094017607  326.4335
3917.79032996633  39.41739
3917.82971975659  3.310514
3917.86910954685  -39.03445
3917.90849933711  45.09497
3917.94788912737  8.794291
3917.98727891763  -27.92462
3918.02666870789  -6.239647
3918.06605849815  -4.385444
3918.10544828841  2.963045
3918.14483807867  -10.13111
3918.18422786893  -25.26977
3918.22361765919  12.63745
3918.26300744945  6.466397
3918.30239723971  30.26684
3918.34178702997  -50.73801
3918.38117682023  -10.67822
3918.42056661049  -18.02703
3918.45995640075  -14.91592
3918.49934619101  -21.3312
3918.53873598127  -35.0602
3918.57812577152  32.59595
3918.61751556179  27.81182
3918.65690535205  -1.596386
3918.6962951423  -14.25097
3918.73568493257  -31.70124
3918.77507472282  -2.081042
3918.81446451309  -9.724254
3918.85385430335  5.777119
3918.89324409361  -0.4394993
3918.93263388387  46.34413
3918.97202367412  58.18783
3919.01141346439  9.858459
3919.05080325464  17.17279
3919.0901930449  -45.76143
3919.12958283516  -9.251879
3919.16897262542  -27.55733
3919.20836241569  0.03193206
3919.24775220594  -45.24125
3919.28714199621  -5.775134
3919.32653178646  -27.66442
3919.36592157672  8.138881
3919.40531136699  -36.97191
3919.44470115725  17.68464
3919.4840909475  -24.86363
3919.52348073776  12.622
3919.56287052802  0.3445343
3919.60226031828  -20.88504
3919.64165010854  10.18761
3919.6810398988  23.4893
3919.72042968906  -25.34643
3919.75981947932  13.70231
3919.79920926958  6.189708
3919.83859905985  28.67743
3919.8779888501  -44.8437
3919.91737864036  18.02105
3919.95676843062  -10.15345
3919.99615822088  21.30168
3920.03554801114  -17.48457
3920.0749378014  -4.997879
3920.11432759166  5.804028
3920.15371738192  16.42128
3920.19310717218  -4.678999
3920.23249696244  -12.6535
3920.2718867527  31.14041
3920.31127654296  -32.41688
3920.35066633322  15.76952
3920.39005612349  -33.45618
3920.42944591374  -5.925735
3920.468835704  -33.16937
3920.50822549426  20.03452
3920.54761528452  -3.603002
3920.58700507478  -2.154635
3920.62639486504  -10.23915
3920.6657846553  19.9816
3920.70517444556  -18.32094
3920.74456423582  46.53095
3920.78395402608  -17.10617
3920.82334381634  24.96577
3920.8627336066  -10.83481
3920.90212339686  10.51938
3920.94151318712  -19.21097
3920.98090297738  15.31925
3921.02029276764  17.69025
3921.0596825579  -0.2250262
3921.09907234816  4.566863
3921.13846213842  6.701152
3921.17785192868  -38.81037
3921.21724171894  -16.66499
3921.2566315092  -1.62272
3921.29602129946  13.54161
3921.33541108972  48.95079
3921.37480087998  -62.89007
3921.41419067024  -13.94608
3921.4535804605  72.43452
3921.49297025076  3.898145
3921.53236004102  -1.355362
3921.57174983128  -15.82858
3921.61113962154  19.34005
3921.6505294118  8.065951
3921.68991920206  1.56008
3921.72930899232  -12.83869
3921.76869878258  0.5564752
3921.80808857284  -13.06015
3921.8474783631  -1.609256
3921.88686815336  21.15971
3921.92625794362  -18.96841
3921.96564773388  -1.760917
3922.00503752414  10.47489
3922.0444273144  0.8152795
3922.08381710466  -17.7946
3922.12320689492  14.13145
3922.16259668518  11.24561
3922.20198647544  -55.40544
3922.2413762657  -9.381643
3922.28076605596  18.01009
3922.32015584622  9.532945
3922.35954563648  12.47384
3922.39893542674  11.93029
3922.438325217  -29.31114
3922.47771500726  35.95456
3922.51710479752  8.587043
3922.55649458778  -19.20102
3922.59588437804  62.91919
3922.6352741683  -23.02821
3922.67466395856  -38.01019
3922.71405374882  -32.31705
3922.75344353908  4.021209
3922.79283332934  -17.29884
3922.8322231196  -24.78511
3922.87161290986  -9.573161
3922.91100270012  55.30801
3922.95039249038  -54.94643
3922.98978228064  130.9157
3923.0291720709  29.06318
3923.06856186116  -1.731708
3923.10795165142  -11.55357
3923.14734144168  9.4144
3923.18673123194  -24.10989
3923.2261210222  -20.55186
3923.26551081246  -10.24356
3923.30490060272  0.4456689
3923.34429039298  -4.993232
3923.38368018324  -3.274584
3923.4230699735  -7.739354
3923.46245976376  4.84314
3923.50184955402  -32.81246
3923.54123934428  -12.2659
3923.58062913454  26.14907
3923.6200189248  -5.202469
3923.65940871506  40.86221
3923.69879850532  -32.11369
3923.73818829558  -12.50621
3923.77757808584  -25.49587
3923.8169678761  -19.34845
3923.85635766636  1.047867
3923.89574745662  24.68244
3923.93513724688  1.303051
3923.97452703714  -4.516745
3924.0139168274  -1.682077
3924.05330661766  -3.135479
3924.09269640792  35.21731
3924.13208619818  -37.31559
3924.17147598844  1.474864
3924.2108657787  -14.68028
3924.25025556896  -13.57716
3924.28964535922  3.832918
3924.32903514948  3.004339
3924.36842493974  -17.97049
3924.40781473  -19.36599
3924.44720452026  16.82634
3924.48659431052  -29.45642
3924.52598410078  -11.62342
3924.56537389104  3.538132
3924.6047636813  -6.285048
3924.64415347156  -11.09745
3924.68354326182  -5.187665
3924.72293305208  -5.462491
3924.76232284234  4.2486
3924.8017126326  -12.47791
3924.84110242286  6.472312
3924.88049221312  44.11499
3924.91988200338  -2.862482
3924.95927179364  -10.75946
3924.9986615839  45.6007
3925.03805137416  -39.18795
3925.07744116442  3.199529
3925.11683095468  2.793649
3925.15622074494  -1.31351
3925.1956105352  13.8566
3925.23500032546  34.70369
3925.27439011572  -15.57068
3925.31377990598  6.557487
3925.35316969624  -31.78341
3925.3925594865  -25.04493
3925.43194927676  0.1925883
3925.47133906702  -2.578535
3925.51072885728  21.6452
3925.55011864754  10.69635
3925.5895084378  18.83789
3925.62889822806  -12.84508
3925.66828801832  -18.49972
3925.70767780858  -1.385587
3925.74706759884  9.498178
3925.7864573891  -10.02353
3925.82584717936  32.77567
3925.86523696962  -20.28794
3925.90462675988  40.96618
3925.94401655014  -12.22692
3925.9834063404  7.221457
3926.02279613066  55.95362
3926.06218592092  21.27358
3926.10157571118  -39.68994
3926.14096550144  -2.119279
3926.1803552917  9.502114
3926.21974508196  59.15173
3926.25913487222  -11.87178
3926.29852466248  -9.40446
3926.33791445274  9.751569
3926.377304243  7.769588
3926.41669403326  10.80348
3926.45608382352  10.73577
3926.49547361378  20.70964
3926.53486340404  19.52568
3926.5742531943  26.18845
3926.61364298456  -14.40418
3926.65303277482  4.022193
3926.69242256508  -29.82063
3926.73181235534  -2.872951
3926.7712021456  49.87447
3926.81059193586  -27.62793
3926.84998172612  -25.6985
3926.88937151638  -29.67308
3926.92876130664  14.53118
3926.9681510969  -127.9026
3927.00754088716  -13.49189
3927.04693067742  -32.19436
3927.08632046768  -8.429292
3927.12571025794  -1.824296
3927.1651000482  30.85668
3927.20448983846  -13.33927
3927.24387962872  20.16649
3927.28326941898  13.91892
3927.32265920924  13.82351
3927.3620489995  17.37206
3927.40143878976  -25.54087
3927.44082858002  -4.479132
3927.48021837028  46.7364
3927.51960816054  4.864949
3927.5589979508  24.58154
3927.59838774106  14.67206
3927.63777753132  6.65569
3927.67716732158  -8.990147
3927.71655711184  31.13935
3927.7559469021  31.2097
3927.79533669236  9.400732
3927.83472648262  -3.653993
3927.87411627288  -23.94971
3927.91350606314  -0.1161991
3927.9528958534  -11.61262
3927.99228564366  14.08556
3928.03167543392  3.76821
3928.07106522418  27.7536
3928.11045501444  17.76445
3928.1498448047  -14.68004
3928.18923459496  1.241478
3928.22862438522  40.99576
3928.26801417548  -58.29533
3928.30740396574  103.3341
3928.346793756  -18.91515
3928.38618354626  -5.36858
3928.42557333652  -11.95327
3928.46496312678  -23.47891
3928.50435291704  -41.65498
3928.5437427073  -1.757146
3928.58313249756  22.02464
3928.62252228782  -26.61796
3928.66191207808  -4.842269
3928.70130186834  30.40751
3928.7406916586  -10.13534
3928.78008144886  3.710195
3928.81947123912  5.83438
3928.85886102938  25.41867
3928.89825081964  19.3806
3928.9376406099  -4.491765
3928.97703040016  11.79686
3929.01642019042  -18.11298
3929.05580998068  -30.90362
3929.09519977094  34.01644
3929.1345895612  -22.70854
3929.17397935146  -19.81232
3929.21336914172  -1.436088
3929.25275893198  17.93008
3929.29214872224  27.58876
3929.3315385125  23.14386
3929.37092830276  12.32734
3929.41031809302  20.23206
3929.44970788328  -0.4628811
3929.48909767354  17.28142
3929.5284874638  8.365233
3929.56787725406  -21.42811
3929.60726704432  13.72606
3929.64665683458  -22.84311
3929.68604662484  -12.52475
3929.7254364151  -2.676104
3929.76482620536  11.45125
3929.80421599562  -3.213325
3929.84360578588  40.31872
3929.88299557614  6.929446
3929.9223853664  10.26409
3929.96177515666  25.20519
3930.00116494692  -3.424244
3930.04055473718  -40.56042
3930.07994452744  14.76846
3930.1193343177  -4.859923
3930.15872410796  -11.43119
3930.19811389822  -19.55298
3930.23750368848  23.54574
3930.27689347874  -10.46287
3930.316283269  -7.751097
3930.35567305926  -12.28483
3930.39506284952  37.14452
3930.43445263978  23.49729
3930.47384243004  7.990572
3930.5132322203  -14.87767
3930.55262201056  18.86681
3930.59201180082  -5.924263
3930.63140159108  29.01874
3930.67079138134  25.22837
3930.7101811716  4.99279
3930.74957096186  6.808044
3930.78896075212  19.28969
3930.82835054238  1.300236
3930.86774033264  -3.149709
3930.9071301229  -54.14732
3930.94651991316  -7.029578
3930.98590970342  34.16734
3931.02529949368  3.41573
3931.06468928394  21.98061
3931.1040790742  14.06552
3931.14346886446  13.41626
3931.18285865472  10.10678
3931.22224844498  -0.8236957
3931.26163823524  -9.657861
3931.3010280255  41.70096
3931.34041781576  17.22057
3931.37980760602  7.914181
3931.41919739628  24.05589
3931.45858718654  -10.4206
3931.4979769768  -7.482458
3931.53736676706  -5.861162
3931.57675655732  9.445759
3931.61614634758  34.34328
3931.65553613784  5.591392
3931.6949259281  -44.4613
3931.73431571836  27.30899
3931.77370550862  29.32963
3931.81309529888  -1.803325
3931.85248508914  4.95517
3931.8918748794  6.365969
3931.93126466966  7.047032
3931.97065445992  -13.3745
3932.01004425018  5.44748
3932.04943404044  -16.35206
3932.0888238307  16.46588
3932.12821362096  -31.45139
3932.16760341122  60.9399
3932.20699320148  9.817963
3932.24638299174  19.50032
3932.285772782  9.57749
3932.32516257226  -2.783488
3932.36455236252  27.27469
3932.40394215278  10.67632
3932.44333194304  -2.948622
3932.4827217333  19.64836
3932.52211152356  9.55388
3932.56150131382  40.50912
3932.60089110408  -18.46068
3932.64028089434  19.75864
3932.6796706846  -16.55876
3932.71906047486  18.69359
3932.75845026512  -17.10831
3932.79784005538  1.398363
3932.83722984564  -2.768239
3932.8766196359  23.85702
3932.91600942616  43.77291
3932.95539921642  -7.099739
3932.99478900668  7.452693
3933.03417879694  36.70292
3933.0735685872  -49.91459
3933.11295837746  -1.543446
3933.15234816772  -6.990862
3933.19173795798  -37.27242
3933.23112774824  43.73957
3933.2705175385  -8.576945
3933.30990732876  -1.499524
3933.34929711902  12.04922
3933.38868690928  -0.324557
3933.42807669954  17.00826
3933.4674664898  -10.62121
3933.50685628006  -3.652648
3933.54624607032  37.52364
3933.58563586058  -7.927582
3933.62502565084  2.615911
3933.6644154411  -24.02617
3933.70380523136  -2.813691
3933.74319502162  48.91737
3933.78258481188  -4.380601
3933.82197460214  -39.29869
3933.86136439239  20.48427
3933.90075418266  -15.12433
3933.94014397292  35.30067
3933.97953376318  9.662085
3934.01892355344  -4.957029
3934.0583133437  11.97016
3934.09770313396  -23.15602
3934.13709292422  16.36869
3934.17648271448  -18.25705
3934.21587250474  21.46599
3934.255262295  -18.40943
3934.29465208525  -3.81485
3934.33404187551  -5.625779
3934.37343166578  1.543204
3934.41282145603  60.52552
3934.45221124629  56.30182
3934.49160103656  -7.075647
3934.53099082682  -2.881527
3934.57038061708  -6.324233
3934.60977040734  22.53298
3934.6491601976  -11.14935
3934.68854998786  100.9659
3934.72793977811  -37.70528
3934.76732956838  44.66006
3934.80671935863  11.35266
3934.84610914889  17.53728
3934.88549893915  -24.33642
3934.92488872941  -53.52602
3934.96427851967  -25.43531
3935.00366830993  11.07375
3935.04305810019  -0.9486104
3935.08244789046  2.819698
3935.12183768071  -34.58668
3935.16122747098  22.52022
3935.20061726124  -39.06906
3935.24000705149  26.9157
3935.27939684175  10.2529
3935.31878663201  -18.7745
3935.35817642227  -18.41441
3935.39756621253  64.63618
3935.43695600279  -16.46875
3935.47634579305  2.257015
3935.51573558331  -16.64927
3935.55512537357  -19.94789
3935.59451516383  18.26532
3935.63390495409  -11.62582
3935.67329474435  1.139428
3935.71268453461  -31.10425
3935.75207432487  -16.67041
3935.79146411513  -46.79247
3935.83085390539  20.86528
3935.87024369565  -14.82809
3935.90963348591  -21.09076
3935.94902327617  4.691
3935.98841306643  -28.70896
3936.02780285669  47.51346
3936.06719264695  8.856615
3936.10658243721  7.68708
3936.14597222747  -23.4064
3936.18536201773  -0.2647004
3936.22475180799  25.9441
3936.26414159825  27.11065
3936.30353138851  -17.22237
3936.34292117877  72.63836
3936.38231096903  -8.664064
3936.42170075929  -2.992072
3936.46109054955  -17.7057
3936.50048033981  15.55041
3936.53987013007  -3.212834
3936.57925992033  -5.438111
3936.61864971059  -18.45545
3936.65803950085  -0.4151059
3936.69742929111  22.41535
3936.73681908137  -20.26336
3936.77620887163  12.18392
3936.81559866189  -37.10957
3936.85498845215  16.203
3936.89437824241  -31.65034
3936.93376803267  23.38994
3936.97315782293  26.37827
3937.01254761319  0.9774496
3937.05193740345  -16.88289
3937.09132719371  4.815473
3937.13071698397  -49.0587
3937.17010677423  -8.649981
3937.20949656449  -3.913365
3937.24888635475  17.42398
3937.28827614501  -14.89525
3937.32766593527  13.06417
3937.36705572553  -45.95067
3937.40644551579  10.26292
3937.44583530605  -13.77952
3937.48522509631  3.980619
3937.52461488657  -34.19909
3937.56400467683  4.325616
3937.60339446709  -29.43823
3937.64278425735  8.70254
3937.68217404761  -19.5
3937.72156383787  1.681349
3937.76095362813  5.604405
3937.80034341839  -28.9904
3937.83973320865  4.07965
3937.87912299891  -5.604138
3937.91851278917  17.25396
3937.95790257943  -43.9102
3937.99729236969  -48.371
3938.03668215995  28.79443
3938.07607195021  7.695509
3938.11546174047  52.50003
3938.15485153073  -14.37175
3938.19424132099  -9.200174
3938.23363111125  -14.16583
3938.27302090151  4.705161
3938.31241069177  -34.65979
3938.35180048203  30.4207
3938.39119027229  -15.97941
3938.43058006255  17.30612
3938.46996985281  6.9257
3938.50935964307  31.12441
3938.54874943333  -7.384729
3938.58813922359  -7.0584
3938.62752901385  14.11147
3938.66691880411  9.086331
3938.70630859437  -13.36691
3938.74569838463  -65.89702
3938.78508817489  -19.20744
3938.82447796515  -1.479007
3938.86386775541  -22.19178
3938.90325754567  18.14295
3938.94264733593  -45.81981
3938.98203712619  35.55812
3939.02142691645  6.678178
3939.06081670671  14.94217
3939.10020649697  -13.64854
3939.13959628723  37.66894
3939.17898607749  -19.66263
3939.21837586775  0.4666129
3939.25776565801  -3.997313
3939.29715544827  -39.97689
3939.33654523853  -8.941
3939.37593502879  -6.107478
3939.41532481905  24.41874
3939.45471460931  1.677978
3939.49410439957  -24.26708
3939.53349418983  -38.61164
3939.57288398009  -16.37424
3939.61227377035  -4.55033
3939.65166356061  5.298285
3939.69105335087  -32.87178
3939.73044314113  4.655182
3939.76983293139  -7.999266
3939.80922272165  25.11496
3939.84861251191  -17.39024
3939.88800230217  5.851558
3939.92739209243  37.1049
3939.96678188269  -14.64443
3940.00617167295  67.37978
3940.04556146321  2.704727
3940.08495125347  23.09437
3940.12434104373  43.10922
3940.16373083399  -25.07028
3940.20312062425  16.01953
3940.24251041451  12.57774
3940.28190020477  5.251565
3940.32128999503  -7.087765
3940.36067978529  1.07541
3940.40006957555  15.31173
3940.43945936581  9.79218
3940.47884915607  -31.24797
3940.51823894633  29.49248
3940.55762873659  -18.94119
3940.59701852685  -0.5476335
3940.63640831711  -24.74124
3940.67579810737  18.60205
3940.71518789763  -15.88859
3940.75457768789  -10.18649
3940.79396747815  -23.12193
3940.83335726841  12.51944
3940.87274705867  -7.139197
3940.91213684893  -24.7431
3940.95152663919  -3.181682
3940.99091642945  25.3639
3941.03030621971  14.7724
3941.06969600997  19.6415
3941.10908580023  -1.195821
3941.14847559049  -18.6909
3941.18786538075  -19.78202
3941.22725517101  -40.59913
3941.26664496127  33.08325
3941.30603475153  -72.09055
3941.34542454179  34.79254
3941.38481433205  -6.511909
3941.42420412231  -13.0193
3941.46359391257  -37.18344
3941.50298370283  -0.4223987
3941.54237349309  22.8504
3941.58176328335  -22.40473
3941.62115307361  -13.20496
3941.66054286387  -10.04744
3941.69993265413  27.81054
3941.73932244439  60.53294
3941.77871223465  -10.27932
3941.81810202491  -11.12036
3941.85749181517  1.338791
3941.89688160543  37.29467
3941.93627139569  -3.868687
3941.97566118595  30.61224
3942.01505097621  -16.62721
3942.05444076647  25.44888
3942.09383055673  30.52284
3942.13322034699  14.26054
3942.17261013725  -2.997902
3942.21199992751  46.57032
3942.25138971777  -45.57978
3942.29077950803  40.81339
3942.33016929829  -60.86422
3942.36955908855  4.25393
3942.40894887881  -9.399982
3942.44833866907  21.57723
3942.48772845933  28.69395
3942.52711824959  -0.7178198
3942.56650803985  -10.08331
3942.60589783011  -8.361066
3942.64528762037  27.16148
3942.68467741063  -4.917942
3942.72406720089  -11.77765
3942.76345699115  16.25248
3942.80284678141  5.236616
3942.84223657167  -13.11604
3942.88162636193  13.42568
3942.92101615219  -11.22218
3942.96040594245  36.84989
3942.99979573271  -29.14439
3943.03918552297  -16.06797
3943.07857531323  -1.096387
3943.11796510349  8.046659
3943.15735489375  5.195595
3943.19674468401  42.75758
3943.23613447427  -22.86282
3943.27552426453  17.42812
3943.31491405479  24.93051
3943.35430384505  7.871787
3943.39369363531  0.6853529
3943.43308342557  3.662508
3943.47247321583  33.10738
3943.51186300609  -17.88016
3943.55125279635  24.88968
3943.59064258661  -0.9309015
3943.63003237687  24.67756
3943.66942216713  -21.46928
3943.70881195739  6.546179
3943.74820174765  -6.093622
3943.78759153791  -26.32478
3943.82698132817  -0.3648609
3943.86637111843  30.15342
3943.90576090869  -10.34759
3943.94515069895  15.85782
3943.98454048921  -1.382904
3944.02393027947  4.589421
3944.06332006973  10.11155
3944.10270985999  0.5096317
3944.14209965025  -25.48107
3944.18148944051  46.54479
3944.22087923077  13.22744
3944.26026902103  -6.365633
3944.29965881129  13.19572
3944.33904860155  6.416354
3944.37843839181  39.56947
3944.41782818207  -37.14255
3944.45721797233  35.92212
3944.49660776259  -15.67146
3944.53599755285  -47.20538
3944.57538734311  51.76402
3944.61477713337  -23.05945
3944.65416692363  42.42628
3944.69355671389  -72.08674
3944.73294650415  -3.794388
3944.77233629441  21.37298
3944.81172608467  16.0859
3944.85111587493  -63.42176
3944.89050566519  16.95799
3944.92989545545  14.91041
3944.96928524571  -8.545804
3945.00867503597  -29.97904
3945.04806482623  48.1397
3945.08745461649  31.07182
3945.12684440675  32.82648
3945.16623419701  5.837515
3945.20562398727  24.48042
3945.24501377753  1.615687
3945.28440356779  39.25579
3945.32379335805  21.97112
3945.36318314831  -24.83978
3945.40257293857  -23.73936
3945.44196272883  41.61981
3945.48135251909  -12.08561
3945.52074230935  12.13811
3945.56013209961  -21.29256
3945.59952188987  -6.299086
3945.63891168013  10.11223
3945.67830147039  -9.76103
3945.71769126065  -2.547064
3945.75708105091  5.088548
3945.79647084117  -26.00518
3945.83586063143  17.65829
3945.87525042169  5.339817
3945.91464021195  3.211973
3945.95403000221  -9.771525
3945.99341979247  41.93214
3946.03280958273  -18.99667
3946.07219937299  -25.88946
3946.11158916325  38.26562
3946.15097895351  10.5881
3946.19036874377  0.07238264
3946.22975853403  27.12921
3946.26914832429  -3.7623
3946.30853811455  29.07152
3946.34792790481  12.67984
3946.38731769507  -7.612139
3946.42670748533  54.09698
3946.46609727559  -29.69943
3946.50548706585  33.54701
3946.54487685611  -40.26583
3946.58426664637  -8.336447
3946.62365643663  -29.05177
3946.66304622689  18.77463
3946.70243601715  -13.32861
3946.74182580741  13.02493
3946.78121559767  -6.853205
3946.82060538793  -47.67148
3946.85999517819  49.44585
3946.89938496845  26.00793
3946.93877475871  8.425026
3946.97816454897  10.68839
3947.01755433923  23.01821
3947.05694412949  -7.280278
3947.09633391975  -2.114439
3947.13572371001  35.90575
3947.17511350027  21.23714
3947.21450329053  22.48673
3947.25389308079  15.61991
3947.29328287105  1.856455
3947.33267266131  15.19788
3947.37206245157  -17.18427
3947.41145224183  16.16411
3947.45084203209  1.702252
3947.49023182235  8.956677
3947.52962161261  39.69823
3947.56901140287  -23.01543
3947.60840119313  -0.6879486
3947.64779098339  2.751009
3947.68718077365  46.55264
3947.72657056391  -15.00524
3947.76596035417  3.914744
3947.80535014443  47.10202
3947.84473993469  20.71021
3947.88412972495  37.63942
3947.92351951521  -26.37977
3947.96290930547  21.61629
3948.00229909573  13.98206
3948.04168888599  7.398778
3948.08107867625  -8.238415
3948.12046846651  2.927336
3948.15985825677  -24.00786
3948.19924804703  44.72068
3948.23863783729  -42.0103
3948.27802762755  16.31712
3948.31741741781  -4.830453
3948.35680720807  21.55471
3948.39619699833  5.189073
3948.43558678859  29.95144
3948.47497657885  -49.17485
3948.51436636911  48.81289
3948.55375615937  -7.272899
3948.59314594963  51.60066
3948.63253573989  2.408656
3948.67192553015  12.6376
3948.71131532041  -3.336416
3948.75070511067  28.00406
3948.79009490093  23.65631
3948.82948469119  18.50602
3948.86887448145  -18.21733
3948.90826427171  20.55854
3948.94765406197  6.632096
3948.98704385223  -27.34737
3949.02643364249  -5.679164
3949.06582343275  -18.46483
3949.10521322301  30.006
3949.14460301327  45.60307
3949.18399280353  50.09538
3949.22338259378  5.841392
3949.26277238405  -5.132943
3949.30216217431  -3.321321
3949.34155196457  6.600599
3949.38094175483  12.97041
3949.42033154509  -23.99841
3949.45972133535  32.34341
3949.49911112561  -2.981743
3949.53850091587  36.98557
3949.57789070613  16.98946
3949.61728049638  3.046222
3949.65667028665  24.8042
3949.6960600769  32.50372
3949.73544986717  47.15482
3949.77483965742  -71.13656
3949.81422944768  47.38801
3949.85361923795  -44.82097
3949.89300902821  22.11439
3949.93239881847  -1.296137
3949.97178860873  -27.3117
3950.01117839899  49.17965
3950.05056818924  -6.004119
3950.0899579795  1.650691
3950.12934776977  -0.4729537
3950.16873756002  11.72737
3950.20812735028  -43.20564
3950.24751714055  14.85444
3950.2869069308  27.4776
3950.32629672106  7.587466
3950.36568651132  21.27781
3950.40507630158  24.29447
3950.44446609185  -6.77714
3950.4838558821  40.67276
3950.52324567237  31.20476
3950.56263546262  -7.723742
3950.60202525288  -0.6711267
3950.64141504314  -1.501885
3950.6808048334  -12.8943
3950.72019462366  40.35152
3950.75958441392  25.34582
3950.79897420418  23.95735
3950.83836399444  -24.93439
3950.8777537847  54.24051
3950.91714357496  -13.57932
3950.95653336522  2.890885
3950.99592315548  -9.232516
3951.03531294574  18.71598
3951.074702736  -20.8103
3951.11409252626  -37.95302
3951.15348231652  0.06012748
3951.19287210678  14.24489
3951.23226189704  -1.481985
3951.2716516873  31.74157
3951.31104147756  8.970337
3951.35043126782  2.173156
3951.38982105808  9.318634
3951.42921084834  9.880943
3951.4686006386  51.21276
3951.50799042886  -17.54294
3951.54738021912  -1.663541
3951.58677000938  21.21348
3951.62615979964  15.12458
3951.6655495899  17.7077
3951.70493938016  23.3972
3951.74432917042  -14.40247
3951.78371896068  72.00229
3951.82310875094  0.8567428
3951.8624985412  44.6461
3951.90188833146  -10.75796
3951.94127812172  20.4629
3951.98066791198  0.8783972
3952.02005770224  12.58149
3952.0594474925  -16.24854
3952.09883728276  11.8153
3952.13822707302  71.04154
3952.17761686328  14.67555
3952.21700665354  51.65794
3952.2563964438  -18.44944
3952.29578623406  12.72009
3952.33517602432  16.81627
3952.37456581458  16.09087
3952.41395560484  -14.23791
3952.4533453951  -15.1258
3952.49273518536  -3.447378
3952.53212497562  28.7418
3952.57151476588  -3.222264
3952.61090455614  16.98407
3952.6502943464  18.18272
3952.68968413666  13.58606
3952.72907392692  -6.169337
3952.76846371718  40.47554
3952.80785350744  26.67061
3952.8472432977  60.7619
3952.88663308796  -10.37908
3952.92602287822  -1.16498
3952.96541266848  22.87351
3953.00480245874  15.28277
3953.044192249  -11.62585
3953.08358203926  -13.6425
3953.12297182952  33.39561
3953.16236161978  30.28434
3953.20175141004  -9.183343
3953.2411412003  -10.1372
3953.28053099056  24.04066
3953.31992078082  17.65567
3953.35931057108  -33.97266
3953.39870036134  13.60532
3953.4380901516  28.1491
3953.47747994186  2.738103
3953.51686973212  54.39727
3953.55625952238  31.51597
3953.59564931264  32.54146
3953.6350391029  0.5455096
3953.67442889316  47.21933
3953.71381868342  27.0922
3953.75320847368  38.1167
3953.79259826394  5.252772
3953.8319880542  15.21327
3953.87137784446  36.97692
3953.91076763472  11.33156
3953.95015742498  9.449397
3953.98954721524  28.94308
3954.0289370055  8.152522
3954.06832679576  8.63543
3954.10771658602  -16.10772
3954.14710637628  35.852
3954.18649616654  2.356876
3954.2258859568  60.69075
3954.26527574706  -10.11975
3954.30466553732  -11.55417
3954.34405532758  33.72875
3954.38344511784  41.75077
3954.4228349081  37.08331
3954.46222469836  52.40192
3954.50161448862  -11.14691
3954.54100427888  2.9484
3954.58039406914  45.39178
3954.6197838594  -19.49315
3954.65917364966  10.42675
3954.69856343992  23.42008
3954.73795323018  38.84305
3954.77734302044  8.25987
3954.8167328107  -6.564704
3954.85612260096  31.43611
3954.89551239122  25.73694
3954.93490218148  2.156738
3954.97429197174  45.03719
3955.013681762  17.65113
3955.05307155226  20.47728
3955.09246134252  -3.785664
3955.13185113278  2.746623
3955.17124092304  19.65728
3955.2106307133  6.068565
3955.25002050356  2.242477
3955.28941029382  -7.345939
3955.32880008408  25.51363
3955.36818987434  30.42788
3955.4075796646  -0.5629346
3955.44696945486  31.92702
3955.48635924512  -15.17237
3955.52574903538  4.895245
3955.56513882564  -4.533042
3955.6045286159  12.14615
3955.64391840616  56.54423
3955.68330819642  -1.597506
3955.72269798668  33.46889
3955.76208777694  -12.6961
3955.8014775672  14.90783
3955.84086735746  -18.21748
3955.88025714772  10.97564
3955.91964693798  -18.6638
3955.95903672824  0.7095585
3955.9984265185  22.87922
3956.03781630876  31.53919
3956.07720609902  -5.09737
3956.11659588928  50.17819
3956.15598567954  26.42886
3956.1953754698  48.35046
3956.23476526006  6.91853
3956.27415505032  34.77961
3956.31354484058  -9.142778
3956.35293463084  52.03457
3956.3923244211  -22.77214
3956.43171421136  52.76373
3956.47110400162  12.19339
3956.51049379188  4.520484
3956.54988358214  5.871832
3956.5892733724  67.40898
3956.62866316266  26.94013
3956.66805295292  2.996471
3956.70744274318  -17.82902
3956.74683253344  -28.07271
3956.7862223237  32.01788
3956.82561211396  -0.8153142
3956.86500190422  36.87065
3956.90439169448  -19.34425
3956.94378148474  41.46986
3956.983171275  26.08877
3957.02256106526  -0.2063342
3957.06195085552  -12.1156
3957.10134064578  9.278643
3957.14073043604  10.30962
3957.1801202263  -9.33835
3957.21951001656  19.27544
3957.25889980682  27.05521
3957.29828959708  -15.36191
3957.33767938734  -15.64769
3957.3770691776  17.23471
3957.41645896786  -9.152082
3957.45584875812  15.32464
3957.49523854838  8.391961
3957.53462833864  28.62677
3957.5740181289  11.72205
3957.61340791916  78.56679
3957.65279770942  2.268048
3957.69218749968  7.550496
3957.73157728994  2.987731
3957.7709670802  -6.38451
3957.81035687046  33.44129
3957.84974666072  37.6507
3957.88913645098  66.79448
3957.92852624124  -37.3349
3957.9679160315  -25.12111
3958.00730582176  65.82273
3958.04669561202  24.64715
3958.08608540228  13.79397
3958.12547519254  27.60023
3958.1648649828  27.9654
3958.20425477306  2.069424
3958.24364456332  77.6485
3958.28303435358  -14.11133
3958.32242414384  46.36168
3958.3618139341  10.86092
3958.40120372436  43.67152
3958.44059351462  -43.66519
3958.47998330488  56.23597
3958.51937309514  58.6922
3958.5587628854  -25.76502
3958.59815267566  4.485002
3958.63754246592  23.85286
3958.67693225618  0.9055287
3958.71632204644  34.67833
3958.7557118367  6.029917
3958.79510162696  42.48975
3958.83449141722  -5.348579
3958.87388120748  19.4853
3958.91327099774  24.43352
3958.952660788  42.02053
3958.99205057826  6.544649
3959.03144036852  19.24413
3959.07083015878  10.73096
3959.11021994904  27.37754
3959.1496097393  19.73022
3959.18899952956  28.39163
3959.22838931982  52.7472
3959.26777911008  -22.55246
3959.30716890034  47.35758
3959.3465586906  15.81103
3959.38594848086  -6.324937
3959.42533827112  62.47447
3959.46472806138  22.62177
3959.50411785164  -9.894442
3959.5435076419  -9.857114
3959.58289743216  33.79025
3959.62228722242  17.88984
3959.66167701268  13.269
3959.70106680294  -28.03253
3959.7404565932  -5.718751
3959.77984638346  72.24548
3959.81923617372  -21.04814
3959.85862596398  -20.07821
3959.89801575424  16.56356
3959.9374055445  -19.76094
3959.97679533476  47.24359
3960.01618512502  -33.5959
3960.05557491528  1.3804
3960.09496470554  12.70224
3960.1343544958  39.28531
3960.17374428606  -38.96029
3960.21313407632  33.88749
3960.25252386658  -54.8424
3960.29191365684  97.82122
3960.3313034471  43.05745
3960.37069323736  61.50105
3960.41008302762  21.17577
3960.44947281788  2.384515
3960.48886260814  44.06837
3960.5282523984  63.03938
3960.56764218866  0.6589643
3960.60703197892  48.55536
3960.64642176918  11.83457
3960.68581155944  -29.34091
3960.7252013497  27.61226
3960.76459113996  -31.22814
3960.80398093022  44.42239
3960.84337072048  4.41833
3960.88276051074  -46.37753
3960.922150301  32.74541
3960.96154009126  41.97791
3961.00092988152  2.396137
3961.04031967178  34.10233
3961.07970946204  28.16883
3961.1190992523  13.01566
3961.15848904256  10.86572
3961.19787883282  30.79007
3961.23726862308  -0.1899567
3961.27665841334  44.73409
3961.3160482036  -49.31101
3961.35543799386  24.75125
3961.39482778412  -36.35227
3961.43421757438  16.75312
3961.47360736464  30.98896
3961.5129971549  21.79843
3961.55238694516  -21.52052
3961.59177673542  56.86443
3961.63116652568  20.57195
3961.67055631594  38.91379
3961.7099461062  23.04391
3961.74933589646  -2.446005
3961.78872568672  41.09391
3961.82811547698  -21.12494
3961.86750526724  73.9032
3961.9068950575  34.6703
3961.94628484776  -10.88572
3961.98567463802  -3.443058
3962.02506442828  -6.145077
3962.06445421854  48.21684
3962.1038440088  49.8396
3962.14323379906  -8.504085
3962.18262358932  15.43946
3962.22201337958  -9.277965
3962.26140316984  26.28576
3962.3007929601  -14.46852
3962.34018275036  18.65427
3962.37957254062  -16.7424
3962.41896233088  45.67919
3962.45835212114  -8.182648
3962.4977419114  42.58466
3962.53713170166  -13.44347
3962.57652149192  73.23212
3962.61591128218  19.07619
3962.65530107244  39.79081
3962.6946908627  11.08153
3962.73408065296  20.45262
3962.77347044322  29.12125
3962.81286023348  17.43407
3962.85225002374  19.12368
3962.891639814  63.26667
3962.93102960426  39.68877
3962.97041939452  35.19918
3963.00980918478  56.34356
3963.04919897504  17.58894
3963.0885887653  -1.253252
3963.12797855556  1.831617
3963.16736834582  18.27077
3963.20675813608  23.22727
3963.24614792634  30.27675
3963.2855377166  7.101713
3963.32492750686  46.5167
3963.36431729712  30.8059
3963.40370708738  -13.4781
3963.44309687764  2.996372
3963.4824866679  0.8571343
3963.52187645816  34.55851
3963.56126624842  -6.556015
3963.60065603868  16.82678
3963.64004582894  42.45382
3963.6794356192  49.47068
3963.71882540946  -5.768379
3963.75821519972  60.13155
3963.79760498998  9.794521
3963.83699478024  25.38227
3963.8763845705  3.690807
3963.91577436076  -53.02008
3963.95516415102  6.969696
3963.99455394128  21.61429
3964.03394373154  20.61188
3964.0733335218  67.47401
3964.11272331206  -22.79683
3964.15211310232  24.90919
3964.19150289258  57.81451
3964.23089268284  19.15239
3964.2702824731  -13.49622
3964.30967226336  35.93211
3964.34906205362  -39.83205
3964.38845184388  55.26906
3964.42784163414  33.26759
3964.4672314244  30.67101
3964.50662121466  -1.378284
3964.54601100492  4.451923
3964.58540079518  14.2427
3964.62479058544  7.968781
3964.6641803757  33.46675
3964.70357016596  -28.99277
3964.74295995622  24.37388
3964.78234974648  37.92591
3964.82173953674  -6.061953
3964.861129327  32.0391
3964.90051911726  24.86189
3964.93990890752  1.479689
3964.97929869777  26.13067
3965.01868848804  -0.9025331
3965.0580782783  -3.545301
3965.09746806856  -1.308306
3965.13685785882  25.29416
3965.17624764907  31.0001
3965.21563743934  33.27728
3965.2550272296  30.67617
3965.29441701986  5.454382
3965.33380681012  24.64242
3965.37319660037  30.05448
3965.41258639064  2.514121
3965.45197618089  -25.63947
3965.49136597116  13.87703
3965.53075576141  23.07041
3965.57014555167  37.87188
3965.60953534194  -15.77831
3965.6489251322  -11.15677
3965.68831492246  40.8261
3965.72770471271  -33.09716
3965.76709450298  -14.81431
3965.80648429323  -27.3842
3965.84587408349  -0.6774288
3965.88526387376  -10.2865
3965.92465366401  -23.87475
3965.96404345427  -16.54739
3966.00343324453  -14.89182
3966.0428230348  5.518546
3966.08221282505  30.09906
3966.12160261531  -4.756137
3966.16099240557  21.76248
3966.20038219584  26.18283
3966.23977198609  35.90053
3966.27916177635  44.67229
3966.31855156661  -1.063676
3966.35794135687  42.15797
3966.39733114713  12.35002
3966.43672093739  18.10794
3966.47611072765  37.02848
3966.51550051791  -12.72835
3966.55489030817  -50.70388
3966.59428009844  16.01583
3966.63366988869  -2.570004
3966.67305967895  -12.51059
3966.71244946921  -25.96276
3966.75183925947  2.872684
3966.79122904973  32.54221
3966.83061883999  -7.617193
3966.87000863025  17.85963
3966.90939842051  2.367142
3966.94878821077  39.92413
3966.98817800103  39.1152
3967.02756779129  16.48696
3967.06695758155  -16.89235
3967.10634737181  43.9623
3967.14573716207  -12.11441
3967.18512695233  21.94211
3967.22451674259  -2.055821
3967.26390653285  62.71094
3967.30329632311  8.491375
3967.34268611337  63.15691
3967.38207590363  -2.08642
3967.42146569389  -4.762134
3967.46085548415  14.98419
3967.50024527441  -0.3512546
3967.53963506467  23.96362
3967.57902485493  27.99237
3967.61841464519  22.574
3967.65780443545  9.270799
3967.69719422571  46.09611
3967.73658401597  18.14258
3967.77597380623  81.32669
3967.81536359649  4.931476
3967.85475338675  39.74829
3967.89414317701  -4.967561
3967.93353296727  36.50857
3967.97292275753  -24.68591
3968.01231254779  8.49352
3968.05170233805  -31.3996
3968.09109212831  45.64268
3968.13048191857  15.92223
3968.16987170883  25.74099
3968.20926149909  25.94106
3968.24865128935  0.3703947
3968.28804107961  6.613016
3968.32743086987  24.54867
3968.36682066013  -16.19686
3968.40621045039  27.5519
3968.44560024065  61.10852
3968.48499003091  -48.23201
3968.52437982117  -3.49015
3968.56376961143  23.64048
3968.60315940169  14.59158
3968.64254919195  -0.6636342
3968.68193898221  17.91634
3968.72132877247  26.60727
3968.76071856273  -2.354367
3968.80010835299  -12.98538
3968.83949814325  -22.75825
3968.87888793351  -16.53633
3968.91827772377  22.45648
3968.95766751403  7.417321
3968.99705730429  15.29281
3969.03644709455  21.53064
3969.07583688481  29.24567
3969.11522667507  0.5082179
3969.15461646533  -4.24461
3969.19400625559  -23.66634
3969.23339604585  23.73532
3969.27278583611  29.36992
3969.31217562637  2.783359
3969.35156541663  -1.08995
3969.39095520689  14.56308
3969.43034499715  -0.3594203
3969.46973478741  -0.8141205
3969.50912457767  27.67463
3969.54851436793  -16.30213
3969.58790415819  7.358559
3969.62729394845  28.80505
3969.66668373871  48.24352
3969.70607352897  -36.75539
3969.74546331923  5.410096
3969.78485310949  -24.09016
3969.82424289975  13.87317
3969.86363269001  -1.696177
3969.90302248027  -27.01784
3969.94241227053  -11.08939
3969.98180206079  -39.84343
3970.02119185105  -21.82596
3970.06058164131  11.42869
3970.09997143157  0.7892361
3970.13936122183  53.15267
3970.17875101209  -49.26191
3970.21814080235  19.4477
3970.25753059261  28.87074
3970.29692038287  -2.584831
3970.33631017313  -30.25666
3970.37569996339  36.81203
3970.41508975365  -16.71404
3970.45447954391  -2.555484
3970.49386933417  8.245797
3970.53325912443  12.20459
3970.57264891469  5.315147
3970.61203870495  -15.21545
3970.65142849521  -29.50948
3970.69081828547  9.872703
3970.73020807573  -30.11889
3970.76959786599  -45.63377
3970.80898765625  -23.90153
3970.84837744651  -12.70419
3970.88776723677  56.87254
3970.92715702703  13.37735
3970.96654681729  25.31377
3971.00593660755  59.29542
3971.04532639781  -4.415528
3971.08471618807  -6.144676
3971.12410597833  1.708831
3971.16349576859  1.771066
3971.20288555885  26.82017
3971.24227534911  -3.780869
3971.28166513937  6.294369
3971.32105492963  -1.192371
3971.36044471989  7.404469
3971.39983451015  -13.43538
3971.43922430041  2.481078
3971.47861409067  -18.94614
3971.51800388093  12.5416
3971.55739367119  -44.25857
3971.59678346145  4.434316
3971.63617325171  -18.95054
3971.67556304197  -53.01487
3971.71495283223  -2.269086
3971.75434262249  -10.59775
3971.79373241275  18.78597
3971.83312220301  25.72751
3971.87251199327  -5.651398
3971.91190178353  6.804919
3971.95129157379  8.876294
3971.99068136405  13.45996
3972.03007115431  15.62598
3972.06946094457  6.991702
3972.10885073483  3.453019
3972.14824052509  4.287722
3972.18763031535  -1.231341
3972.22702010561  -20.73767
3972.26640989587  -44.54332
3972.30579968613  -12.19981
3972.34518947639  -12.01516
3972.38457926665  -12.77769
3972.42396905691  13.44562
3972.46335884717  -14.69731
3972.50274863743  -38.41581
3972.54213842769  -19.12962
3972.58152821795  13.79207
3972.62091800821  -20.21671
3972.66030779847  -11.94154
3972.69969758873  9.803074
3972.73908737899  -24.97502
3972.77847716925  -1.6264
3972.81786695951  -3.816475
3972.85725674977  10.77359
3972.89664654003  -50.57158
3972.93603633029  11.39896
3972.97542612055  -1.164681
3973.01481591081  -31.15958
3973.05420570107  -33.66001
3973.09359549133  -11.45173
3973.13298528159  17.28635
3973.17237507185  -13.16077
3973.21176486211  34.55756
3973.25115465237  -11.59724
3973.29054444263  22.68882
3973.32993423289  -17.06058
3973.36932402315  16.06843
3973.40871381341  27.70089
3973.44810360367  -6.505741
3973.48749339393  21.70207
3973.52688318419  4.329759
3973.56627297445  -3.037403
3973.60566276471  22.18418
3973.64505255497  14.12557
3973.68444234523  -3.050428
3973.72383213549  3.821013
3973.76322192575  32.53413
3973.80261171601  -23.59124
3973.84200150627  24.06312
3973.88139129653  3.950807
3973.92078108679  -27.26288
3973.96017087705  -47.56468
3973.99956066731  -32.60831
3974.03895045757  -15.8972
3974.07834024783  22.63743
3974.11773003809  -37.56078
3974.15711982835  -1.058036
3974.19650961861  -22.74953
3974.23589940887  18.06184
3974.27528919913  12.92481
3974.31467898939  8.650686
3974.35406877965  5.873293
3974.39345856991  -12.72649
3974.43284836017  12.22958
3974.47223815043  6.314662
3974.51162794069  2.015733
3974.55101773095  33.18443
3974.59040752121  12.76425
3974.62979731147  6.124773
3974.66918710173  31.37968
3974.70857689199  -14.23775
3974.74796668225  19.43766
3974.78735647251  -3.139765
3974.82674626277  29.86687
3974.86613605303  12.43839
3974.90552584329  -3.401593
3974.94491563355  8.162846
3974.98430542381  -17.03308
3975.02369521407  -2.581081
3975.06308500433  1.834889
3975.10247479459  13.23745
3975.14186458485  3.326243
3975.18125437511  38.40408
3975.22064416537  13.1963
3975.26003395563  17.49997
3975.29942374589  -18.92207
3975.33881353615  19.52232
3975.37820332641  -54.8904
3975.41759311667  36.58387
3975.45698290693  -0.3080015
3975.49637269719  10.81694
3975.53576248745  -50.42979
3975.57515227771  8.315393
3975.61454206797  -7.316637
3975.65393185823  -11.26089
3975.69332164849  29.65294
3975.73271143875  -19.78619
3975.77210122901  13.03158
3975.81149101927  5.380891
3975.85088080953  18.77184
3975.89027059979  -25.83595
3975.92966039005  -4.197254
3975.96905018031  14.45949
3976.00843997057  -22.90983
3976.04782976083  -8.222739
3976.08721955109  -8.507334
3976.12660934135  17.09542
3976.16599913161  35.03159
3976.20538892187  16.28505
3976.24477871213  0.259036
3976.28416850239  33.66727
3976.32355829265  10.87364
3976.36294808291  -0.8473428
3976.40233787317  17.5477
3976.44172766343  -16.82683
3976.48111745369  -74.36012
3976.52050724395  19.69078
3976.55989703421  21.7089
3976.59928682447  5.664508
3976.63867661473  26.69714
3976.67806640499  -8.632219
3976.71745619525  26.35006
3976.75684598551  -27.58768
3976.79623577577  16.68777
3976.83562556603  18.9578
3976.87501535629  34.60789
3976.91440514655  22.29246
3976.95379493681  -2.732676
3976.99318472707  -18.84935
3977.03257451733  44.94717
3977.07196430759  9.260494
3977.11135409785  24.50943
3977.15074388811  -6.352985
3977.19013367837  15.04082
3977.22952346863  7.682827
3977.26891325889  10.87254
3977.30830304915  2.664006
3977.34769283941  51.54499
3977.38708262967  0.5197507
3977.42647241993  7.257166
3977.46586221019  8.054594
3977.50525200045  34.41534
3977.54464179071  -27.75483
3977.58403158097  25.9717
3977.62342137123  -27.85605
3977.66281116149  27.78498
3977.70220095175  5.377973
3977.74159074201  -3.814224
3977.78098053227  3.116124
3977.82037032253  -8.623348
3977.85976011279  -22.43723
3977.89914990305  -53.38267
3977.93853969331  -15.65257
3977.97792948357  -28.9741
3978.01731927383  -5.773234
3978.05670906409  35.78278
3978.09609885435  -16.3988
3978.13548864461  -10.70488
3978.17487843487  -21.78765
3978.21426822513  -40.62468
3978.25365801539  -16.97407
3978.29304780565  27.01923
3978.33243759591  15.49956
3978.37182738617  13.8188
3978.41121717643  -6.641113
3978.45060696669  17.95737
3978.48999675695  -8.55377
3978.52938654721  62.94236
3978.56877633747  -6.95233
3978.60816612773  17.18868
3978.64755591799  -5.673808
3978.68694570825  -3.328099
3978.72633549851  52.5937
3978.76572528877  16.90207
3978.80511507903  -22.35437
3978.84450486929  -31.14014
3978.88389465955  58.38155
3978.92328444981  23.05389
3978.96267424007  -39.44861
3979.00206403033  42.59834
3979.04145382059  -14.35864
3979.08084361085  60.2921
3979.12023340111  -13.15709
3979.15962319137  18.04203
3979.19901298163  -7.54914
3979.23840277189  0.138378
3979.27779256215  -28.78329
3979.31718235241  -19.4271
3979.35657214267  6.541117
3979.39596193293  58.41614
3979.43535172319  -15.11047
3979.47474151345  71.05581
3979.51413130371  53.56213
3979.55352109397  18.97534
3979.59291088423  7.096285
3979.63230067449  27.77472
3979.67169046475  51.34267
3979.71108025501  33.05881
3979.75047004527  23.3617
3979.78985983553  12.63304
3979.82924962579  0.8024925
3979.86863941605  51.59293
3979.90802920631  0.3235834
3979.94741899657  0.6744975
3979.98680878683  17.21806
3980.02619857709  -29.43213
3980.06558836735  -8.127123
3980.10497815761  -43.40263
3980.14436794787  -20.36784
3980.18375773813  -27.80609
3980.22314752839  13.50469
3980.26253731865  42.16517
3980.30192710891  -22.49333
3980.34131689917  42.88871
3980.38070668943  -27.22227
3980.42009647969  15.83094
3980.45948626995  10.52566
3980.49887606021  -4.894341
3980.53826585047  1.671429
3980.57765564073  2.542679
3980.61704543098  13.61696
3980.65643522125  43.34751
3980.69582501151  -23.44384
3980.73521480176  -62.04295
3980.77460459203  16.6681
3980.81399438229  -10.64058
3980.85338417255  -16.67733
3980.89277396281  31.34803
3980.93216375306  7.463764
3980.97155354333  -23.4922
3981.01094333359  -0.5817504
3981.05033312385  -25.25354
3981.08972291411  80.60703
3981.12911270436  0.9231939
3981.16850249462  -15.4223
3981.20789228488  7.853562
3981.24728207515  19.74264
3981.2866718654  -5.630062
3981.32606165566  28.3562
3981.36545144593  1.601094
3981.40484123619  -15.70581
3981.44423102645  31.05348
3981.4836208167  9.966807
3981.52301060696  -47.99096
3981.56240039722  0.4062102
3981.60179018748  25.18157
3981.64117997775  9.865858
3981.680569768  -15.47304
3981.71995955826  31.46302
3981.75934934852  0.6851
3981.79873913878  33.81234
3981.83812892904  6.982548
3981.8775187193  15.23163
3981.91690850956  46.7257
3981.95629829983  27.07779
3981.99568809008  -24.84385
3982.03507788034  3.950369
3982.0744676706  11.03504
3982.11385746086  -15.18171
3982.15324725112  -6.383531
3982.19263704138  13.30404
3982.23202683164  36.24324
3982.2714166219  -17.67856
3982.31080641216  -17.20796
3982.35019620242  26.93448
3982.38958599268  8.457778
3982.42897578294  24.25969
3982.4683655732  14.13844
3982.50775536346  0.9393948
3982.54714515372  37.7636
3982.58653494398  -20.0296
3982.62592473424  -31.0426
3982.6653145245  18.97424
3982.70470431476  13.85448
3982.74409410502  6.607347
3982.78348389528  25.67133
3982.82287368554  -10.45484
3982.8622634758  -26.75104
3982.90165326606  -34.85588
3982.94104305632  17.60037
3982.98043284658  -12.06292
3983.01982263684  5.296187
3983.0592124271  27.8514
3983.09860221736  -47.56727
3983.13799200762  30.15774
3983.17738179788  30.66819
3983.21677158814  23.60321
3983.2561613784  -7.213425
3983.29555116866  7.844943
3983.33494095892  -38.47216
3983.37433074918  38.57668
3983.41372053944  49.26414
3983.4531103297  11.63437
3983.49250011996  -9.911947
3983.53188991022  3.560346
3983.57127970048  -3.279628
3983.61066949074  10.85777
3983.650059281  15.91561
3983.68944907126  -18.15842
3983.72883886152  -1.102578
3983.76822865178  -10.44687
3983.80761844204  13.4249
3983.8470082323  25.14836
3983.88639802256  9.741812
3983.92578781282  32.69213
3983.96517760308  -17.81316
3984.00456739334  -7.063959
3984.0439571836  -21.87136
3984.08334697386  -26.55066
3984.12273676412  -20.63848
3984.16212655438  -9.20046
3984.20151634464  13.09686
3984.2409061349  -18.78615
3984.28029592516  8.84019
3984.31968571542  31.59895
3984.35907550568  -1.72879
3984.39846529594  27.52275
3984.4378550862  -0.1884707
3984.47724487646  -4.166129
3984.51663466672  -12.24906
3984.55602445698  -0.5052966
3984.59541424724  -29.04051
3984.6348040375  27.08592
3984.67419382776  13.58708
3984.71358361802  -29.6988
3984.75297340828  26.34022
3984.79236319854  33.92828
3984.8317529888  40.56207
3984.87114277906  -0.3074546
3984.91053256932  -32.53176
3984.94992235958  14.2733
3984.98931214984  7.100219
3985.0287019401  8.159195
3985.06809173036  -37.47376
3985.10748152062  12.91682
3985.14687131088  15.95668
3985.18626110114  -28.34684
3985.2256508914  33.7793
3985.26504068166  -41.01146
3985.30443047192  -42.46903
3985.34382026218  48.16405
3985.38321005244  28.2241
3985.4225998427  5.399704
3985.46198963296  4.781887
3985.50137942322  31.15123
3985.54076921348  0.1075938
3985.58015900374  9.298177
3985.619548794  -34.22074
3985.65893858426  11.09412
3985.69832837452  -25.49015
3985.73771816478  -11.35127
3985.77710795504  -3.739823
3985.8164977453  4.927379
3985.85588753556  -10.79178
3985.89527732582  -17.57287
3985.93466711608  18.29854
3985.97405690634  -36.16891
3986.0134466966  -4.253643
3986.05283648686  6.306397
3986.09222627712  41.47297
3986.13161606738  -0.9881849
3986.17100585764  -7.296639
3986.2103956479  -18.79655
3986.24978543816  21.168
3986.28917522842  13.38417
3986.32856501868  61.36069
3986.36795480894  -64.43259
3986.4073445992  24.88697
3986.44673438946  -11.8362
3986.48612417972  11.91037
3986.52551396998  -5.069089
3986.56490376024  -1.257814
3986.6042935505  -0.9697863
3986.64368334076  7.561608
3986.68307313102  6.819852
3986.72246292128  -18.7914
3986.76185271154  36.20295
3986.8012425018  -2.829194
3986.84063229206  -21.80733
3986.88002208232  7.456163
3986.91941187258  14.73471
3986.95880166284  -8.338162
3986.9981914531  -2.935852
3987.03758124336  -16.93644
3987.07697103362  -9.531289
3987.11636082388  -17.37085
3987.15575061414  -3.502292
3987.1951404044  -4.544934
3987.23453019466  -19.43895
3987.27391998492  -25.88448
3987.31330977518  6.844229
3987.35269956544  63.89678
3987.3920893557  5.134875
3987.43147914596  30.71104
3987.47086893622  -5.107882
3987.51025872648  -18.55562
3987.54964851674  -23.86445
3987.589038307  12.95662
3987.62842809726  -37.34336
3987.66781788752  -6.902529
3987.70720767778  -29.15167
3987.74659746804  17.86008
3987.7859872583  -22.58553
3987.82537704856  -18.02802
3987.86476683882  35.70465
3987.90415662908  -3.562726
3987.94354641934  25.90036
3987.9829362096  -22.53832
3988.02232599986  20.96857
3988.06171579012  17.76792
3988.10110558038  48.84277
3988.14049537064  -24.70645
3988.1798851609  40.4268
3988.21927495116  -40.48795
3988.25866474142  29.7128
3988.29805453168  -38.49067
3988.33744432194  -19.97268
3988.3768341122  26.06509
3988.41622390246  -5.28452
3988.45561369272  31.19527
3988.49500348298  -4.702073
3988.53439327324  0.623518
3988.5737830635  -9.809645
3988.61317285376  3.419535
3988.65256264402  -22.34632
3988.69195243428  -21.14028
3988.73134222454  -0.8890437
3988.7707320148  -23.00878
3988.81012180506  13.49063
3988.84951159532  13.63427
3988.88890138558  -21.31311
3988.92829117584  21.78241
3988.9676809661  -6.921854
3989.00707075636  11.78588
3989.04646054662  16.48889
3989.08585033688  10.60374
3989.12524012714  6.483634
3989.1646299174  22.24336
3989.20401970766  11.67088
3989.24340949792  37.81407
3989.28279928818  -17.49357
3989.32218907844  -14.30482
3989.3615788687  36.22969
3989.40096865896  -32.02893
3989.44035844922  -40.64573
3989.47974823948  24.13705
3989.51913802974  0.6271784
3989.55852782  0.768176
3989.59791761026  8.511768
3989.63730740052  -12.83443
3989.67669719078  -14.45549
3989.71608698104  14.64818
3989.7554767713  -11.5983
3989.79486656156  -17.68663
3989.83425635182  16.75643
3989.87364614208  49.06347
3989.91303593234  -36.4607
3989.9524257226  -26.10468
3989.99181551286  -8.163739
3990.03120530312  12.60337
3990.07059509338  -24.60241
3990.10998488364  -24.97441
3990.1493746739  -35.93539
3990.18876446416  28.71513
3990.22815425442  -68.09177
3990.26754404468  30.54111
3990.30693383494  -6.459495
3990.3463236252  -1.425139
3990.38571341546  -5.240246
3990.42510320572  -11.81864
3990.46449299598  -43.76204
3990.50388278624  -5.872363
3990.5432725765  -5.355363
3990.58266236676  0.6813607
3990.62205215702  7.879201
3990.66144194728  -36.69528
3990.70083173754  0.2530141
3990.7402215278  1.507609
3990.77961131806  -24.5733
3990.81900110832  -12.81388
3990.85839089858  65.19601
3990.89778068884  -3.21535
3990.9371704791  2.367956
3990.97656026936  7.087722
3991.01595005962  44.96648
3991.05533984988  -16.50566
3991.09472964014  -8.069298
3991.1341194304  0.05202401
3991.17350922066  -34.20338
3991.21289901092  24.2495
3991.25228880118  31.24985
3991.29167859144  -32.27633
3991.3310683817  -49.3796
3991.37045817196  -20.12551
3991.40984796222  9.243988
3991.44923775248  13.56233
3991.48862754274  42.16494
3991.528017333  23.56884
3991.56740712326  -31.231
3991.60679691352  -9.769535
3991.64618670378  -20.66493
3991.68557649404  -30.8531
3991.7249662843  -6.391903
3991.76435607456  -32.43477
3991.80374586482  23.0739
3991.84313565508  -14.14401
3991.88252544534  28.44361
3991.9219152356  14.57639
3991.96130502586  -2.961629
3992.00069481612  25.95563
3992.04008460638  9.251115
3992.07947439664  -0.8268794
3992.1188641869  44.47651
3992.15825397716  46.14242
3992.19764376742  15.36753
3992.23703355768  -11.08839
3992.27642334794  -35.99744
3992.3158131382  -18.79425
3992.35520292846  27.68303
3992.39459271872  9.551768
3992.43398250898  38.84704
3992.47337229924  -2.3668
3992.5127620895  15.98718
3992.55215187976  9.669387
3992.59154167002  16.38968
3992.63093146028  -14.86917
3992.67032125054  -22.55027
3992.7097110408  -19.47822
3992.74910083106  5.700796
3992.78849062132  -17.31507
3992.82788041158  -18.69565
3992.86727020184  -19.77501
3992.9066599921  43.30925
3992.94604978236  -6.007613
3992.98543957262  10.67053
3993.02482936288  -30.43742
3993.06421915314  3.145532
3993.1036089434  -37.16674
3993.14299873366  -10.72645
3993.18238852392  -31.85609
3993.22177831418  -2.475059
3993.26116810444  7.247008
3993.3005578947  -23.48927
3993.33994768496  -1.652053
3993.37933747522  4.52303
3993.41872726548  -10.47193
3993.45811705574  -15.79433
3993.497506846  13.20579
3993.53689663626  -2.937098
3993.57628642652  -31.28017
3993.61567621678  -35.71401
3993.65506600704  -24.62591
3993.6944557973  -9.98589
3993.73384558756  1.177837
3993.77323537782  5.805599
3993.81262516808  3.483532
3993.85201495834  -4.886285
3993.8914047486  -18.41835
