  139.61    -2.7    
  143.04    -2.58   
  255.98    -2.54   
  155.63    -2.44   
  76.32     -2.38   
  119.03    -2.31   
  242.68    -2.3    
  21.57     -2.26   
  220.31    -2.24   
  37.55     -2.15   
  159.51    -2.13   
  -22.66    -2.13   
  191.67    -2.06   
  178.3     -2.04   
  177.07    -2.04   
  304.32    -2.03   
  76.13     -2.02   
  257.37    -2.01   
  76.82     -2.01   
  219.3     -2.0    
  8.47      -1.99   
  292.09    -1.97   
  182.07    -1.96   
  48.53     -1.95   
  75.25     -1.92   
  248.74    -1.91   
  45.61     -1.91   
  143.72    -1.86   
  155.45    -1.85   
  119.38    -1.84   
  -12.21    -1.82   
  116.82    -1.79   
  97.11     -1.77   
  51.71     -1.74   
  160.67    -1.73   
  173.61    -1.73   
  55.09     -1.72   
  87.23     -1.71   
  16.13     -1.71   
  13.54     -1.69   
  10.24     -1.66   
  149.3     -1.66   
  46.49     -1.66   
  -38.13    -1.64   
  23.47     -1.64   
  31.76     -1.64   
  96.14     -1.6    
  88.86     -1.59   
  4.82      -1.59   
  83.44     -1.58   
  76.4      -1.58   
  69.05     -1.56   
  168.08    -1.54   
  175.59    -1.52   
  -0.79     -1.52   
  43.02     -1.49   
  -67.74    -1.49   
  10.56     -1.47   
  -5.59     -1.46   
  -109.28   -1.46   
  31.31     -1.46   
  196.85    -1.46   
  126.92    -1.46   
  40.06     -1.44   
  -41.01    -1.43   
  83.32     -1.42   
  16.29     -1.42   
  13.8      -1.41   
  24.89     -1.37   
  -71.08    -1.37   
  41.04     -1.37   
  87.54     -1.37   
  45.35     -1.36   
  141.51    -1.36   
  49.24     -1.36   
  60.66     -1.34   
  -40.33    -1.34   
  55.78     -1.33   
  31.41     -1.33   
  158.62    -1.33   
  -2.08     -1.32   
  0.59      -1.32   
  125.08    -1.31   
  39.8      -1.3    
  -18.42    -1.3    
  24.63     -1.29   
  74.58     -1.29   
  89.11     -1.29   
  113.63    -1.29   
  21.96     -1.29   
  -119.31   -1.28   
  210.93    -1.28   
  42.11     -1.27   
  141.82    -1.27   
  -4.05     -1.27   
  -9.38     -1.26   
  90.99     -1.25   
  157.66    -1.25   
  31.7      -1.25   
  85.08     -1.24   
  22.39     -1.24   
  32.65     -1.24   
  64.61     -1.23   
  48.21     -1.23   
  74.24     -1.22   
  277.59    -1.22   
  109.84    -1.21   
  102.13    -1.2    
  109.95    -1.2    
  -21.43    -1.19   
  158.79    -1.19   
  29.46     -1.18   
  20.33     -1.18   
  42.32     -1.18   
  78.48     -1.18   
  73.07     -1.17   
  54.03     -1.17   
  5.37      -1.17   
  -20.38    -1.17   
  26.74     -1.16   
  101.92    -1.15   
  251.52    -1.15   
  58.14     -1.14   
  50.45     -1.14   
  44.81     -1.13   
  -81.49    -1.13   
  -28.09    -1.13   
  -77.43    -1.13   
  58.12     -1.13   
  90.73     -1.13   
  34.91     -1.13   
  33.88     -1.13   
  -11.93    -1.12   
  31.46     -1.12   
  76.7      -1.12   
  57.24     -1.12   
  187.1     -1.12   
  40.82     -1.12   
  37.05     -1.11   
  -18.06    -1.11   
  134.36    -1.11   
  1.14      -1.11   
  -20.55    -1.1    
  43.44     -1.1    
  15.61     -1.1    
  44.38     -1.1    
  138.77    -1.09   
  -28.47    -1.09   
  55.26     -1.09   
  60.77     -1.09   
  80.23     -1.08   
  88.35     -1.08   
  20.01     -1.08   
  13.98     -1.07   
  48.76     -1.07   
  92.6      -1.07   
  9.27      -1.07   
  32.12     -1.07   
  -12.49    -1.07   
  65.76     -1.06   
  26.15     -1.06   
  19.94     -1.06   
  56.54     -1.06   
  6.71      -1.06   
  9.89      -1.06   
  103.48    -1.06   
  15.59     -1.05   
  56.84     -1.04   
  -40.89    -1.04   
  99.41     -1.04   
  60.13     -1.03   
  40.17     -1.03   
  53.42     -1.03   
  17.59     -1.03   
  145.1     -1.03   
  44.34     -1.02   
  -36.22    -1.02   
  -33.65    -1.02   
  73.92     -1.02   
  -72.96    -1.02   
  53.12     -1.01   
  21.2      -1.01   
  13.53     -1.01   
  15.87     -1.01   
  30.11     -1.01   
  -26.79    -1.01   
  11.13     -1.01   
  -13.58    -1.0    
  -3.41     -1.0    
  -8.35     -1.0    
  -32.49    -0.99   
  62.8      -0.99   
  107.98    -0.99   
  59.55     -0.99   
  -0.1      -0.99   
  -18.2     -0.99   
  109.4     -0.98   
  12.74     -0.98   
  35.45     -0.98   
  76.78     -0.98   
  80.13     -0.98   
  74.28     -0.98   
  -37.62    -0.98   
  98.63     -0.97   
  -32.73    -0.97   
  84.42     -0.97   
  74.02     -0.97   
  3.2       -0.97   
  -11.39    -0.97   
  25.46     -0.97   
  0.62      -0.97   
  -14.08    -0.97   
  68.03     -0.97   
  61.08     -0.96   
  13.54     -0.96   
  -37.65    -0.96   
  26.04     -0.96   
  18.64     -0.96   
  0.26      -0.96   
  46.07     -0.95   
  104.5     -0.95   
  22.19     -0.95   
  -16.84    -0.95   
  52.3      -0.95   
  7.21      -0.95   
  39.03     -0.95   
  5.55      -0.95   
  40.63     -0.94   
  5.56      -0.94   
  8.65      -0.94   
  6.22      -0.93   
  18.45     -0.93   
  20.35     -0.93   
  64.35     -0.93   
  52.8      -0.93   
  -31.39    -0.93   
  -9.07     -0.93   
  202.66    -0.93   
  0.84      -0.92   
  38.66     -0.92   
  22.68     -0.92   
  -13.36    -0.92   
  -35.71    -0.92   
  91.69     -0.92   
  -74.27    -0.92   
  16.55     -0.92   
  129.06    -0.92   
  -8.67     -0.92   
  26.18     -0.92   
  -26.86    -0.92   
  73.81     -0.92   
  118.33    -0.91   
  9.47      -0.91   
  -9.65     -0.91   
  133.83    -0.91   
  -2.73     -0.9    
  120.35    -0.9    
  53.64     -0.9    
  -17.08    -0.9    
  3.28      -0.9    
  -41.33    -0.9    
  -18.27    -0.9    
  -10.67    -0.9    
  94.99     -0.9    
  109.09    -0.89   
  34.5      -0.89   
  -25.57    -0.89   
  26.42     -0.89   
  78.07     -0.89   
  59.52     -0.88   
  47.83     -0.88   
  -4.4      -0.88   
  16.05     -0.88   
  40.8      -0.88   
  11.13     -0.88   
  30.83     -0.88   
  8.01      -0.88   
  1.62      -0.88   
  50.67     -0.88   
  -44.35    -0.88   
  18.56     -0.88   
  107.25    -0.88   
  106.76    -0.88   
  16.77     -0.88   
  13.57     -0.88   
  -90.53    -0.87   
  -40.87    -0.87   
  52.64     -0.87   
  11.32     -0.87   
  49.06     -0.87   
  -4.16     -0.87   
  72.78     -0.87   
  64.13     -0.87   
  24.78     -0.87   
  46.94     -0.87   
  109.98    -0.87   
  -78.47    -0.86   
  -4.83     -0.86   
  -22.71    -0.86   
  28.9      -0.86   
  -11.14    -0.85   
  75.13     -0.85   
  10.67     -0.85   
  85.11     -0.85   
  115.39    -0.85   
  25.48     -0.85   
  69.21     -0.84   
  5.71      -0.84   
  22.13     -0.84   
  -9.17     -0.84   
  -60.92    -0.84   
  42.8      -0.84   
  54.35     -0.83   
  -24.07    -0.83   
  -40.47    -0.83   
  -41.97    -0.83   
  89.81     -0.83   
  15.36     -0.83   
  4.2       -0.83   
  -15.41    -0.82   
  35.54     -0.82   
  -29.05    -0.82   
  37.17     -0.82   
  4.81      -0.82   
  29.61     -0.82   
  55.0      -0.82   
  -0.84     -0.82   
  77.94     -0.82   
  136.78    -0.82   
  112.82    -0.81   
  -7.41     -0.81   
  59.43     -0.81   
  79.06     -0.81   
  26.7      -0.81   
  84.39     -0.81   
  141.0     -0.81   
  109.78    -0.81   
  28.93     -0.81   
  56.1      -0.81   
  -4.79     -0.8    
  33.41     -0.8    
  27.62     -0.8    
  129.06    -0.8    
  -26.16    -0.8    
  14.89     -0.8    
  66.7      -0.8    
  53.88     -0.8    
  90.77     -0.8    
  15.27     -0.79   
  12.11     -0.79   
  6.82      -0.79   
  110.43    -0.79   
  63.71     -0.79   
  85.19     -0.79   
  106.27    -0.79   
  16.84     -0.79   
  19.57     -0.79   
  60.0      -0.79   
  17.98     -0.78   
  -74.41    -0.78   
  30.25     -0.78   
  27.7      -0.78   
  -59.29    -0.78   
  15.25     -0.78   
  2.88      -0.78   
  20.85     -0.78   
  83.0      -0.78   
  -2.22     -0.77   
  10.47     -0.77   
  87.49     -0.77   
  90.26     -0.77   
  182.91    -0.77   
  91.34     -0.77   
  48.73     -0.77   
  57.54     -0.76   
  56.15     -0.76   
  7.96      -0.76   
  3.64      -0.76   
  50.35     -0.76   
  90.36     -0.76   
  112.9     -0.76   
  -32.52    -0.76   
  104.75    -0.76   
  -16.57    -0.75   
  29.81     -0.75   
  52.12     -0.75   
  72.15     -0.75   
  50.12     -0.75   
  -15.7     -0.75   
  50.33     -0.75   
  30.13     -0.75   
  15.74     -0.75   
  26.71     -0.75   
  12.4      -0.75   
  29.77     -0.75   
  -0.74     -0.74   
  4.58      -0.74   
  63.9      -0.74   
  30.6      -0.74   
  26.02     -0.74   
  34.78     -0.74   
  107.83    -0.74   
  50.19     -0.74   
  -2.63     -0.73   
  65.7      -0.73   
  42.46     -0.73   
  120.05    -0.73   
  53.3      -0.73   
  -77.87    -0.73   
  -36.87    -0.73   
  -81.32    -0.73   
  -68.88    -0.73   
  53.31     -0.73   
  -98.64    -0.73   
  41.13     -0.73   
  1.42      -0.73   
  76.81     -0.73   
  6.62      -0.72   
  147.24    -0.72   
  53.04     -0.72   
  -23.36    -0.72   
  88.93     -0.72   
  23.63     -0.72   
  72.61     -0.72   
  78.62     -0.72   
  -52.42    -0.71   
  3.33      -0.71   
  88.76     -0.71   
  154.56    -0.7    
  18.39     -0.7    
  43.89     -0.7    
  -2.49     -0.7    
  45.85     -0.7    
  139.28    -0.7    
  29.42     -0.7    
  23.94     -0.69   
  69.8      -0.69   
  61.16     -0.69   
  -53.84    -0.69   
  23.1      -0.69   
  -14.18    -0.69   
  20.11     -0.69   
  2.61      -0.69   
  -39.55    -0.69   
  109.47    -0.69   
  69.41     -0.69   
  -23.53    -0.69   
  32.92     -0.69   
  17.71     -0.68   
  56.92     -0.68   
  141.75    -0.68   
  10.56     -0.68   
  48.57     -0.68   
  23.17     -0.68   
  2.25      -0.68   
  -5.28     -0.68   
  16.75     -0.67   
  6.87      -0.67   
  -4.96     -0.67   
  23.56     -0.67   
  12.7      -0.67   
  -8.11     -0.67   
  54.19     -0.67   
  14.47     -0.67   
  54.19     -0.67   
  49.24     -0.66   
  13.08     -0.66   
  77.48     -0.66   
  -45.36    -0.66   
  -56.84    -0.66   
  7.05      -0.66   
  43.33     -0.66   
  36.3      -0.65   
  -55.06    -0.65   
  7.16      -0.65   
  40.24     -0.65   
  -2.12     -0.65   
  55.66     -0.65   
  -78.48    -0.65   
  83.92     -0.65   
  44.55     -0.65   
  67.63     -0.65   
  35.76     -0.65   
  1.22      -0.64   
  175.79    -0.64   
  57.05     -0.64   
  16.69     -0.64   
  48.55     -0.64   
  25.64     -0.64   
  28.75     -0.64   
  22.55     -0.64   
  102.12    -0.64   
  53.34     -0.64   
  -59.62    -0.64   
  75.97     -0.64   
  13.08     -0.63   
  34.87     -0.63   
  -21.85    -0.63   
  -22.33    -0.63   
  62.54     -0.63   
  -62.38    -0.63   
  55.29     -0.63   
  41.53     -0.63   
  42.04     -0.63   
  69.64     -0.62   
  40.91     -0.62   
  3.3       -0.62   
  -81.14    -0.62   
  21.73     -0.62   
  49.8      -0.62   
  -5.12     -0.61   
  28.87     -0.61   
  73.15     -0.61   
  -0.55     -0.61   
  -64.87    -0.61   
  18.58     -0.61   
  -17.55    -0.61   
  51.08     -0.61   
  54.71     -0.61   
  86.04     -0.61   
  -15.28    -0.61   
  18.95     -0.61   
  6.01      -0.61   
  -42.18    -0.61   
  29.19     -0.6    
  53.3      -0.6    
  -64.51    -0.6    
  -5.79     -0.6    
  42.22     -0.6    
  -4.6      -0.6    
  39.22     -0.6    
  -13.15    -0.6    
  5.26      -0.6    
  -21.9     -0.6    
  -26.72    -0.6    
  39.34     -0.6    
  14.84     -0.59   
  -68.0     -0.59   
  -7.87     -0.59   
  -31.94    -0.59   
  26.45     -0.59   
  -34.29    -0.59   
  22.83     -0.59   
  -57.38    -0.59   
  -5.19     -0.59   
  -16.47    -0.59   
  -56.34    -0.59   
  100.75    -0.59   
  49.98     -0.58   
  78.48     -0.58   
  -10.35    -0.58   
  13.14     -0.58   
  118.4     -0.58   
  60.79     -0.58   
  35.76     -0.58   
  14.1      -0.58   
  43.57     -0.58   
  8.43      -0.58   
  -8.48     -0.58   
  36.4      -0.57   
  87.02     -0.57   
  56.93     -0.57   
  34.03     -0.57   
  52.3      -0.57   
  -31.87    -0.57   
  41.54     -0.57   
  92.66     -0.57   
  109.43    -0.57   
  79.73     -0.57   
  43.3      -0.57   
  47.89     -0.57   
  44.43     -0.56   
  -1.91     -0.56   
  -16.7     -0.56   
  34.9      -0.56   
  47.13     -0.56   
  31.88     -0.56   
  51.52     -0.56   
  112.2     -0.56   
  92.69     -0.56   
  -16.88    -0.56   
  38.24     -0.56   
  -32.41    -0.55   
  27.99     -0.55   
  -36.16    -0.55   
  0.57      -0.55   
  26.9      -0.55   
  111.63    -0.55   
  56.12     -0.55   
  38.55     -0.55   
  17.4      -0.54   
  18.49     -0.54   
  81.56     -0.54   
  87.06     -0.54   
  32.08     -0.54   
  -17.79    -0.54   
  1.04      -0.54   
  39.33     -0.54   
  46.63     -0.54   
  77.58     -0.54   
  0.68      -0.54   
  70.61     -0.54   
  27.54     -0.54   
  22.75     -0.54   
  -27.96    -0.54   
  164.22    -0.54   
  39.82     -0.54   
  -16.95    -0.54   
  19.67     -0.54   
  78.17     -0.54   
  80.89     -0.54   
  42.98     -0.53   
  -5.55     -0.53   
  -19.77    -0.53   
  21.54     -0.53   
  21.98     -0.53   
  19.22     -0.53   
  19.39     -0.53   
  -41.81    -0.52   
  1.57      -0.52   
  -5.91     -0.52   
  3.59      -0.52   
  16.37     -0.52   
  -29.94    -0.52   
  -14.13    -0.51   
  -23.65    -0.51   
  3.07      -0.51   
  49.65     -0.5    
  47.74     -0.5    
  1.72      -0.5    
  1.89      -0.5    
  -62.12    -0.5    
  46.11     -0.5    
  -11.51    -0.5    
  92.77     -0.5    
  -8.13     -0.5    
  19.8      -0.5    
  28.41     -0.49   
  36.33     -0.49   
  48.65     -0.49   
  37.13     -0.49   
  22.78     -0.49   
  -7.81     -0.49   
  -12.53    -0.49   
  75.75     -0.49   
  31.97     -0.49   
  17.46     -0.49   
  1.49      -0.49   
  23.53     -0.49   
  -39.26    -0.48   
  30.22     -0.48   
  28.99     -0.48   
  3.41      -0.48   
  5.19      -0.48   
  5.57      -0.48   
  -11.97    -0.48   
  46.83     -0.48   
  60.73     -0.48   
  19.53     -0.48   
  -32.32    -0.48   
  -3.6      -0.48   
  20.49     -0.47   
  -14.23    -0.47   
  34.07     -0.47   
  -73.43    -0.47   
  49.37     -0.47   
  21.2      -0.47   
  27.98     -0.47   
  12.92     -0.47   
  112.73    -0.47   
  53.16     -0.46   
  0.84      -0.46   
  23.82     -0.46   
  16.5      -0.46   
  -26.67    -0.46   
  -43.61    -0.46   
  -8.34     -0.46   
  40.65     -0.46   
  -18.49    -0.46   
  18.79     -0.46   
  48.67     -0.46   
  1.87      -0.46   
  57.4      -0.46   
  -33.83    -0.46   
  -19.0     -0.46   
  32.69     -0.46   
  63.33     -0.46   
  -21.19    -0.45   
  75.19     -0.45   
  10.08     -0.45   
  -22.25    -0.45   
  -20.9     -0.45   
  38.78     -0.45   
  -23.41    -0.45   
  -26.62    -0.45   
  65.93     -0.45   
  -18.15    -0.45   
  150.11    -0.45   
  25.73     -0.44   
  6.13      -0.44   
  -47.55    -0.44   
  2.53      -0.44   
  32.8      -0.44   
  -48.84    -0.44   
  -43.68    -0.44   
  69.79     -0.44   
  36.54     -0.44   
  -16.38    -0.44   
  48.49     -0.44   
  -22.63    -0.44   
  14.88     -0.43   
  8.82      -0.43   
  24.66     -0.43   
  7.93      -0.43   
  16.66     -0.43   
  -17.31    -0.43   
  22.18     -0.43   
  -7.93     -0.43   
  15.44     -0.43   
  59.53     -0.43   
  33.35     -0.42   
  -5.24     -0.42   
  -3.42     -0.42   
  160.51    -0.42   
  24.22     -0.42   
  31.79     -0.41   
  -6.88     -0.41   
  0.86      -0.41   
  -14.17    -0.41   
  1.35      -0.41   
  60.78     -0.41   
  21.69     -0.41   
  17.72     -0.41   
  -21.24    -0.4    
  18.89     -0.4    
  33.3      -0.4    
  12.87     -0.4    
  6.24      -0.4    
  -17.74    -0.4    
  45.58     -0.4    
  160.42    -0.39   
  -80.1     -0.39   
  -1.15     -0.39   
  -22.11    -0.39   
  -10.62    -0.39   
  18.54     -0.39   
  -7.41     -0.39   
  181.31    -0.39   
  -18.15    -0.39   
  -35.28    -0.39   
  -20.41    -0.39   
  36.82     -0.39   
  56.67     -0.39   
  16.54     -0.39   
  14.25     -0.39   
  80.96     -0.39   
  52.71     -0.39   
  -23.34    -0.39   
  64.58     -0.39   
  71.25     -0.39   
  -2.88     -0.38   
  5.22      -0.38   
  7.49      -0.38   
  -42.61    -0.38   
  16.8      -0.38   
  36.86     -0.38   
  54.77     -0.38   
  -21.72    -0.38   
  52.95     -0.38   
  17.36     -0.37   
  3.29      -0.37   
  16.1      -0.37   
  -1.33     -0.37   
  -26.4     -0.37   
  22.66     -0.37   
  -11.87    -0.37   
  3.24      -0.37   
  -2.29     -0.37   
  21.92     -0.37   
  30.28     -0.37   
  39.27     -0.37   
  13.75     -0.37   
  86.09     -0.37   
  -10.7     -0.36   
  4.86      -0.36   
  17.17     -0.36   
  -30.82    -0.36   
  25.32     -0.36   
  11.59     -0.36   
  20.73     -0.36   
  22.75     -0.36   
  19.85     -0.36   
  -17.18    -0.36   
  -44.05    -0.36   
  22.9      -0.36   
  35.82     -0.36   
  24.86     -0.36   
  -9.56     -0.36   
  -14.61    -0.36   
  0.8       -0.35   
  38.65     -0.35   
  29.65     -0.35   
  -62.45    -0.35   
  9.71      -0.35   
  -12.19    -0.35   
  67.65     -0.35   
  20.71     -0.35   
  12.74     -0.35   
  5.54      -0.35   
  0.8       -0.35   
  53.13     -0.35   
  51.56     -0.35   
  29.06     -0.35   
  39.83     -0.35   
  -17.74    -0.35   
  12.11     -0.34   
  65.22     -0.34   
  29.84     -0.34   
  36.45     -0.34   
  45.79     -0.34   
  8.43      -0.34   
  20.94     -0.34   
  -21.65    -0.34   
  -23.46    -0.34   
  61.71     -0.34   
  54.86     -0.34   
  -8.17     -0.34   
  21.66     -0.34   
  -5.91     -0.34   
  64.32     -0.34   
  22.29     -0.33   
  18.41     -0.33   
  4.34      -0.33   
  -34.2     -0.33   
  32.56     -0.33   
  16.93     -0.33   
  19.86     -0.33   
  16.57     -0.33   
  54.21     -0.33   
  -9.56     -0.33   
  13.47     -0.33   
  29.67     -0.33   
  14.42     -0.33   
  -6.73     -0.32   
  66.95     -0.32   
  5.52      -0.32   
  23.47     -0.32   
  -8.3      -0.32   
  6.39      -0.32   
  28.14     -0.32   
  11.23     -0.32   
  0.3       -0.32   
  42.01     -0.32   
  -27.1     -0.32   
  -17.11    -0.31   
  16.13     -0.31   
  50.37     -0.31   
  -7.1      -0.31   
  12.53     -0.31   
  -36.82    -0.31   
  22.55     -0.31   
  17.21     -0.31   
  5.05      -0.31   
  17.01     -0.31   
  22.81     -0.31   
  77.21     -0.31   
  -49.81    -0.3    
  -10.05    -0.3    
  -4.13     -0.3    
  4.12      -0.3    
  8.09      -0.3    
  48.29     -0.3    
  -5.76     -0.3    
  -34.5     -0.3    
  -32.36    -0.3    
  3.23      -0.3    
  49.0      -0.3    
  33.5      -0.3    
  -0.2      -0.3    
  11.39     -0.3    
  -54.21    -0.3    
  -16.08    -0.29   
  13.22     -0.29   
  49.58     -0.29   
  12.37     -0.29   
  72.22     -0.29   
  1.4       -0.29   
  66.29     -0.29   
  25.07     -0.29   
  15.33     -0.29   
  -29.84    -0.29   
  68.98     -0.29   
  103.15    -0.28   
  14.74     -0.28   
  -16.73    -0.28   
  5.22      -0.28   
  29.56     -0.28   
  22.25     -0.28   
  -55.81    -0.28   
  43.55     -0.28   
  69.32     -0.28   
  2.67      -0.28   
  12.65     -0.28   
  -8.81     -0.28   
  18.13     -0.28   
  56.57     -0.28   
  65.8      -0.28   
  -6.11     -0.28   
  12.17     -0.28   
  -8.87     -0.28   
  20.39     -0.27   
  11.66     -0.27   
  -16.2     -0.27   
  29.84     -0.27   
  22.26     -0.27   
  -20.74    -0.27   
  18.81     -0.27   
  36.5      -0.27   
  43.22     -0.27   
  -7.85     -0.26   
  26.67     -0.26   
  -33.19    -0.26   
  -14.47    -0.26   
  -18.31    -0.26   
  -24.68    -0.26   
  21.03     -0.26   
  22.2      -0.26   
  9.08      -0.26   
  8.48      -0.26   
  -14.42    -0.26   
  18.56     -0.26   
  -30.03    -0.25   
  34.33     -0.25   
  11.47     -0.25   
  13.71     -0.25   
  -28.3     -0.25   
  52.03     -0.25   
  -44.27    -0.25   
  -27.25    -0.25   
  -9.3      -0.25   
  13.89     -0.25   
  5.1       -0.25   
  25.23     -0.25   
  50.91     -0.25   
  18.44     -0.24   
  3.96      -0.24   
  7.75      -0.24   
  21.91     -0.24   
  15.76     -0.24   
  51.74     -0.24   
  31.92     -0.24   
  31.05     -0.24   
  45.69     -0.24   
  -35.45    -0.24   
  17.16     -0.24   
  19.91     -0.24   
  76.2      -0.24   
  25.46     -0.24   
  133.08    -0.24   
  9.75      -0.24   
  21.64     -0.24   
  60.11     -0.23   
  24.94     -0.23   
  49.93     -0.23   
  9.35      -0.23   
  21.78     -0.23   
  -50.49    -0.23   
  3.64      -0.23   
  0.74      -0.23   
  -55.28    -0.23   
  -38.39    -0.23   
  -28.81    -0.23   
  1.66      -0.23   
  45.86     -0.23   
  -10.89    -0.23   
  34.14     -0.23   
  -17.75    -0.22   
  2.08      -0.22   
  18.54     -0.22   
  36.2      -0.22   
  38.78     -0.22   
  24.05     -0.22   
  45.1      -0.22   
  38.63     -0.22   
  16.56     -0.22   
  43.48     -0.22   
  25.36     -0.22   
  2.48      -0.22   
  4.84      -0.21   
  22.11     -0.21   
  14.42     -0.21   
  89.12     -0.21   
  -6.93     -0.21   
  17.01     -0.21   
  -46.17    -0.21   
  34.5      -0.21   
  28.47     -0.21   
  -2.53     -0.21   
  2.48      -0.21   
  13.11     -0.21   
  27.07     -0.21   
  54.37     -0.21   
  5.47      -0.21   
  -34.46    -0.21   
  65.44     -0.21   
  10.82     -0.21   
  -23.47    -0.21   
  65.14     -0.21   
  28.12     -0.2    
  11.37     -0.2    
  39.37     -0.2    
  23.66     -0.2    
  19.85     -0.2    
  46.61     -0.2    
  39.29     -0.2    
  12.73     -0.2    
  -6.84     -0.2    
  20.01     -0.2    
  24.57     -0.2    
  40.47     -0.2    
  13.05     -0.19   
  0.13      -0.19   
  -27.75    -0.19   
  28.76     -0.19   
  21.0      -0.19   
  -2.2      -0.19   
  62.5      -0.19   
  15.94     -0.19   
  41.19     -0.19   
  8.94      -0.19   
  22.73     -0.19   
  2.83      -0.19   
  3.01      -0.19   
  24.61     -0.19   
  26.12     -0.19   
  -32.61    -0.18   
  27.13     -0.18   
  -13.58    -0.18   
  42.8      -0.18   
  12.24     -0.18   
  5.48      -0.18   
  -12.95    -0.18   
  -1.64     -0.18   
  -6.56     -0.18   
  -42.82    -0.18   
  -10.37    -0.18   
  -5.41     -0.18   
  4.38      -0.18   
  -40.45    -0.18   
  25.37     -0.18   
  24.79     -0.18   
  -153.46   -0.18   
  32.2      -0.18   
  31.47     -0.17   
  1.06      -0.17   
  1.06      -0.17   
  32.15     -0.17   
  18.6      -0.17   
  -18.3     -0.17   
  44.56     -0.17   
  5.42      -0.17   
  38.56     -0.17   
  -10.16    -0.17   
  -11.43    -0.16   
  -35.43    -0.16   
  4.93      -0.16   
  -22.91    -0.16   
  5.6       -0.16   
  -42.15    -0.16   
  8.69      -0.16   
  39.2      -0.16   
  33.51     -0.16   
  4.0       -0.16   
  36.08     -0.16   
  76.25     -0.16   
  18.01     -0.16   
  31.85     -0.16   
  36.34     -0.16   
  6.14      -0.15   
  9.59      -0.15   
  33.43     -0.15   
  -53.78    -0.15   
  41.98     -0.15   
  -0.65     -0.15   
  10.39     -0.15   
  26.85     -0.15   
  22.06     -0.15   
  -5.5      -0.15   
  -8.54     -0.15   
  -60.54    -0.15   
  61.33     -0.15   
  -7.86     -0.15   
  -19.33    -0.15   
  9.45      -0.15   
  47.24     -0.15   
  31.48     -0.15   
  -22.88    -0.15   
  59.9      -0.15   
  17.33     -0.14   
  31.83     -0.14   
  21.41     -0.14   
  37.45     -0.14   
  25.14     -0.14   
  -22.99    -0.14   
  -51.08    -0.14   
  2.73      -0.14   
  15.11     -0.14   
  16.5      -0.14   
  -10.04    -0.14   
  77.46     -0.14   
  19.96     -0.14   
  33.7      -0.14   
  24.95     -0.13   
  8.09      -0.13   
  35.87     -0.13   
  -1.45     -0.13   
  5.49      -0.13   
  -25.81    -0.13   
  0.96      -0.13   
  23.65     -0.13   
  -8.92     -0.13   
  55.76     -0.13   
  20.27     -0.13   
  35.16     -0.13   
  -8.34     -0.13   
  -0.6      -0.13   
  28.09     -0.13   
  70.06     -0.13   
  8.71      -0.13   
  18.48     -0.13   
  11.64     -0.13   
  60.48     -0.13   
  12.6      -0.12   
  6.79      -0.12   
  9.35      -0.12   
  12.36     -0.12   
  15.68     -0.12   
  13.21     -0.12   
  43.51     -0.12   
  9.22      -0.12   
  8.57      -0.12   
  18.48     -0.12   
  20.59     -0.12   
  17.81     -0.12   
  13.54     -0.12   
  2.99      -0.12   
  15.41     -0.12   
  21.51     -0.12   
  -53.31    -0.12   
  6.26      -0.11   
  32.76     -0.11   
  -21.52    -0.11   
  39.51     -0.11   
  21.83     -0.11   
  8.01      -0.11   
  55.99     -0.11   
  41.56     -0.11   
  26.73     -0.11   
  30.02     -0.11   
  2.39      -0.11   
  4.86      -0.11   
  -24.09    -0.11   
  -39.36    -0.11   
  -21.46    -0.1    
  13.65     -0.1    
  -1.08     -0.1    
  0.07      -0.1    
  15.06     -0.1    
  -18.43    -0.1    
  57.35     -0.1    
  -5.45     -0.1    
  -13.12    -0.1    
  8.47      -0.1    
  -2.12     -0.1    
  -13.72    -0.1    
  -26.66    -0.1    
  47.5      -0.1    
  39.5      -0.1    
  37.39     -0.1    
  34.56     -0.1    
  11.8      -0.1    
  -1.97     -0.1    
  -4.68     -0.09   
  7.07      -0.09   
  -8.26     -0.09   
  -30.51    -0.09   
  -37.29    -0.09   
  1.5       -0.09   
  8.82      -0.09   
  -20.03    -0.09   
  -17.5     -0.09   
  -2.36     -0.09   
  3.39      -0.09   
  45.14     -0.09   
  -57.99    -0.09   
  40.06     -0.09   
  19.23     -0.09   
  70.83     -0.09   
  -15.97    -0.09   
  -12.13    -0.09   
  38.03     -0.09   
  21.45     -0.08   
  16.16     -0.08   
  -15.08    -0.08   
  52.13     -0.08   
  14.38     -0.08   
  36.42     -0.08   
  9.77      -0.08   
  37.63     -0.08   
  10.96     -0.08   
  -1.22     -0.08   
  -13.03    -0.08   
  11.41     -0.08   
  9.16      -0.08   
  -6.14     -0.08   
  -9.44     -0.08   
  2.7       -0.08   
  19.89     -0.08   
  10.43     -0.08   
  41.1      -0.08   
  10.34     -0.08   
  40.29     -0.08   
  44.06     -0.07   
  34.85     -0.07   
  36.49     -0.07   
  8.28      -0.07   
  -7.36     -0.07   
  29.73     -0.07   
  -39.66    -0.07   
  50.81     -0.07   
  23.25     -0.07   
  37.64     -0.07   
  31.16     -0.07   
  -12.72    -0.07   
  -2.17     -0.06   
  -29.91    -0.06   
  11.87     -0.06   
  24.47     -0.06   
  39.21     -0.06   
  21.27     -0.06   
  9.59      -0.06   
  23.15     -0.06   
  -17.52    -0.06   
  26.0      -0.06   
  -26.53    -0.06   
  4.24      -0.06   
  1.98      -0.06   
  66.3      -0.06   
  -14.6     -0.06   
  18.66     -0.06   
  55.85     -0.06   
  13.56     -0.06   
  15.54     -0.06   
  -27.52    -0.06   
  18.66     -0.06   
  5.84      -0.06   
  -4.98     -0.06   
  11.75     -0.06   
  7.06      -0.06   
  -41.3     -0.06   
  -58.35    -0.06   
  16.46     -0.06   
  2.45      -0.06   
  14.55     -0.05   
  42.19     -0.05   
  22.07     -0.05   
  9.71      -0.05   
  17.77     -0.05   
  31.83     -0.05   
  -3.93     -0.05   
  8.48      -0.05   
  -26.8     -0.05   
  21.97     -0.05   
  -12.88    -0.05   
  22.0      -0.05   
  78.87     -0.05   
  1.38      -0.04   
  -22.96    -0.04   
  -3.42     -0.04   
  9.42      -0.04   
  36.28     -0.04   
  -21.57    -0.04   
  104.49    -0.04   
  22.63     -0.04   
  29.12     -0.04   
  14.87     -0.04   
  -25.95    -0.04   
  -7.15     -0.04   
  29.93     -0.04   
  21.12     -0.04   
  -14.08    -0.04   
  47.04     -0.04   
  -5.03     -0.03   
  44.21     -0.03   
  -22.21    -0.03   
  1.25      -0.03   
  12.83     -0.03   
  8.82      -0.03   
  -12.5     -0.03   
  12.46     -0.03   
  46.81     -0.03   
  -35.78    -0.03   
  31.33     -0.03   
  28.01     -0.03   
  -36.9     -0.03   
  22.5      -0.03   
  7.8       -0.03   
  24.86     -0.03   
  10.65     -0.03   
  23.38     -0.03   
  191.41    -0.03   
  35.53     -0.03   
  19.9      -0.03   
  10.8      -0.02   
  20.35     -0.02   
  84.99     -0.02   
  8.45      -0.02   
  40.93     -0.02   
  24.02     -0.02   
  8.55      -0.02   
  -23.36    -0.02   
  17.62     -0.02   
  -3.18     -0.02   
  2.83      -0.02   
  76.66     -0.02   
  -9.06     -0.02   
  -11.75    -0.02   
  -12.47    -0.02   
  30.87     -0.02   
  41.39     -0.02   
  -11.39    -0.02   
  15.8      -0.01   
  53.47     -0.01   
  26.16     -0.01   
  28.34     -0.01   
  -7.92     -0.01   
  6.01      -0.01   
  -15.89    -0.01   
  11.07     -0.01   
  -21.96    -0.01   
  -13.88    -0.01   
  56.94     -0.01   
  -10.97    -0.01   
  24.24     -0.01   
  41.61     -0.01   
  -11.8     -0.01   
  -27.85    -0.01   
  14.67     -0.01   
  19.61     0.0     
  17.24     0.0     
  15.04     0.0     
  7.68      0.0     
  8.91      0.0     
  4.7       0.01    
  -13.21    0.01    
  14.21     0.01    
  42.33     0.01    
  -5.67     0.01    
  -23.57    0.01    
  19.55     0.01    
  7.93      0.01    
  42.98     0.01    
  20.75     0.01    
  -10.92    0.01    
  3.74      0.02    
  -2.58     0.02    
  -6.35     0.02    
  19.26     0.02    
  -8.2      0.02    
  -19.33    0.02    
  44.41     0.02    
  14.27     0.02    
  55.22     0.02    
  59.81     0.02    
  7.74      0.03    
  -6.5      0.03    
  3.55      0.03    
  19.57     0.03    
  9.65      0.03    
  18.41     0.03    
  19.23     0.03    
  -7.54     0.03    
  -16.38    0.03    
  45.65     0.03    
  12.76     0.03    
  33.35     0.03    
  -4.38     0.03    
  -48.31    0.03    
  -6.56     0.04    
  -33.4     0.04    
  -20.6     0.04    
  13.38     0.04    
  40.37     0.04    
  3.16      0.04    
  -29.75    0.04    
  -2.82     0.04    
  -11.5     0.04    
  32.34     0.04    
  -8.6      0.04    
  -11.56    0.04    
  -8.93     0.04    
  37.74     0.04    
  -4.45     0.05    
  -14.77    0.05    
  11.91     0.05    
  10.6      0.05    
  -11.49    0.05    
  -40.74    0.05    
  50.22     0.05    
  -25.38    0.05    
  57.79     0.05    
  13.41     0.05    
  -5.52     0.05    
  10.19     0.05    
  -7.33     0.05    
  15.1      0.06    
  29.92     0.06    
  -13.16    0.06    
  -1.34     0.06    
  -26.59    0.06    
  10.32     0.06    
  13.75     0.06    
  2.42      0.06    
  -30.17    0.06    
  -22.49    0.06    
  0.66      0.06    
  -0.14     0.07    
  23.12     0.07    
  5.93      0.07    
  13.24     0.07    
  35.2      0.07    
  2.45      0.07    
  -17.27    0.07    
  -26.28    0.07    
  -0.47     0.08    
  13.42     0.08    
  6.85      0.08    
  4.36      0.08    
  18.2      0.08    
  43.67     0.08    
  -2.32     0.08    
  15.54     0.08    
  40.36     0.08    
  -15.86    0.08    
  11.52     0.08    
  52.21     0.08    
  17.29     0.09    
  10.3      0.09    
  -12.48    0.09    
  17.58     0.09    
  2.73      0.09    
  17.18     0.09    
  -8.68     0.09    
  26.45     0.09    
  -11.85    0.09    
  -6.02     0.09    
  -13.84    0.09    
  6.37      0.1     
  2.59      0.1     
  -0.09     0.1     
  31.27     0.1     
  -0.35     0.1     
  48.56     0.1     
  47.75     0.1     
  13.64     0.1     
  50.44     0.1     
  19.18     0.11    
  13.1      0.11    
  17.81     0.11    
  7.88      0.11    
  -0.72     0.11    
  18.55     0.11    
  -6.39     0.11    
  12.03     0.11    
  5.09      0.11    
  6.76      0.11    
  123.42    0.11    
  -17.71    0.12    
  17.02     0.12    
  -7.35     0.12    
  -57.57    0.12    
  -18.11    0.12    
  24.6      0.12    
  20.79     0.13    
  17.04     0.14    
  15.29     0.14    
  22.46     0.14    
  43.77     0.14    
  -22.57    0.14    
  14.16     0.14    
  16.5      0.14    
  29.59     0.14    
  1.49      0.15    
  4.57      0.15    
  -4.88     0.15    
  18.25     0.15    
  -31.49    0.16    
  -7.88     0.16    
  16.98     0.16    
  -6.91     0.16    
  42.52     0.16    
  22.71     0.16    
  15.6      0.17    
  39.53     0.17    
  -28.57    0.17    
  9.68      0.17    
  25.81     0.17    
  28.25     0.17    
  0.15      0.18    
  26.9      0.18    
  22.89     0.18    
  30.33     0.18    
  -16.58    0.18    
  -1.58     0.19    
  -4.65     0.19    
  15.69     0.19    
  18.33     0.2     
  -1.71     0.2     
  2.15      0.2     
  -7.95     0.2     
  19.44     0.2     
  -15.11    0.21    
  26.55     0.21    
  4.67      0.21    
  18.56     0.21    
  19.78     0.21    
  -36.32    0.21    
  -40.93    0.22    
  4.38      0.22    
  -7.41     0.22    
  14.1      0.23    
  1.62      0.23    
  8.77      0.23    
  -1.3      0.25    
  -3.61     0.25    
  23.03     0.25    
  11.07     0.28    
  -10.95    0.28    
  -0.17     0.29    
  -24.51    0.3     
  11.78     0.31    
  41.12     0.32    
  0.51      0.4     
  48.16     0.42    
  26.63     0.58    
