# oid ra            dec              verr   vgsr                ew                   b                  l                  u         g         r         i         z         err_u       err_g        err_r        err_i        err_z        dered_u   dered_g   dered_r   dered_i   dered_z  
  502 161.409625    -0.284933333333  6.915  -39.07550109863283  -0.16914999961853028 49.197798156680896 249.9498981384752  19.315735 17.77808  17.12255  16.872768 16.745457 0.029025188 0.0054588094 0.005046223  0.005142658  0.010577384  19.099388 17.618895 17.007093 16.785223 16.683386
  823 161.513958333 -2.94558055556   11.227 -13.844602563476542 -0.21227000236511231 47.36260701593873  252.8496587977893  19.146563 18.117273 17.655909 17.429544 17.376696 0.029750502 0.006822847  0.005973174  0.006241633  0.015476545  18.939323 17.964788 17.545315 17.345684 17.317238
  184 161.60475     0.0807138888889  2.739  20.320794140624997  -0.12739000082015992 49.59355870168442  249.76082843692035 18.712357 16.722878 15.895878 15.557134 15.359882 0.020544086 0.003960982  0.0037757494 0.0038315987 0.00584757   18.505909 16.570974 15.785706 15.473594 15.300652
  525 161.60475     0.0807138888889  2.733  19.823502319335944  -0.1273300004005432  49.59355870168442  249.76082843692035 18.712357 16.722878 15.895878 15.557134 15.359882 0.020544086 0.003960982  0.0037757494 0.0038315987 0.00584757   18.505909 16.570974 15.785706 15.473594 15.300652
  155 161.678375    -0.161633333333  4.12   51.80559487304686   -0.1411999988555908  49.475418895422834 250.10605335925084 19.419626 17.914698 17.289549 17.021515 16.881529 0.025263978 0.0057705236 0.0052911146 0.0055320496 0.011157484  19.215605 17.76458  17.180672 16.938955 16.822994
  813 161.733958333 -2.95031666667   14.184 -40.032299816894536 -0.2418400001525879  47.5090270013095   253.09186816014113 19.58165  18.364075 17.848692 17.643599 17.548916 0.04065864  0.0073550236 0.0065740044 0.0069088265 0.018747965  19.380804 18.216293 17.741508 17.562325 17.491291
  886 161.759083333 -2.25420277778   8.959  -77.37310050048826  -0.18958999633789064 48.03382747870926  252.41035939619985 20.162176 18.781628 18.235535 18.054255 18.027784 0.054675423 0.009025702  0.008032456  0.008868321  0.031373408  19.93697  18.615923 18.11535  17.963123 17.963171
  917 161.775583333 -1.93441388889   17.591 74.88620500488281   -0.2759099960327148  48.27698889504893  252.09803773623332 20.337643 18.914501 18.32757  18.072187 17.923386 0.05098061  0.008965954  0.007838321  0.008584506  0.023746442  20.10432  18.742825 18.203056 17.977772 17.856443
  482 161.785083333 -0.208472222222  4.71   -59.248102832031236 -0.14710000038146973 49.51795282916346  250.27311403319104 19.52826  17.893349 17.247938 16.95936  16.783348 0.030209849 0.0058008987 0.0051120287 0.005343468  0.010772933  19.335258 17.75134  17.144941 16.881262 16.727976
  798 161.812375    -3.25108055556   8.984  109.51589707031252  -0.18984000205993654 47.341471918808224 253.47876613257912 20.01923  18.785736 18.209398 17.986425 17.849482 0.040022098 0.009159811  0.0075224633 0.008368161  0.019231504  19.845861 18.658173 18.116879 17.916271 17.799742
  570 161.8235      0.418813888889   3.299  79.2034959716797    -0.13299000024795532 49.98657482694903  249.62497164645816 18.062841 16.246904 15.479513 15.149781 14.953528 0.012328747 0.0039872914 0.0037912773 0.003980284  0.0052044583 17.843739 16.085691 15.362588 15.06112  14.890667
  932 161.871125    -2.03961111111   29.815 93.1531068359375    -0.3981500053405762  48.26660859775711  252.31090881006116 19.210722 18.050243 17.529612 17.298325 17.138088 0.023440067 0.0059991363 0.0056077735 0.005887588  0.013590011  18.958752 17.864845 17.395145 17.196363 17.065796
  595 161.893666667 0.953111111111   3.785  13.74919353027343   -0.1378500008583069  50.40976285823556  249.10377357472385 19.080214 17.499569 16.825552 16.557255 16.419186 0.025025355 0.004992151  0.0042887647 0.004550047  0.009308286  18.847385 17.328257 16.701302 16.46304  16.352386
  98  161.904458333 -0.929308333333  5.882  -73.16909691162108  -0.15881999969482422 49.08944135057366  251.1807263850993  18.840176 17.57829  17.085567 16.850887 16.744925 0.018917117 0.005121057  0.0048005604 0.0049774307 0.009483148  18.637798 17.429384 16.977568 16.768993 16.686861
  587 161.922416667 0.491725         5.415  -8.965356337890611  -0.15414999961853026 50.10825377974998  249.65190479646878 18.519358 17.11774  16.588785 16.354958 16.232601 0.017395929 0.0044098655 0.0040945373 0.0044170325 0.0076909447 18.296913 16.954067 16.470076 16.264944 16.168781
  952 162.085833333 -1.53571111111   6.156  -48.626298828125    -0.16156000137329102 48.77950061012141  252.02080951592433 20.147257 18.30731  17.557964 17.217323 17.032238 0.04240925  0.0067593446 0.0054650106 0.005836149  0.011318942  19.93741  18.152908 17.445978 17.132408 16.972033
  604 162.087       0.442894444444   11.716 118.84700952148438  -0.21715999603271485 50.19121454589844  249.88645167651495 19.45122  18.037512 17.443346 17.189741 17.055872 0.029611299 0.0061635575 0.0053004525 0.005925539  0.012702749  19.232868 17.876852 17.326822 17.101385 16.993225
  955 162.130875    -1.55735         8.188  64.94650732421877   -0.18187999725341797 48.794946023312235 252.0929066074106  20.080568 18.752378 18.272175 18.056938 17.961107 0.03960616  0.008318563  0.007486683  0.008886686  0.020912752  19.875717 18.60165  18.162855 17.974043 17.902334
  424 162.195375    -0.541061111111  14.06  101.8972146484376   -0.240600004196167   49.570405916548225 251.08306531579558 19.062834 18.008785 17.50639  17.30564  17.225492 0.021453455 0.0059794895 0.0054929513 0.0057678707 0.012545446  18.849867 17.852087 17.392738 17.219461 17.16439 
  74  162.203791667 -0.329908333333  11.173 -181.24939884643555 -0.2117300033569336  49.726892780155524 250.86373186147512 19.136824 17.961826 17.439323 17.185455 17.06845  0.026523404 0.005938234  0.005396509  0.0057827276 0.013757295  18.928062 17.808222 17.327917 17.100979 17.008556
  420 162.203791667 -0.329908333333  12.941 -183.14894140625006 -0.22940999984741212 49.726892780155524 250.86373186147512 19.136824 17.961826 17.439323 17.185455 17.06845  0.026523404 0.005938234  0.005396509  0.0057827276 0.013757295  18.928062 17.808222 17.327917 17.100979 17.008556
  771 162.214041667 -3.34384722222   20.627 -98.7288989440918   -0.3062700080871582  47.543583684190565 254.00896021216    19.76274  18.519024 17.973831 17.736235 17.627981 0.033567667 0.0077416557 0.006630551  0.007239786  0.016456816  19.537132 18.353025 17.853436 17.644941 17.563253
  661 162.329208333 0.180433333333   4.44   174.4414100097656   -0.1444000005722046  50.17764682784022  250.44380580177952 18.837187 17.203087 16.554733 16.260723 16.124811 0.025291983 0.0049933046 0.0043574297 0.004578915  0.008149711  18.62903  17.049927 16.44365  16.17649  16.06509 
  762 162.348666667 -3.225375        7.026  23.15910756835936   -0.17026000022888182 47.72163299841375  254.03857246398007 19.143164 17.954477 17.447844 17.229582 17.161568 0.021859918 0.006087151  0.005272343  0.0058256523 0.012076671  18.921986 17.791737 17.32981  17.140081 17.09811 
  732 162.425541667 -2.677975        7.205  141.976394140625    -0.17204999923706055 48.17781183589617  253.57251090244762 20.250069 18.561348 17.876995 17.61501  17.498075 0.056788515 0.007888523  0.006414739  0.0067879013 0.016805144  20.047586 18.412363 17.768938 17.533073 17.439981
  718 162.545416667 -2.62865         12.682 -95.83110033569338  -0.22682000160217286 48.29507642770829  253.65501292116556 19.312489 18.218163 17.720644 17.494434 17.431072 0.028399743 0.0068985573 0.0061407015 0.0064974166 0.01660883   19.110739 18.069717 17.61298  17.412796 17.37319 
  992 162.545458333 -1.89684444444   8.606  3.204995117187508   -0.18605999946594237 48.832483178436874 252.90441550938442 19.658714 18.411896 17.909904 17.682072 17.582794 0.030025858 0.0072076344 0.006342906  0.0068779876 0.01783978   19.449324 18.257828 17.798162 17.597342 17.522718
  405 162.5935      -0.826413888889  7.257  14.810993041992191  -0.17256999969482423 49.642796187234225 251.83059019748737 19.197485 17.853905 17.291079 17.084826 16.978018 0.03256837  0.0062014544 0.005493422  0.0056052394 0.011000129  18.922506 17.651579 17.144335 16.973555 16.899124
  672 162.64075     0.205305555556   5.834  97.46570402832032   -0.15834000110626223 50.4147620010769   250.76250295301264 19.616999 17.988712 17.34382  17.05558  16.903847 0.042206857 0.0062815347 0.005490711  0.0056504114 0.012361762  19.390844 17.822311 17.223133 16.964066 16.838963
  687 162.647333333 0.0584           4.151  5.440194262695314   -0.14151000022888183 50.31478586418126  250.93155655264064 19.244802 17.549562 16.88916  16.595928 16.44661  0.03433614  0.005427971  0.004805437  0.0049812    0.009511994  19.034027 17.394476 16.776678 16.510637 16.386137
  740 162.664416667 -3.07523611111   19.412 60.65159609374999   -0.2941200065612793  48.04441804659435  254.2371635703275  19.647514 18.357294 17.83283  17.63539  17.502941 0.04202381  0.007341462  0.0065947003 0.0068811667 0.01672835   19.453133 18.21427  17.729097 17.556732 17.447172
  338 162.730666667 0.0979111111111  3.134  -133.4763000011921  -0.13134000062942505 50.401364171469474 250.9812473547733  18.330975 16.594881 15.976142 15.74688  15.653713 0.018433738 0.004407088  0.004029848  0.0044087437 0.006860278  18.114042 16.435265 15.860374 15.659097 15.591475
  6   162.775916667 -0.0754472222222 2.283  -123.09000004882813 -0.12282999992370607 50.30918939145979  251.22206183332068 18.63375  16.436943 15.577834 15.30371  15.157571 0.015298442 0.004039305  0.0039248765 0.0041406886 0.0053784754 18.398544 16.26388  15.452314 15.208532 15.090089
  685 162.832208333 0.087625         4.966  82.56259316406249   -0.14966000080108643 50.46514525674971  251.10639501604282 19.614782 17.967968 17.275541 16.978504 16.835443 0.040570743 0.0062070806 0.00527733   0.00563787   0.01154341   19.399393 17.809486 17.160597 16.891346 16.773647
  691 162.897625    0.0128861111111  8.66   66.70809475097658   -0.1865999984741211  50.45739358381923  251.2619142189945  19.478094 18.096529 17.488182 17.198172 17.058632 0.03817208  0.0065988796 0.0058780643 0.006223849  0.013739522  19.257854 17.934479 17.37065  17.10905  16.995443
