# File generated by CMD 2.3 (http://stev.oapd.inaf.it/cmd) on Sat Sep 15 02:33:31 CEST 2012
# Basic reference: Marigo et al. (2008, A&A 482, 883) 
# but applying the corrections from Case A in Girardi et al. (2010, ApJ 724, 1030) 
#  but see Girardi et al. (2004, A&A 422, 205) for SDSS-specific details
# Photometric system: SDSS <i>ugriz</i>
# BCs of Carbon stars derive from Loidl et al. (2001)
# O-rich circumstellar dust ignored
# C-rich circumstellar dust ignored
# IMF: Chabrier (2001) lognormal 
# Kind of output: isochrone tables
#	Isochrone	Z = 0.00037		Age = 	1.000e+10 yr
# log(age/yr)	M_ini   	M_act	logL/Lo	logTe	logG	mbol    u       g       r       i       z	C/O	M_hec	period	pmode	logMdot	int_IMF
	10.00	0.1500000060	0.1500	-2.3124	3.5843	5.2098	10.551	14.978	12.360	10.979	10.446	10.139	0.4787	0.0000	0.0	1	-17.817	1.9609395266
	10.00	0.2000000030	0.2000	-2.0130	3.6074	5.1277	9.802	13.495	11.293	10.110	9.656	9.395	0.4787	0.0000	0.0	1	-17.692	2.2217822075
	10.00	0.2500000000	0.2500	-1.7976	3.6224	5.0692	9.264	12.678	10.597	9.518	9.104	8.868	0.4787	0.0000	0.0	1	-17.573	2.4080901146
	10.00	0.3000000119	0.3000	-1.6489	3.6331	5.0426	8.892	12.115	10.120	9.108	8.723	8.506	0.4787	0.0000	0.0	1	-16.636	2.5475041866
	10.00	0.3499999940	0.3500	-1.5129	3.6423	5.0102	8.552	11.614	9.691	8.736	8.374	8.173	0.4787	0.0000	0.0	1	-15.843	2.6555202007
	10.00	0.4000000060	0.4000	-1.3943	3.6504	4.9817	8.256	11.174	9.317	8.411	8.071	7.884	0.4787	0.0000	0.0	1	-15.157	2.7413372993
	10.00	0.4499999881	0.4500	-1.2480	3.6604	4.9270	7.890	10.623	8.865	8.018	7.702	7.532	0.4787	0.0000	0.0	1	-14.551	2.8109800816
	10.00	0.5000000000	0.5000	-1.0995	3.6729	4.8743	7.519	10.022	8.388	7.611	7.326	7.175	0.4787	0.0000	0.0	1	-14.009	2.8684780598
	10.00	0.5500000119	0.5500	-0.9252	3.6926	4.8200	7.083	9.245	7.815	7.135	6.890	6.767	0.4787	0.0000	0.0	1	-13.519	2.9166350365
	10.00	0.6000000238	0.5998	-0.7379	3.7169	4.7674	6.615	8.406	7.211	6.637	6.436	6.346	0.4787	0.0000	0.0	1	-13.074	2.9573988914
	10.00	0.6102744937	0.6100	-0.6975	3.7222	4.7556	6.514	8.229	7.082	6.531	6.339	6.256	0.4787	0.0000	0.0	1	-12.986	2.9650163651
	10.00	0.6375993490	0.6373	-0.5897	3.7362	4.7229	6.244	7.791	6.754	6.260	6.091	6.024	0.4787	0.0000	0.0	1	-12.762	2.9841771126
	10.00	0.6621382833	0.6618	-0.4926	3.7486	4.6916	6.002	7.409	6.463	6.018	5.869	5.816	0.4787	0.0000	0.0	1	-12.568	3.0000987053
	10.00	0.6845986843	0.6842	-0.4026	3.7597	4.6606	5.777	7.092	6.203	5.800	5.668	5.627	0.4787	0.0000	0.0	1	-12.397	3.0137004852
	10.00	0.6999999881	0.6995	-0.3401	3.7671	4.6373	5.620	6.878	6.023	5.648	5.527	5.495	0.4787	0.0000	0.0	1	-12.283	3.0225379467
	10.00	0.7126843333	0.7121	-0.2864	3.7732	4.6160	5.486	6.696	5.871	5.517	5.407	5.381	0.4787	0.0000	0.0	1	-12.195	3.0295381546
	10.00	0.7306593657	0.7300	-0.2083	3.7820	4.5835	5.291	6.457	5.652	5.328	5.231	5.215	0.4787	0.0000	0.0	1	-12.067	3.0390543938
	10.00	0.7476592064	0.7469	-0.1319	3.7900	4.5493	5.100	6.232	5.441	5.143	5.058	5.051	0.4787	0.0000	0.0	1	-11.946	3.0476458073
	10.00	0.7644467354	0.7636	-0.0527	3.7978	4.5108	4.902	6.003	5.223	4.951	4.877	4.879	0.4787	0.0000	0.0	1	-11.831	3.0557661057
	10.00	0.7829821706	0.7819	0.0414	3.8062	4.4606	4.666	5.750	4.965	4.719	4.659	4.671	0.4787	0.0000	0.0	1	-11.713	3.0643396378
	10.00	0.7943485975	0.7932	0.1023	3.8111	4.4255	4.514	5.591	4.800	4.569	4.517	4.535	0.4787	0.0000	0.0	1	-11.650	3.0694050789
	10.00	0.8000000119	0.7988	0.1335	3.8135	4.4069	4.436	5.510	4.715	4.492	4.444	4.464	0.4787	0.0000	0.0	1	-11.622	3.0718705654
	10.00	0.8137803674	0.8124	0.2166	3.8197	4.3557	4.228	5.295	4.489	4.286	4.248	4.276	0.4787	0.0000	0.0	1	-11.564	3.0777356625
	10.00	0.8305830956	0.8288	0.3319	3.8274	4.2803	3.940	5.003	4.177	3.999	3.975	4.011	0.4787	0.0000	0.0	1	-11.519	3.0846176147
	10.00	0.8346569538	0.8328	0.3623	3.8291	4.2586	3.864	4.928	4.096	3.923	3.902	3.941	0.4787	0.0000	0.0	1	-11.513	3.0862431526
	10.00	0.8382509351	0.8363	0.3904	3.8302	4.2367	3.794	4.860	4.021	3.853	3.834	3.874	0.4787	0.0000	0.0	1	-11.510	3.0876641273
	10.00	0.8388334513	0.8369	0.3950	3.8304	4.2331	3.782	4.849	4.009	3.841	3.822	3.862	0.4787	0.0000	0.0	1	-11.509	3.0878932476
	10.00	0.8415125012	0.8395	0.4187	3.8307	4.2120	3.723	4.791	3.948	3.781	3.763	3.804	0.4787	0.0000	0.0	1	-11.508	3.0889427662
	10.00	0.8538895249	0.8515	0.5360	3.8301	4.0988	3.430	4.510	3.648	3.484	3.467	3.507	0.4787	0.0000	0.1	1	-11.514	3.0937037468
	10.00	0.8600038886	0.8573	0.6154	3.8208	3.9850	3.232	4.332	3.467	3.279	3.248	3.278	0.4787	0.0000	0.1	1	-11.525	3.0960040092
	10.00	0.8641275167	0.8612	0.6837	3.8054	3.8570	3.061	4.198	3.332	3.100	3.045	3.057	0.4787	0.0000	0.1	1	-11.534	3.0975363255
	10.00	0.8669450283	0.8638	0.7380	3.7810	3.7067	2.925	4.145	3.262	2.956	2.864	2.848	0.4787	0.0000	0.1	1	-11.542	3.0985748768
	10.00	0.8686913252	0.8654	0.7697	3.7595	3.5895	2.846	4.183	3.252	2.874	2.748	2.706	0.4787	0.0000	0.1	1	-11.548	3.0992150307
	10.00	0.8697555065	0.8663	0.8135	3.7489	3.5039	2.736	4.141	3.179	2.765	2.622	2.568	0.4787	0.0000	0.1	1	-11.551	3.0996038914
	10.00	0.8705719709	0.8670	0.8620	3.7427	3.4308	2.615	4.081	3.083	2.645	2.491	2.430	0.4787	0.0000	0.2	1	-11.553	3.0999016762
	10.00	0.8713185191	0.8676	0.9223	3.7386	3.3543	2.464	3.970	2.947	2.495	2.335	2.268	0.4787	0.0000	0.2	1	-11.556	3.1001732349
	10.00	0.8719158173	0.8681	0.9787	3.7359	3.2876	2.323	3.856	2.817	2.355	2.190	2.121	0.4787	0.0000	0.2	1	-11.558	3.1003901958
	10.00	0.8724649549	0.8685	1.0360	3.7339	3.2223	2.180	3.734	2.681	2.212	2.044	1.972	0.4787	0.0000	0.2	1	-11.559	3.1005895138
	10.00	0.8729766011	0.8688	1.0941	3.7322	3.1575	2.035	3.605	2.542	2.068	1.897	1.823	0.4787	0.0000	0.3	1	-11.561	3.1007750034
	10.00	0.8734543324	0.8691	1.1548	3.7305	3.0902	1.883	3.471	2.396	1.916	1.743	1.667	0.4787	0.0000	0.3	1	-11.562	3.1009478569
	10.00	0.8738683462	0.8693	1.2121	3.7289	3.0268	1.740	3.342	2.259	1.774	1.598	1.520	0.4787	0.0000	0.3	1	-11.563	3.1010975838
	10.00	0.8742786050	0.8695	1.2726	3.7273	2.9598	1.588	3.209	2.113	1.623	1.444	1.364	0.4787	0.0000	0.4	1	-11.564	3.1012458801
	10.00	0.8746410012	0.8696	1.3337	3.7256	2.8918	1.436	3.075	1.967	1.470	1.289	1.207	0.4787	0.0000	0.4	1	-11.564	3.1013765335
	10.00	0.8749558330	0.8696	1.3945	3.7238	2.8239	1.284	2.949	1.823	1.319	1.135	1.050	0.4787	0.0000	0.5	1	-11.564	3.1014900208
	10.00	0.8752353787	0.8695	1.4534	3.7220	2.7580	1.136	2.828	1.685	1.173	0.986	0.899	0.4787	0.0000	0.5	1	-11.564	3.1015908718
	10.00	0.8754919171	0.8694	1.5121	3.7202	2.6920	0.990	2.708	1.547	1.028	0.837	0.748	0.4787	0.0000	0.6	1	-11.564	3.1016831398
	10.00	0.8757272363	0.8692	1.5708	3.7184	2.6258	0.843	2.589	1.409	0.883	0.689	0.597	0.4787	0.0000	0.7	1	-11.564	3.1017680168
	10.00	0.8759186864	0.8689	1.6235	3.7167	2.5662	0.711	2.482	1.286	0.753	0.556	0.462	0.4787	0.0000	0.8	1	-11.563	3.1018369198
	10.00	0.8760924339	0.8686	1.6785	3.7148	2.5035	0.574	2.371	1.159	0.617	0.417	0.320	0.4787	0.0000	0.8	1	-11.562	3.1018993855
	10.00	0.8762398362	0.8683	1.7288	3.7131	2.4464	0.448	2.272	1.042	0.492	0.289	0.190	0.4787	0.0000	0.9	1	-11.561	3.1019523144
	10.00	0.8763802052	0.8679	1.7812	3.7113	2.3864	0.317	2.170	0.921	0.363	0.156	0.055	0.4787	0.0000	1.0	1	-11.560	3.1020028591
	10.00	0.8764960170	0.8674	1.8292	3.7095	2.3312	0.197	2.078	0.811	0.244	0.034	-0.069	0.4787	0.0000	1.1	1	-11.559	3.1020443439
	10.00	0.8766030073	0.8669	1.8768	3.7078	2.2764	0.078	1.986	0.701	0.127	-0.086	-0.193	0.4787	0.0000	1.2	1	-11.558	3.1020827293
	10.00	0.8766976595	0.8664	1.9209	3.7061	2.2251	-0.032	1.902	0.601	0.018	-0.198	-0.307	0.4787	0.0000	1.4	1	-11.557	3.1021168232
	10.00	0.8767853379	0.8658	1.9651	3.7044	2.1739	-0.143	1.819	0.501	-0.091	-0.310	-0.421	0.4787	0.0000	1.5	1	-11.555	3.1021482944
	10.00	0.8768625259	0.8651	2.0000	3.7031	2.1335	-0.230	1.751	0.421	-0.177	-0.399	-0.512	0.4787	0.0000	1.6	1	-11.554	3.1021759510
	10.00	0.8769571781	0.8642	2.0347	3.7019	2.0935	-0.317	1.684	0.342	-0.262	-0.487	-0.601	0.4787	0.0000	1.7	1	-11.551	3.1022098064
	10.00	0.8769641519	0.8642	2.0369	3.7018	2.0910	-0.322	1.680	0.337	-0.268	-0.493	-0.607	0.4787	0.0000	1.7	1	-11.551	3.1022124290
	10.00	0.8770463467	0.8634	2.0140	3.7032	2.1189	-0.265	1.718	0.386	-0.212	-0.434	-0.547	0.4787	0.0000	1.6	1	-11.548	3.1022419930
	10.00	0.8771495819	0.8623	2.0833	3.7002	2.0373	-0.438	1.589	0.230	-0.382	-0.610	-0.726	0.4787	0.0000	1.9	1	-11.546	3.1022789478
	10.00	0.8772410154	0.8610	2.1517	3.6974	1.9569	-0.609	1.478	0.080	-0.548	-0.782	-0.902	0.4787	0.0000	2.2	1	-11.545	3.1023116112
	10.00	0.8773236871	0.8595	2.2197	3.6946	1.8770	-0.779	1.371	-0.069	-0.713	-0.953	-1.077	0.4787	0.0000	2.5	1	-11.543	3.1023414135
	10.00	0.8773944974	0.8579	2.2848	3.6919	1.8001	-0.942	1.271	-0.209	-0.870	-1.116	-1.245	0.4787	0.0000	2.8	1	-11.541	3.1023666859
	10.00	0.8774623871	0.8558	2.3553	3.6889	1.7165	-1.118	1.164	-0.361	-1.040	-1.293	-1.427	0.4787	0.0000	3.3	1	-11.540	3.1023910046
	10.00	0.8775185347	0.8536	2.4204	3.6859	1.6387	-1.281	1.068	-0.499	-1.196	-1.456	-1.594	0.4787	0.0000	3.8	1	-11.540	3.1024112701
	10.00	0.8775687218	0.8511	2.4869	3.6828	1.5585	-1.447	0.974	-0.639	-1.356	-1.623	-1.766	0.4787	0.0000	4.3	1	-11.541	3.1024291515
	10.00	0.8776159286	0.8481	2.5557	3.6795	1.4746	-1.619	0.881	-0.782	-1.521	-1.796	-1.944	0.4787	0.0000	5.2	1	-11.544	3.1024460793
	10.00	0.8776602149	0.8443	2.6325	3.6755	1.3802	-1.811	0.789	-0.937	-1.704	-1.989	-2.144	0.4787	0.0000	6.1	1	-11.549	3.1024620533
	10.00	0.8776956797	0.8403	2.7013	3.6720	1.2952	-1.983	0.719	-1.071	-1.864	-2.159	-2.319	0.4787	0.0000	7.1	1	-11.558	3.1024746895
	10.00	0.8777281642	0.8355	2.7707	3.6684	1.2090	-2.157	0.654	-1.205	-2.024	-2.329	-2.496	0.4787	0.0000	8.2	1	-11.572	3.1024863720
	10.00	0.8777577281	0.8299	2.8431	3.6645	1.1177	-2.338	0.594	-1.341	-2.190	-2.507	-2.681	0.4787	0.0000	9.6	1	-11.593	3.1024968624
	10.00	0.8777872324	0.8223	2.9253	3.6595	1.0118	-2.543	0.541	-1.489	-2.377	-2.707	-2.890	0.4787	0.0000	11.6	1	-11.630	3.1025073528
	10.00	0.8778109550	0.8139	2.9983	3.6555	0.9180	-2.726	0.496	-1.619	-2.543	-2.886	-3.077	0.4787	0.0000	13.6	1	-11.678	3.1025159359
	10.00	0.8778315783	0.8044	3.0708	3.6514	0.8244	-2.907	0.457	-1.746	-2.706	-3.064	-3.263	0.4787	0.0000	16.1	1	-11.744	3.1025233269
	10.00	0.8778523207	0.7915	3.1507	3.6466	0.7180	-3.107	0.437	-1.874	-2.880	-3.255	-3.464	0.4787	0.0000	19.3	1	-11.656	3.1025307178
	10.00	0.8778700233	0.7761	3.2266	3.6419	0.6151	-3.297	0.426	-1.993	-3.042	-3.434	-3.654	0.4787	0.0000	23.1	1	-10.974	3.1025371552
	10.00	0.8778729439	0.7735	3.2391	3.6412	0.5981	-3.328	0.425	-2.012	-3.069	-3.464	-3.685	0.4787	0.0000	23.8	1	-10.863	3.1025381088
	10.00	0.8778729439	0.7728	1.6901	3.7636	2.6365	0.545	1.938	0.897	0.553	0.440	0.405	0.4787	0.0000	0.7	1	-11.772	3.1025381088
	10.00	0.8779249787	0.7729	1.7031	3.7596	2.6075	0.512	1.928	0.880	0.521	0.401	0.362	0.4787	0.0000	0.7	1	-11.772	3.1025567055
	10.00	0.8780003190	0.7730	1.7120	3.7571	2.5885	0.490	1.921	0.867	0.500	0.375	0.333	0.4787	0.0000	0.7	1	-11.772	3.1025836468
	10.00	0.8780797124	0.7731	1.7159	3.7565	2.5823	0.480	1.914	0.860	0.490	0.365	0.322	0.4787	0.0000	0.7	1	-11.771	3.1026122570
	10.00	0.8781383634	0.7731	1.7183	3.7562	2.5786	0.474	1.910	0.855	0.484	0.358	0.315	0.4787	0.0000	0.7	1	-11.771	3.1026332378
	10.00	0.8781728148	0.7732	1.7189	3.7563	2.5784	0.473	1.908	0.853	0.483	0.357	0.313	0.4787	0.0000	0.7	1	-11.770	3.1026453972
	10.00	0.8782960773	0.7733	1.7208	3.7568	2.5787	0.468	1.901	0.846	0.478	0.353	0.310	0.4787	0.0000	0.7	1	-11.769	3.1026895046
	10.00	0.8784242868	0.7735	1.7212	3.7579	2.5828	0.467	1.894	0.841	0.476	0.353	0.312	0.4787	0.0000	0.7	1	-11.768	3.1027355194
	10.00	0.8785570860	0.7736	1.7209	3.7593	2.5890	0.468	1.887	0.835	0.477	0.356	0.316	0.4787	0.0000	0.7	1	-11.767	3.1027829647
	10.00	0.8786942959	0.7738	1.7208	3.7607	2.5947	0.468	1.880	0.830	0.476	0.358	0.320	0.4787	0.0000	0.7	1	-11.766	3.1028318405
	10.00	0.8788294196	0.7740	1.7213	3.7618	2.5987	0.467	1.873	0.824	0.474	0.359	0.321	0.4787	0.0000	0.7	1	-11.765	3.1028802395
	10.00	0.8789651990	0.7741	1.7226	3.7624	2.5996	0.463	1.867	0.819	0.471	0.356	0.320	0.4787	0.0000	0.7	1	-11.764	3.1029286385
	10.00	0.8790067434	0.7742	1.7231	3.7625	2.5996	0.462	1.865	0.817	0.470	0.355	0.319	0.4787	0.0000	0.7	1	-11.764	3.1029436588
	10.00	0.8790913820	0.7743	1.7251	3.7621	2.5963	0.457	1.862	0.813	0.465	0.349	0.313	0.4787	0.0000	0.7	1	-11.763	3.1029736996
	10.00	0.8792170882	0.7744	1.7289	3.7611	2.5884	0.448	1.859	0.808	0.456	0.339	0.301	0.4787	0.0000	0.7	1	-11.762	3.1030187607
	10.00	0.8793442845	0.7746	1.7343	3.7594	2.5763	0.434	1.855	0.801	0.443	0.323	0.283	0.4787	0.0000	0.8	1	-11.761	3.1030640602
	10.00	0.8794766068	0.7747	1.7419	3.7570	2.5593	0.415	1.849	0.792	0.424	0.300	0.257	0.4787	0.0000	0.8	1	-11.761	3.1031112671
	10.00	0.8796156645	0.7749	1.7521	3.7544	2.5386	0.390	1.839	0.777	0.400	0.271	0.225	0.4787	0.0000	0.8	1	-11.760	3.1031608582
	10.00	0.8797591329	0.7751	1.7648	3.7515	2.5144	0.358	1.824	0.756	0.369	0.235	0.186	0.4787	0.0000	0.8	1	-11.759	3.1032121181
	10.00	0.8799888492	0.7754	1.7934	3.7459	2.4638	0.287	1.798	0.709	0.300	0.156	0.100	0.4787	0.0000	0.9	1	-11.757	3.1032938957
	10.00	0.8800417185	0.7754	1.8064	3.7441	2.4435	0.254	1.782	0.685	0.268	0.121	0.063	0.4787	0.0000	0.9	1	-11.757	3.1033127308
	10.00	0.8801149726	0.7755	1.8248	3.7415	2.4148	0.208	1.760	0.651	0.224	0.072	0.010	0.4787	0.0000	1.0	1	-11.757	3.1033387184
	10.00	0.8802330494	0.7757	1.8546	3.7373	2.3684	0.133	1.724	0.595	0.151	-0.008	-0.075	0.4787	0.0000	1.1	1	-11.756	3.1033809185
	10.00	0.8802697659	0.7757	1.8786	3.7343	2.3324	0.073	1.693	0.549	0.093	-0.071	-0.142	0.4787	0.0000	1.1	1	-11.757	3.1033940315
	10.00	0.8802875876	0.7757	1.9222	3.7292	2.2682	-0.035	1.632	0.465	-0.013	-0.186	-0.264	0.4787	0.0000	1.3	1	-11.757	3.1034002304
	10.00	0.8802927136	0.7757	1.9572	3.7254	2.2182	-0.123	1.581	0.395	-0.098	-0.278	-0.361	0.4787	0.0000	1.4	1	-11.758	3.1034021378
	10.00	0.8802967072	0.7757	2.0285	3.7187	2.1201	-0.301	1.493	0.255	-0.269	-0.462	-0.554	0.4787	0.0000	1.7	1	-11.759	3.1034035683
	10.00	0.8802983761	0.7757	2.0867	3.7146	2.0453	-0.447	1.407	0.134	-0.410	-0.611	-0.708	0.4787	0.0000	1.9	1	-11.761	3.1034040451
	10.00	0.8803002238	0.7757	2.1486	3.7106	1.9677	-0.601	1.310	0.003	-0.561	-0.769	-0.872	0.4787	0.0000	2.2	1	-11.763	3.1034047604
	10.00	0.8803018332	0.7757	2.1938	3.7079	1.9115	-0.714	1.240	-0.094	-0.671	-0.885	-0.991	0.4787	0.0000	2.4	1	-11.764	3.1034052372
	10.00	0.8803055286	0.7757	2.2643	3.7036	1.8240	-0.891	1.131	-0.243	-0.843	-1.065	-1.177	0.4787	0.0000	2.8	1	-11.767	3.1034066677
	10.00	0.8803209066	0.7758	2.2054	3.7074	1.8979	-0.744	1.220	-0.120	-0.700	-0.915	-1.021	0.4787	0.0000	2.4	1	-11.764	3.1034121513
	10.00	0.8803541064	0.7758	2.2724	3.7032	1.8140	-0.911	1.118	-0.260	-0.863	-1.086	-1.199	0.4787	0.0000	2.8	1	-11.767	3.1034238338
	10.00	0.8803699017	0.7758	2.3282	3.6997	1.7443	-1.051	1.035	-0.377	-0.998	-1.229	-1.346	0.4787	0.0000	3.2	1	-11.770	3.1034295559
	10.00	0.8803867698	0.7758	2.3994	3.6954	1.6560	-1.229	0.949	-0.521	-1.167	-1.407	-1.531	0.4787	0.0000	3.7	1	-11.774	3.1034355164
	10.00	0.8803994656	0.7759	2.4593	3.6920	1.5824	-1.378	0.874	-0.643	-1.310	-1.557	-1.686	0.4787	0.0000	4.2	1	-11.778	3.1034400463
	10.00	0.8804119825	0.7759	2.5291	3.6878	1.4960	-1.553	0.791	-0.783	-1.475	-1.732	-1.867	0.4787	0.0000	4.9	1	-11.783	3.1034445763
	10.00	0.8804248571	0.7759	2.6076	3.6828	1.3973	-1.749	0.714	-0.935	-1.660	-1.929	-2.072	0.4787	0.0000	5.8	1	-11.791	3.1034491062
	10.00	0.8804346919	0.7759	2.6762	3.6783	1.3107	-1.920	0.650	-1.065	-1.821	-2.101	-2.252	0.4787	0.0000	6.8	1	-11.800	3.1034526825
	10.00	0.8804422021	0.7759	2.7440	3.6742	1.2267	-2.090	0.585	-1.195	-1.979	-2.271	-2.428	0.4787	0.0000	7.8	1	-11.810	3.1034553051
	10.00	0.8804486990	0.7759	2.8127	3.6701	1.1415	-2.262	0.533	-1.322	-2.136	-2.439	-2.603	0.4787	0.0000	9.1	1	-11.822	3.1034576893
	10.00	0.8804538846	0.7759	2.8782	3.6657	1.0583	-2.425	0.499	-1.436	-2.283	-2.598	-2.770	0.4787	0.0000	10.5	1	-11.837	3.1034593582
	10.00	0.8804587126	0.7759	2.9418	3.6614	0.9776	-2.585	0.470	-1.545	-2.425	-2.752	-2.932	0.4787	0.0000	12.1	1	-11.854	3.1034612656
	10.00	0.8804645538	0.7759	3.0156	3.6568	0.8854	-2.769	0.436	-1.672	-2.591	-2.933	-3.121	0.4787	0.0000	14.3	1	-11.878	3.1034631729
	10.00	0.8804692626	0.7759	3.1136	3.6502	0.7612	-3.014	0.410	-1.831	-2.808	-3.171	-3.373	0.4787	0.0000	17.8	1	-11.919	3.1034648418
	10.00	0.8804696202	0.7759	3.1279	3.6493	0.7433	-3.050	0.407	-1.854	-2.839	-3.205	-3.409	0.4787	0.0000	18.4	1	-11.858	3.1034650803
	10.00	0.8804696202	0.7759	2.6125	3.6809	1.3848	-1.761	0.740	-0.930	-1.667	-1.941	-2.087	0.4718	0.0000	5.9	1	-11.792	3.1034650803
	10.00	0.8804844618	0.7513	2.7342	3.6745	1.2234	-2.066	0.604	-1.172	-1.956	-2.247	-2.404	1.1303	0.0000	7.8	1	-11.717	3.1034703255
	10.00	0.8804900646	0.7343	2.7804	3.6720	1.1576	-2.181	0.565	-1.260	-2.063	-2.360	-2.521	1.2602	0.5313	8.7	1	-11.485	3.1034722328
	10.00	0.8804951310	0.6994	2.8242	3.6699	1.0841	-2.291	0.527	-1.345	-2.165	-2.469	-2.634	1.3057	0.5361	9.8	1	-11.355	3.1034741402
	10.00	0.8804991245	0.6252	3.0542	3.6646	0.7842	-2.865	0.196	-1.837	-2.719	-3.045	-3.221	1.3269	0.5400	16.2	1	-11.125	3.1034755707
	10.00	0.8804994226	0.6194	3.0460	3.6669	0.7974	-2.845	0.155	-1.842	-2.708	-3.027	-3.200	1.3269	0.5403	15.7	1	-11.214	3.1034755707
	10.00	0.8805000782	0.5895	3.2550	3.8129	1.1511	-3.368	-2.002	-3.321	-3.416	-3.406	-3.411	1.1858	0.5435	8.3	1	-43.552	3.1034758091
	10.00	0.8805001378	0.5890	3.2463	3.8174	1.1773	-3.346	-1.997	-3.316	-3.392	-3.373	-3.376	1.1864	0.5435	8.0	1	-99.999	3.1034758091
	10.00	0.8805005550	0.5865	3.2798	3.8343	1.2097	-3.429	-2.138	-3.461	-3.464	-3.409	-3.405	1.1915	0.5436	7.5	1	-99.999	3.1034760475
	10.00	0.8805006742	0.5850	3.2543	3.8439	1.2723	-3.366	-2.105	-3.425	-3.391	-3.317	-3.309	1.1915	0.5438	6.7	1	-99.999	3.1034760475
	10.00	0.8805009127	0.5827	3.2716	3.8563	1.3030	-3.409	-2.188	-3.500	-3.421	-3.322	-3.309	1.1915	0.5440	6.4	1	-99.999	3.1034762859
	10.00	0.8805011511	0.5522	3.4954	3.8679	1.1024	-3.968	-2.797	-4.090	-3.967	-3.841	-3.833	1.1915	0.5442	8.9	1	-99.999	3.1034762859
	10.00	0.8805013299	0.5492	3.4799	3.8790	1.1597	-3.930	-2.795	-4.058	-3.911	-3.768	-3.752	1.1915	0.5444	8.1	1	-99.999	3.1034762859
	10.00	0.8805014491	0.5485	3.5080	3.8879	1.1666	-4.000	-2.897	-4.122	-3.963	-3.809	-3.788	1.1915	0.5445	8.0	1	-99.999	3.1034762859
	10.00	0.8805024028	0.5485	3.4060	4.2229	2.6089	-3.745	-2.311	-2.404	-2.026	-1.730	-1.474	0.0066	0.5484	0.7	1	-13.536	3.1034767628
