# log(age/yr)	M_ini   	M_act	logL/Lo	logTe	logG	mbol    u       g       r       i       z       J       H       Ks	C/O	M_hec	period	pmode	logMdot	int_IMF
	10.00	0.1500000060	0.1500	-2.2900	3.5915	5.2161	10.495	14.652	12.196	10.880	10.374	10.082	8.845	8.291	8.123	0.4787	0.0000	0.0	1	-17.817	1.9609395266
	10.00	0.2000000030	0.2000	-1.9829	3.6154	5.1295	9.727	13.283	11.139	10.007	9.574	9.326	8.141	7.592	7.431	0.4787	0.0000	0.0	1	-17.692	2.2217822075
	10.00	0.2500000000	0.2500	-1.7757	3.6279	5.0693	9.209	12.539	10.493	9.444	9.045	8.819	7.658	7.114	6.959	0.4787	0.0000	0.0	1	-17.573	2.4080901146
	10.00	0.3000000119	0.3000	-1.6319	3.6366	5.0395	8.850	12.028	10.048	9.054	8.678	8.467	7.322	6.785	6.639	0.4787	0.0000	0.0	1	-16.636	2.5475041866
	10.00	0.3499999940	0.3500	-1.5077	3.6442	5.0125	8.539	11.586	9.665	8.717	8.361	8.163	7.032	6.502	6.363	0.4787	0.0000	0.0	1	-15.843	2.6555202007
	10.00	0.4000000060	0.4000	-1.3921	3.6510	4.9821	8.250	11.176	9.310	8.405	8.067	7.881	6.762	6.237	6.106	0.4787	0.0000	0.0	1	-15.157	2.7413372993
	10.00	0.4499999881	0.4500	-1.2499	3.6600	4.9271	7.895	10.654	8.877	8.024	7.709	7.538	6.434	5.920	5.798	0.4787	0.0000	0.0	1	-14.551	2.8109800816
	10.00	0.5000000000	0.5000	-1.1037	3.6716	4.8730	7.529	10.076	8.411	7.626	7.338	7.186	6.104	5.607	5.495	0.4787	0.0000	0.0	1	-14.009	2.8684780598
	10.00	0.5500000119	0.5500	-0.9304	3.6907	4.8175	7.096	9.309	7.842	7.151	6.903	6.779	5.737	5.278	5.181	0.4787	0.0000	0.0	1	-13.519	2.9166350365
	10.00	0.6000000238	0.5998	-0.7440	3.7145	4.7641	6.630	8.471	7.237	6.652	6.448	6.356	5.362	4.951	4.871	0.4787	0.0000	0.0	1	-13.074	2.9573988914
	10.00	0.6134588122	0.6132	-0.6907	3.7215	4.7484	6.497	8.236	7.068	6.513	6.320	6.237	5.258	4.860	4.785	0.4787	0.0000	0.0	1	-12.960	2.9673299789
	10.00	0.6410675049	0.6408	-0.5814	3.7357	4.7148	6.223	7.789	6.734	6.236	6.067	6.000	5.047	4.673	4.608	0.4787	0.0000	0.0	1	-12.734	2.9864990711
	10.00	0.6658599377	0.6655	-0.4833	3.7480	4.6824	5.978	7.402	6.440	5.992	5.843	5.789	4.857	4.505	4.448	0.4787	0.0000	0.0	1	-12.539	3.0024139881
	10.00	0.6885600090	0.6881	-0.3925	3.7593	4.6514	5.751	7.078	6.176	5.770	5.639	5.598	4.685	4.350	4.300	0.4787	0.0000	0.0	1	-12.367	3.0160102844
	10.00	0.7096047401	0.7091	-0.3069	3.7695	4.6196	5.537	6.783	5.931	5.563	5.447	5.418	4.520	4.201	4.158	0.4787	0.0000	0.0	1	-12.216	3.0278608799
	10.00	0.7294242382	0.7288	-0.2244	3.7790	4.5869	5.331	6.517	5.698	5.363	5.261	5.243	4.360	4.057	4.019	0.4787	0.0000	0.0	1	-12.076	3.0384149551
	10.00	0.7482830882	0.7476	-0.1434	3.7878	4.5522	5.128	6.276	5.473	5.167	5.079	5.070	4.201	3.913	3.881	0.4787	0.0000	0.0	1	-11.942	3.0479538441
	10.00	0.7665178776	0.7657	-0.0617	3.7961	4.5141	4.924	6.036	5.247	4.968	4.893	4.893	4.038	3.765	3.736	0.4787	0.0000	0.0	1	-11.817	3.0567440987
	10.00	0.7853025794	0.7843	0.0280	3.8043	4.4678	4.700	5.790	5.001	4.749	4.686	4.696	3.854	3.597	3.572	0.4787	0.0000	0.0	1	-11.699	3.0653851032
	10.00	0.7882661819	0.7872	0.0430	3.8056	4.4595	4.663	5.750	4.960	4.712	4.651	4.663	3.823	3.569	3.544	0.4787	0.0000	0.0	1	-11.683	3.0667119026
	10.00	0.8000484109	0.7989	0.1048	3.8110	4.4256	4.508	5.588	4.791	4.559	4.508	4.525	3.695	3.452	3.428	0.4787	0.0000	0.0	1	-11.621	3.0718915462
	10.00	0.8115786314	0.8103	0.1698	3.8159	4.3866	4.346	5.419	4.615	4.399	4.355	4.379	3.557	3.324	3.302	0.4787	0.0000	0.0	1	-11.572	3.0768122673
	10.00	0.8240087032	0.8225	0.2469	3.8215	4.3382	4.153	5.220	4.406	4.207	4.173	4.203	3.391	3.171	3.149	0.4787	0.0000	0.0	1	-11.533	3.0819592476
	10.00	0.8367581964	0.8350	0.3345	3.8271	4.2798	3.934	4.999	4.169	3.989	3.965	4.002	3.199	2.992	2.971	0.4787	0.0000	0.0	1	-11.511	3.0870754719
	10.00	0.8403738141	0.8386	0.3608	3.8285	4.2609	3.868	4.934	4.099	3.924	3.902	3.940	3.140	2.936	2.916	0.4787	0.0000	0.0	1	-11.508	3.0884974003
	10.00	0.8436118364	0.8417	0.3855	3.8294	4.2415	3.806	4.874	4.033	3.862	3.842	3.881	3.083	2.881	2.861	0.4787	0.0000	0.0	1	-11.508	3.0897603035
	10.00	0.8445516229	0.8426	0.3929	3.8297	4.2354	3.788	4.856	4.014	3.843	3.824	3.864	3.065	2.864	2.844	0.4787	0.0000	0.0	1	-11.508	3.0901250839
	10.00	0.8479039073	0.8459	0.4200	3.8304	4.2129	3.720	4.790	3.942	3.775	3.757	3.798	3.001	2.802	2.781	0.4787	0.0000	0.0	1	-11.509	3.0914189816
	10.00	0.8594642282	0.8571	0.5304	3.8292	4.1035	3.444	4.526	3.662	3.495	3.477	3.516	2.718	2.518	2.497	0.4787	0.0000	0.1	1	-11.524	3.0958023071
	10.00	0.8652979732	0.8627	0.6013	3.8218	4.0057	3.267	4.366	3.499	3.312	3.283	3.314	2.503	2.289	2.266	0.4787	0.0000	0.1	1	-11.539	3.0979685783
	10.00	0.8694121242	0.8666	0.6649	3.8087	3.8916	3.108	4.240	3.369	3.145	3.096	3.113	2.279	2.038	2.012	0.4787	0.0000	0.1	1	-11.551	3.0994784832
	10.00	0.8717771769	0.8688	0.7086	3.7932	3.7871	2.998	4.177	3.299	3.029	2.956	2.955	2.094	1.821	1.791	0.4787	0.0000	0.1	1	-11.560	3.1003398895
	10.00	0.8735501170	0.8704	0.7435	3.7756	3.6827	2.911	4.156	3.262	2.938	2.837	2.815	1.923	1.611	1.576	0.4787	0.0000	0.1	1	-11.566	3.1009824276
	10.00	0.8750187159	0.8717	0.7754	3.7586	3.5834	2.832	4.182	3.239	2.856	2.729	2.687	1.764	1.417	1.374	0.4787	0.0000	0.1	1	-11.572	3.1015126705
	10.00	0.8752508759	0.8719	0.7807	3.7559	3.5673	2.818	4.186	3.235	2.843	2.711	2.666	1.738	1.385	1.341	0.4787	0.0000	0.1	1	-11.573	3.1015963554
	10.00	0.8764132857	0.8729	0.8309	3.7448	3.4731	2.693	4.147	3.151	2.719	2.569	2.511	1.562	1.185	1.136	0.4787	0.0000	0.2	1	-11.578	3.1020145416
	10.00	0.8773062825	0.8737	0.8934	3.7391	3.3883	2.537	4.048	3.017	2.564	2.405	2.340	1.380	0.990	0.939	0.4787	0.0000	0.2	1	-11.581	3.1023352146
	10.00	0.8779844642	0.8742	0.9537	3.7360	3.3160	2.386	3.928	2.878	2.414	2.250	2.181	1.215	0.819	0.766	0.4787	0.0000	0.2	1	-11.584	3.1025781631
	10.00	0.8785899878	0.8747	1.0158	3.7335	3.2441	2.230	3.799	2.733	2.259	2.091	2.020	1.048	0.646	0.593	0.4787	0.0000	0.2	1	-11.586	3.1027946472
	10.00	0.8791388273	0.8751	1.0770	3.7317	3.1757	2.078	3.665	2.587	2.107	1.936	1.862	0.887	0.480	0.426	0.4787	0.0000	0.3	1	-11.588	3.1029906273
	10.00	0.8796313405	0.8754	1.1375	3.7300	3.1087	1.926	3.530	2.441	1.956	1.783	1.707	0.728	0.317	0.263	0.4787	0.0000	0.3	1	-11.589	3.1031663418
	10.00	0.8801022768	0.8756	1.2044	3.7282	3.0345	1.759	3.381	2.281	1.790	1.613	1.535	0.552	0.137	0.082	0.4787	0.0000	0.3	1	-11.591	3.1033341885
	10.00	0.8805310726	0.8758	1.2686	3.7264	2.9634	1.599	3.240	2.127	1.630	1.451	1.370	0.384	-0.036	-0.091	0.4787	0.0000	0.4	1	-11.592	3.1034870148
	10.00	0.8808784485	0.8758	1.3256	3.7248	2.9000	1.456	3.116	1.991	1.488	1.306	1.223	0.234	-0.190	-0.246	0.4787	0.0000	0.4	1	-11.592	3.1036105156
	10.00	0.8811962008	0.8758	1.3887	3.7229	2.8291	1.298	2.988	1.843	1.332	1.146	1.061	0.067	-0.360	-0.417	0.4787	0.0000	0.5	1	-11.592	3.1037235260
	10.00	0.8814741373	0.8758	1.4474	3.7211	2.7633	1.152	2.869	1.705	1.186	0.998	0.910	-0.087	-0.519	-0.577	0.4787	0.0000	0.5	1	-11.592	3.1038222313
	10.00	0.8817210197	0.8757	1.5043	3.7193	2.6994	1.009	2.752	1.571	1.045	0.854	0.764	-0.237	-0.674	-0.732	0.4787	0.0000	0.6	1	-11.592	3.1039097309
	10.00	0.8819487691	0.8755	1.5615	3.7175	2.6347	0.866	2.637	1.438	0.904	0.709	0.617	-0.388	-0.829	-0.888	0.4787	0.0000	0.7	1	-11.592	3.1039905548
	10.00	0.8821524382	0.8752	1.6175	3.7157	2.5713	0.726	2.524	1.307	0.766	0.568	0.473	-0.536	-0.982	-1.042	0.4787	0.0000	0.8	1	-11.591	3.1040627956
	10.00	0.8823319674	0.8749	1.6758	3.7136	2.5047	0.581	2.407	1.172	0.622	0.420	0.323	-0.690	-1.142	-1.202	0.4787	0.0000	0.8	1	-11.590	3.1041264534
	10.00	0.8824909329	0.8746	1.7305	3.7118	2.4425	0.444	2.300	1.045	0.487	0.282	0.181	-0.835	-1.291	-1.352	0.4787	0.0000	0.9	1	-11.588	3.1041827202
	10.00	0.8826327324	0.8741	1.7852	3.7098	2.3795	0.307	2.196	0.920	0.352	0.143	0.040	-0.981	-1.442	-1.504	0.4787	0.0000	1.0	1	-11.587	3.1042330265
	10.00	0.8827573061	0.8736	1.8384	3.7078	2.3183	0.174	2.093	0.798	0.220	0.008	-0.098	-1.123	-1.588	-1.651	0.4787	0.0000	1.2	1	-11.585	3.1042771339
	10.00	0.8828716874	0.8730	1.8903	3.7059	2.2581	0.044	1.995	0.680	0.092	-0.124	-0.232	-1.261	-1.732	-1.795	0.4787	0.0000	1.3	1	-11.583	3.1043174267
	10.00	0.8829774261	0.8724	1.9412	3.7038	2.1988	-0.083	1.900	0.564	-0.033	-0.253	-0.364	-1.398	-1.873	-1.937	0.4787	0.0000	1.4	1	-11.581	3.1043548584
	10.00	0.8830831647	0.8716	1.9891	3.7020	2.1433	-0.203	1.808	0.455	-0.151	-0.374	-0.488	-1.525	-2.005	-2.070	0.4787	0.0000	1.6	1	-11.578	3.1043922901
	10.00	0.8831582069	0.8709	2.0136	3.7012	2.1152	-0.264	1.761	0.399	-0.211	-0.436	-0.551	-1.590	-2.072	-2.137	0.4787	0.0000	1.7	1	-11.576	3.1044189930
	10.00	0.8832474947	0.8701	1.9891	3.7026	2.1449	-0.203	1.801	0.452	-0.151	-0.374	-0.486	-1.523	-2.001	-2.066	0.4787	0.0000	1.6	1	-11.572	3.1044504642
	10.00	0.8833428025	0.8692	2.0508	3.7000	2.0723	-0.357	1.687	0.314	-0.303	-0.531	-0.647	-1.689	-2.173	-2.239	0.4787	0.0000	1.8	1	-11.570	3.1044840813
	10.00	0.8834272623	0.8682	2.1106	3.6974	2.0018	-0.506	1.590	0.183	-0.447	-0.680	-0.800	-1.848	-2.340	-2.407	0.4787	0.0000	2.0	1	-11.567	3.1045141220
	10.00	0.8835096359	0.8669	2.1744	3.6948	1.9270	-0.666	1.489	0.043	-0.601	-0.840	-0.964	-2.018	-2.517	-2.585	0.4787	0.0000	2.3	1	-11.564	3.1045432091
	10.00	0.8835811615	0.8655	2.2352	3.6922	1.8548	-0.818	1.397	-0.088	-0.748	-0.993	-1.120	-2.181	-2.687	-2.756	0.4787	0.0000	2.6	1	-11.561	3.1045684814
	10.00	0.8836504817	0.8638	2.3020	3.6893	1.7755	-0.985	1.296	-0.232	-0.909	-1.160	-1.292	-2.360	-2.874	-2.945	0.4787	0.0000	3.0	1	-11.558	3.1045928001
	10.00	0.8837090135	0.8619	2.3653	3.6865	1.7000	-1.143	1.202	-0.367	-1.062	-1.319	-1.455	-2.530	-3.051	-3.123	0.4787	0.0000	3.4	1	-11.556	3.1046135426
	10.00	0.8837588429	0.8599	2.4232	3.6837	1.6302	-1.288	1.120	-0.489	-1.200	-1.464	-1.605	-2.685	-3.215	-3.288	0.4787	0.0000	3.8	1	-11.554	3.1046311855
	10.00	0.8838065267	0.8575	2.4886	3.6806	1.5509	-1.452	1.029	-0.625	-1.357	-1.628	-1.773	-2.862	-3.400	-3.474	0.4787	0.0000	4.4	1	-11.552	3.1046481133
	10.00	0.8838477135	0.8549	2.5489	3.6775	1.4771	-1.602	0.951	-0.749	-1.501	-1.779	-1.929	-3.025	-3.571	-3.647	0.4787	0.0000	5.0	1	-11.552	3.1046626568
	10.00	0.8838867545	0.8516	2.6178	3.6739	1.3919	-1.775	0.875	-0.886	-1.664	-1.951	-2.107	-3.212	-3.768	-3.846	0.4787	0.0000	5.8	1	-11.554	3.1046762466
	10.00	0.8839170933	0.8485	2.6746	3.6709	1.3217	-1.917	0.818	-0.997	-1.795	-2.090	-2.252	-3.365	-3.930	-4.009	0.4787	0.0000	6.8	1	-11.557	3.1046869755
	10.00	0.8839474320	0.8445	2.7358	3.6676	1.2452	-2.070	0.763	-1.113	-1.936	-2.240	-2.407	-3.529	-4.105	-4.186	0.4787	0.0000	7.7	1	-11.564	3.1046977043
	10.00	0.8839734793	0.8402	2.7967	3.6643	1.1690	-2.222	0.710	-1.229	-2.075	-2.389	-2.562	-3.693	-4.279	-4.362	0.4787	0.0000	8.8	1	-11.575	3.1047070026
	10.00	0.8839973211	0.8352	2.8594	3.6607	1.0891	-2.378	0.664	-1.344	-2.218	-2.542	-2.722	-3.863	-4.460	-4.545	0.4787	0.0000	10.2	1	-11.591	3.1047153473
	10.00	0.8840168715	0.8300	2.9141	3.6573	1.0181	-2.515	0.632	-1.442	-2.342	-2.675	-2.861	-4.012	-4.619	-4.706	0.4787	0.0000	11.5	1	-11.612	3.1047222614
	10.00	0.8840363622	0.8235	2.9741	3.6537	0.9405	-2.665	0.599	-1.547	-2.477	-2.822	-3.014	-4.175	-4.793	-4.882	0.4787	0.0000	13.2	1	-11.644	3.1047291756
	10.00	0.8840537071	0.8163	3.0328	3.6503	0.8642	-2.812	0.571	-1.649	-2.610	-2.966	-3.165	-4.334	-4.963	-5.054	0.4787	0.0000	15.0	1	-11.686	3.1047353745
	10.00	0.8840667009	0.8096	3.0805	3.6475	0.8019	-2.931	0.554	-1.727	-2.713	-3.079	-3.284	-4.462	-5.100	-5.193	0.4787	0.0000	16.7	1	-11.730	3.1047399044
	10.00	0.8840819001	0.7999	3.1410	3.6438	0.7212	-3.082	0.541	-1.824	-2.843	-3.222	-3.435	-4.625	-5.275	-5.370	0.4787	0.0000	19.3	1	-11.690	3.1047451496
	10.00	0.8840948939	0.7893	3.1978	3.6400	0.6433	-3.224	0.542	-1.908	-2.963	-3.355	-3.576	-4.778	-5.442	-5.539	0.4787	0.0000	22.1	1	-11.164	3.1047499180
	10.00	0.8841057420	0.7783	3.2463	3.6372	0.5775	-3.346	0.534	-1.985	-3.067	-3.470	-3.697	-4.908	-5.582	-5.681	0.4787	0.0000	24.7	1	-10.733	3.1047537327
	10.00	0.8841057420	0.7784	1.6948	3.7562	2.6050	0.533	1.974	0.914	0.540	0.415	0.372	-0.555	-0.901	-0.943	0.4787	0.0000	0.7	1	-11.738	3.1047537327
	10.00	0.8841937184	0.7785	1.7144	3.7511	2.5652	0.484	1.955	0.885	0.493	0.358	0.309	-0.627	-0.985	-1.029	0.4787	0.0000	0.8	1	-11.737	3.1047847271
	10.00	0.8843050003	0.7786	1.7200	3.7504	2.5568	0.470	1.946	0.873	0.479	0.343	0.293	-0.645	-1.004	-1.049	0.4787	0.0000	0.8	1	-11.736	3.1048238277
	10.00	0.8843792677	0.7787	1.7231	3.7501	2.5526	0.462	1.940	0.867	0.472	0.335	0.285	-0.654	-1.014	-1.058	0.4787	0.0000	0.8	1	-11.736	3.1048500538
	10.00	0.8844226003	0.7788	1.7238	3.7502	2.5524	0.461	1.938	0.865	0.470	0.333	0.283	-0.655	-1.015	-1.059	0.4787	0.0000	0.8	1	-11.736	3.1048653126
	10.00	0.8845473528	0.7789	1.7254	3.7507	2.5529	0.457	1.931	0.858	0.466	0.330	0.281	-0.657	-1.015	-1.060	0.4787	0.0000	0.8	1	-11.735	3.1049094200
	10.00	0.8846779466	0.7791	1.7254	3.7517	2.5570	0.456	1.925	0.854	0.465	0.331	0.283	-0.652	-1.008	-1.052	0.4787	0.0000	0.8	1	-11.734	3.1049554348
	10.00	0.8848147988	0.7793	1.7250	3.7530	2.5626	0.458	1.919	0.850	0.466	0.334	0.287	-0.645	-0.998	-1.042	0.4787	0.0000	0.8	1	-11.733	3.1050035954
	10.00	0.8849558830	0.7794	1.7248	3.7542	2.5678	0.458	1.913	0.845	0.466	0.336	0.291	-0.639	-0.989	-1.033	0.4787	0.0000	0.8	1	-11.731	3.1050534248
	10.00	0.8851020336	0.7796	1.7253	3.7553	2.5716	0.457	1.906	0.840	0.464	0.337	0.293	-0.636	-0.983	-1.026	0.4787	0.0000	0.8	1	-11.730	3.1051049232
	10.00	0.8852495551	0.7798	1.7265	3.7558	2.5727	0.454	1.900	0.834	0.461	0.334	0.291	-0.636	-0.982	-1.025	0.4787	0.0000	0.8	1	-11.729	3.1051566601
	10.00	0.8853198290	0.7799	1.7276	3.7559	2.5720	0.451	1.897	0.831	0.458	0.332	0.288	-0.638	-0.984	-1.027	0.4787	0.0000	0.8	1	-11.729	3.1051814556
	10.00	0.8853704333	0.7799	1.7286	3.7558	2.5706	0.449	1.895	0.829	0.455	0.329	0.286	-0.641	-0.988	-1.031	0.4787	0.0000	0.8	1	-11.728	3.1051993370
	10.00	0.8854690194	0.7800	1.7310	3.7554	2.5667	0.442	1.892	0.825	0.449	0.322	0.278	-0.649	-0.997	-1.040	0.4787	0.0000	0.8	1	-11.728	3.1052339077
	10.00	0.8855672479	0.7802	1.7343	3.7546	2.5603	0.434	1.888	0.820	0.442	0.313	0.268	-0.661	-1.010	-1.054	0.4787	0.0000	0.8	1	-11.727	3.1052684784
	10.00	0.8856675625	0.7803	1.7384	3.7536	2.5522	0.424	1.884	0.813	0.431	0.301	0.255	-0.676	-1.028	-1.071	0.4787	0.0000	0.8	1	-11.726	3.1053037643
	10.00	0.8857721686	0.7804	1.7437	3.7523	2.5419	0.411	1.878	0.805	0.419	0.286	0.239	-0.695	-1.050	-1.094	0.4787	0.0000	0.8	1	-11.726	3.1053404808
	10.00	0.8858810663	0.7805	1.7508	3.7507	2.5284	0.393	1.870	0.794	0.401	0.266	0.217	-0.720	-1.079	-1.123	0.4787	0.0000	0.8	1	-11.725	3.1053788662
	10.00	0.8859974742	0.7807	1.7598	3.7489	2.5121	0.370	1.862	0.779	0.380	0.241	0.190	-0.751	-1.114	-1.159	0.4787	0.0000	0.8	1	-11.724	3.1054196358
	10.00	0.8861558437	0.7809	1.7739	3.7462	2.4874	0.335	1.851	0.756	0.346	0.203	0.148	-0.798	-1.168	-1.214	0.4787	0.0000	0.9	1	-11.723	3.1054754257
	10.00	0.8862034082	0.7809	1.7791	3.7452	2.4782	0.322	1.847	0.748	0.334	0.189	0.132	-0.816	-1.187	-1.234	0.4787	0.0000	0.9	1	-11.723	3.1054921150
	10.00	0.8862661719	0.7810	1.7865	3.7438	2.4655	0.304	1.841	0.736	0.316	0.168	0.110	-0.840	-1.215	-1.262	0.4787	0.0000	0.9	1	-11.723	3.1055140495
	10.00	0.8865635395	0.7814	1.8628	3.7339	2.3498	0.113	1.745	0.591	0.130	-0.035	-0.105	-1.076	-1.474	-1.525	0.4787	0.0000	1.1	1	-11.722	3.1056184769
	10.00	0.8865870237	0.7814	1.8939	3.7304	2.3048	0.035	1.701	0.530	0.054	-0.117	-0.192	-1.169	-1.575	-1.628	0.4787	0.0000	1.2	1	-11.722	3.1056268215
	10.00	0.8865998983	0.7814	1.9361	3.7258	2.2442	-0.070	1.640	0.446	-0.048	-0.228	-0.309	-1.295	-1.713	-1.767	0.4787	0.0000	1.3	1	-11.723	3.1056313515
	10.00	0.8866038322	0.7814	1.9725	3.7223	2.1934	-0.161	1.595	0.375	-0.136	-0.322	-0.408	-1.402	-1.828	-1.884	0.4787	0.0000	1.5	1	-11.723	3.1056325436
	10.00	0.8866068125	0.7814	2.0280	3.7172	2.1177	-0.300	1.528	0.266	-0.269	-0.464	-0.557	-1.562	-2.001	-2.059	0.4787	0.0000	1.7	1	-11.725	3.1056337357
	10.00	0.8866092563	0.7814	2.1078	3.7114	2.0148	-0.500	1.411	0.100	-0.462	-0.668	-0.769	-1.786	-2.240	-2.300	0.4787	0.0000	2.0	1	-11.727	3.1056344509
	10.00	0.8866117001	0.7814	2.1890	3.7065	1.9137	-0.702	1.286	-0.072	-0.660	-0.876	-0.983	-2.011	-2.477	-2.539	0.4787	0.0000	2.4	1	-11.729	3.1056354046
	10.00	0.8866152167	0.7814	2.2580	3.7022	1.8278	-0.875	1.181	-0.218	-0.828	-1.052	-1.165	-2.202	-2.679	-2.742	0.4787	0.0000	2.8	1	-11.732	3.1056365967
	10.00	0.8866162300	0.7814	2.2714	3.7014	1.8112	-0.908	1.160	-0.246	-0.860	-1.087	-1.201	-2.239	-2.718	-2.782	0.4787	0.0000	2.8	1	-11.732	3.1056370735
	10.00	0.8866289854	0.7815	2.2155	3.7051	1.8817	-0.769	1.243	-0.129	-0.725	-0.943	-1.053	-2.083	-2.553	-2.616	0.4787	0.0000	2.5	1	-11.730	3.1056413651
	10.00	0.8866327405	0.7815	2.2105	3.7054	1.8880	-0.756	1.250	-0.119	-0.713	-0.931	-1.040	-2.069	-2.538	-2.601	0.4787	0.0000	2.5	1	-11.730	3.1056427956
	10.00	0.8866710663	0.7815	2.2826	3.7008	1.7975	-0.937	1.142	-0.270	-0.888	-1.115	-1.230	-2.270	-2.750	-2.815	0.4787	0.0000	2.9	1	-11.733	3.1056561470
	10.00	0.8866935968	0.7815	2.3707	3.6952	1.6871	-1.157	1.037	-0.447	-1.097	-1.336	-1.460	-2.512	-3.008	-3.075	0.4787	0.0000	3.5	1	-11.737	3.1056642532
	10.00	0.8867118955	0.7816	2.4496	3.6905	1.5892	-1.354	0.942	-0.606	-1.284	-1.534	-1.664	-2.728	-3.237	-3.307	0.4787	0.0000	4.2	1	-11.742	3.1056704521
	10.00	0.8867267370	0.7816	2.5237	3.6859	1.4969	-1.539	0.857	-0.754	-1.459	-1.719	-1.857	-2.932	-3.453	-3.525	0.4787	0.0000	4.9	1	-11.748	3.1056756973
	10.00	0.8867362142	0.7816	2.5751	3.6827	1.4326	-1.668	0.805	-0.854	-1.580	-1.848	-1.991	-3.073	-3.603	-3.677	0.4787	0.0000	5.5	1	-11.753	3.1056790352
	10.00	0.8867464066	0.7816	2.6360	3.6786	1.3552	-1.820	0.750	-0.969	-1.723	-2.001	-2.150	-3.243	-3.783	-3.859	0.4787	0.0000	6.3	1	-11.760	3.1056826115
	10.00	0.8867566586	0.7816	2.7112	3.6735	1.2598	-2.008	0.690	-1.108	-1.897	-2.188	-2.345	-3.450	-4.005	-4.083	0.4787	0.0000	7.4	1	-11.771	3.1056861877
	10.00	0.8867633343	0.7816	2.7768	3.6695	1.1782	-2.172	0.641	-1.229	-2.046	-2.347	-2.512	-3.628	-4.196	-4.276	0.4787	0.0000	8.5	1	-11.782	3.1056885719
	10.00	0.8867690563	0.7816	2.8397	3.6654	1.0989	-2.329	0.603	-1.342	-2.188	-2.500	-2.672	-3.800	-4.380	-4.463	0.4787	0.0000	9.8	1	-11.795	3.1056907177
	10.00	0.8867737651	0.7816	2.8993	3.6611	1.0222	-2.478	0.578	-1.443	-2.320	-2.645	-2.824	-3.963	-4.558	-4.642	0.4787	0.0000	11.2	1	-11.810	3.1056921482
	10.00	0.8867782354	0.7816	2.9565	3.6573	0.9495	-2.621	0.556	-1.540	-2.448	-2.784	-2.970	-4.120	-4.726	-4.813	0.4787	0.0000	12.8	1	-11.826	3.1056938171
	10.00	0.8867831230	0.7816	3.0149	3.6536	0.8764	-2.767	0.532	-1.639	-2.578	-2.926	-3.119	-4.280	-4.897	-4.986	0.4787	0.0000	14.5	1	-11.846	3.1056954861
	10.00	0.8867877126	0.7817	3.0874	3.6486	0.7839	-2.948	0.518	-1.754	-2.736	-3.100	-3.303	-4.478	-5.111	-5.203	0.4787	0.0000	17.1	1	-11.876	3.1056971550
	10.00	0.8867884874	0.7817	3.1146	3.6466	0.7486	-3.016	0.520	-1.794	-2.793	-3.163	-3.370	-4.552	-5.192	-5.285	0.4787	0.0000	18.2	1	-11.889	3.1056973934
	10.00	0.8867887855	0.7817	3.1272	3.6458	0.7328	-3.048	0.518	-1.814	-2.820	-3.193	-3.402	-4.586	-5.229	-5.322	0.4787	0.0000	18.8	1	-11.794	3.1056976318
	10.00	0.8867887855	0.7817	2.6187	3.6794	1.3758	-1.777	0.773	-0.933	-1.681	-1.957	-2.105	-3.196	-3.735	-3.810	0.4728	0.0000	6.0	1	-11.758	3.1056976318
	10.00	0.8868076205	0.7504	2.7715	3.6716	1.1743	-2.159	0.608	-1.236	-2.041	-2.338	-2.498	-3.609	-4.169	-4.248	0.4728	0.5297	8.5	1	-11.987	3.1057040691
	10.00	0.8868150711	0.7041	2.8307	3.6689	1.0766	-2.307	0.553	-1.351	-2.179	-2.484	-2.650	-3.767	-4.336	-4.416	0.4728	0.5369	9.9	1	-12.331	3.1057066917
	10.00	0.8868196011	0.6305	2.9374	3.6685	0.9201	-2.574	0.354	-1.601	-2.445	-2.755	-2.922	-4.041	-4.607	-4.687	0.4728	0.5417	12.7	1	-12.925	3.1057083607
	10.00	0.8868198991	0.6092	3.0816	3.7362	1.0318	-2.934	-1.117	-2.503	-2.955	-3.110	-3.179	-4.134	-4.503	-4.555	0.3998	0.5432	10.4	1	-13.077	3.1057083607
	10.00	0.8868201375	0.5877	3.2416	3.7501	0.9120	-3.334	-1.624	-2.993	-3.374	-3.499	-3.552	-4.474	-4.800	-4.849	0.3998	0.5433	12.7	1	-13.285	3.1057085991
	10.00	0.8868203759	0.5662	3.4008	3.7611	0.7804	-3.732	-2.073	-3.456	-3.784	-3.883	-3.927	-4.821	-5.113	-5.161	0.3998	0.5433	15.9	1	-12.731	3.1057085991
	10.00	0.8868205547	0.5499	3.5210	3.7709	0.6867	-4.033	-2.428	-3.815	-4.093	-4.169	-4.207	-5.074	-5.337	-5.383	0.3998	0.5434	18.6	1	-12.130	3.1057085991
