# File generated by CMD 2.3 (http://stev.oapd.inaf.it/cmd) on Wed Aug  8 23:07:32 CEST 2012
# Basic reference: Marigo et al. (2008, A&A 482, 883) 
# but applying the corrections from Case A in Girardi et al. (2010, ApJ 724, 1030) 
#  but see Girardi et al. (2004, A&A 422, 205) for SDSS-specific details
# Photometric system: SDSS <i>ugriz</i>
# BCs of Carbon stars derive from Loidl et al. (2001)
# O-rich circumstellar dust ignored
# C-rich circumstellar dust ignored
# IMF: Chabrier (2001) lognormal 
# Kind of output: isochrone tables
#	Isochrone	Z = 0.00035		Age = 	1.000e+10 yr
# log(age/yr)	M_ini   	M_act	logL/Lo	logTe	logG	mbol    u       g       r       i       z	C/O	M_hec	period	pmode	logMdot	int_IMF
	10.00	0.1500000060	0.1500	-2.2848	3.5931	5.2174	10.482	14.574	12.155	10.857	10.358	10.069	0.4787	0.0000	0.0	1	-17.817	1.9609395266
	10.00	0.2000000030	0.2000	-1.9762	3.6173	5.1303	9.711	13.216	11.096	9.983	9.556	9.310	0.4787	0.0000	0.0	1	-17.692	2.2217822075
	10.00	0.2500000000	0.2500	-1.7675	3.6300	5.0693	9.189	12.462	10.445	9.416	9.022	8.799	0.4787	0.0000	0.0	1	-17.573	2.4080901146
	10.00	0.3000000119	0.3000	-1.6244	3.6387	5.0402	8.831	11.951	10.003	9.027	8.656	8.448	0.4787	0.0000	0.0	1	-16.636	2.5475041866
	10.00	0.3499999940	0.3500	-1.5005	3.6462	5.0134	8.521	11.508	9.621	8.691	8.339	8.145	0.4787	0.0000	0.0	1	-15.843	2.6555202007
	10.00	0.4000000060	0.4000	-1.3876	3.6530	4.9855	8.239	11.105	9.277	8.387	8.053	7.869	0.4787	0.0000	0.0	1	-15.157	2.7413372993
	10.00	0.4499999881	0.4500	-1.2445	3.6619	4.9293	7.881	10.581	8.843	8.005	7.692	7.524	0.4787	0.0000	0.0	1	-14.551	2.8109800816
	10.00	0.5000000000	0.5000	-1.0990	3.6734	4.8755	7.517	10.006	8.382	7.609	7.324	7.174	0.4787	0.0000	0.0	1	-14.009	2.8684780598
	10.00	0.5500000119	0.5500	-0.9258	3.6926	4.8204	7.084	9.241	7.817	7.137	6.891	6.768	0.4787	0.0000	0.0	1	-13.519	2.9166350365
	10.00	0.6000000238	0.5998	-0.7364	3.7175	4.7683	6.611	8.389	7.204	6.634	6.433	6.343	0.4787	0.0000	0.0	1	-13.074	2.9573988914
	10.00	0.6100045443	0.6098	-0.6971	3.7226	4.7567	6.513	8.216	7.080	6.531	6.339	6.256	0.4787	0.0000	0.0	1	-12.989	2.9648194313
	10.00	0.6373350024	0.6370	-0.5893	3.7366	4.7237	6.243	7.781	6.752	6.260	6.092	6.025	0.4787	0.0000	0.0	1	-12.764	2.9839992523
	10.00	0.6618797183	0.6615	-0.4921	3.7489	4.6922	6.000	7.400	6.461	6.018	5.870	5.817	0.4787	0.0000	0.0	1	-12.570	2.9999368191
	10.00	0.6843459010	0.6839	-0.4021	3.7600	4.6609	5.775	7.085	6.201	5.800	5.668	5.628	0.4787	0.0000	0.0	1	-12.399	3.0135524273
	10.00	0.6999999881	0.6995	-0.3384	3.7675	4.6372	5.616	6.868	6.019	5.645	5.525	5.493	0.4787	0.0000	0.0	1	-12.283	3.0225379467
	10.00	0.7124594450	0.7119	-0.2856	3.7736	4.6163	5.484	6.690	5.868	5.517	5.406	5.381	0.4787	0.0000	0.0	1	-12.197	3.0294163227
	10.00	0.7304569483	0.7298	-0.2073	3.7823	4.5837	5.288	6.451	5.650	5.327	5.230	5.215	0.4787	0.0000	0.0	1	-12.069	3.0389497280
	10.00	0.7474787235	0.7467	-0.1306	3.7904	4.5494	5.097	6.226	5.438	5.142	5.057	5.050	0.4787	0.0000	0.0	1	-11.948	3.0475566387
	10.00	0.7642884254	0.7634	-0.0512	3.7982	4.5108	4.898	5.996	5.219	4.948	4.875	4.878	0.4787	0.0000	0.0	1	-11.832	3.0556912422
	10.00	0.7828490734	0.7818	0.0433	3.8067	4.4605	4.662	5.743	4.961	4.716	4.657	4.669	0.4787	0.0000	0.0	1	-11.714	3.0642793179
	10.00	0.7942312956	0.7931	0.1045	3.8116	4.4253	4.509	5.583	4.794	4.565	4.514	4.532	0.4787	0.0000	0.0	1	-11.651	3.0693533421
	10.00	0.8000000119	0.7988	0.1366	3.8141	4.4061	4.429	5.500	4.707	4.486	4.438	4.459	0.4787	0.0000	0.0	1	-11.622	3.0718705654
	10.00	0.8137310147	0.8123	0.2198	3.8203	4.3551	4.220	5.285	4.481	4.279	4.242	4.271	0.4787	0.0000	0.0	1	-11.564	3.0777151585
	10.00	0.8306056261	0.8289	0.3365	3.8282	4.2788	3.929	4.990	4.165	3.989	3.966	4.003	0.4787	0.0000	0.0	1	-11.519	3.0846264362
	10.00	0.8346971273	0.8329	0.3674	3.8299	4.2568	3.852	4.915	4.082	3.912	3.892	3.931	0.4787	0.0000	0.0	1	-11.513	3.0862591267
	10.00	0.8383067846	0.8364	0.3960	3.8310	4.2345	3.780	4.845	4.006	3.840	3.822	3.863	0.4787	0.0000	0.0	1	-11.510	3.0876860619
	10.00	0.8388918042	0.8369	0.4007	3.8312	4.2308	3.768	4.833	3.993	3.828	3.811	3.852	0.4787	0.0000	0.0	1	-11.509	3.0879161358
	10.00	0.8415215015	0.8395	0.4242	3.8315	4.2100	3.710	4.777	3.933	3.769	3.753	3.794	0.4787	0.0000	0.0	1	-11.508	3.0889461040
	10.00	0.8536389470	0.8512	0.5399	3.8310	4.0981	3.420	4.499	3.637	3.476	3.460	3.501	0.4787	0.0000	0.1	1	-11.514	3.0936088562
	10.00	0.8596736193	0.8570	0.6189	3.8216	3.9846	3.223	4.321	3.457	3.271	3.242	3.272	0.4787	0.0000	0.1	1	-11.524	3.0958805084
	10.00	0.8637443781	0.8608	0.6869	3.8062	3.8569	3.053	4.188	3.322	3.093	3.040	3.053	0.4787	0.0000	0.1	1	-11.533	3.0973947048
	10.00	0.8665262461	0.8634	0.7412	3.7820	3.7069	2.917	4.132	3.252	2.949	2.858	2.843	0.4787	0.0000	0.1	1	-11.541	3.0984210968
	10.00	0.8682505488	0.8650	0.7732	3.7604	3.5894	2.837	4.166	3.241	2.867	2.741	2.701	0.4787	0.0000	0.1	1	-11.546	3.0990538597
	10.00	0.8693130612	0.8659	0.8165	3.7495	3.5031	2.729	4.124	3.170	2.759	2.616	2.563	0.4787	0.0000	0.1	1	-11.549	3.0994424820
	10.00	0.8701282144	0.8666	0.8648	3.7431	3.4294	2.608	4.066	3.074	2.639	2.486	2.425	0.4787	0.0000	0.2	1	-11.552	3.0997397900
	10.00	0.8708733916	0.8672	0.9253	3.7389	3.3523	2.457	3.956	2.939	2.489	2.329	2.263	0.4787	0.0000	0.2	1	-11.554	3.1000113487
	10.00	0.8714696169	0.8677	0.9819	3.7362	3.2852	2.315	3.842	2.808	2.348	2.184	2.114	0.4787	0.0000	0.2	1	-11.556	3.1002283096
	10.00	0.8720176816	0.8681	1.0394	3.7341	3.2196	2.172	3.719	2.672	2.205	2.037	1.965	0.4787	0.0000	0.2	1	-11.557	3.1004273891
	10.00	0.8725283146	0.8684	1.0977	3.7324	3.1545	2.026	3.590	2.532	2.060	1.889	1.815	0.4787	0.0000	0.3	1	-11.559	3.1006124020
	10.00	0.8730050921	0.8687	1.1585	3.7307	3.0871	1.874	3.455	2.386	1.908	1.735	1.659	0.4787	0.0000	0.3	1	-11.560	3.1007852554
	10.00	0.8734182119	0.8689	1.2161	3.7291	3.0233	1.730	3.326	2.248	1.765	1.589	1.511	0.4787	0.0000	0.3	1	-11.561	3.1009347439
	10.00	0.8738275766	0.8690	1.2769	3.7275	2.9560	1.578	3.192	2.102	1.614	1.435	1.355	0.4787	0.0000	0.4	1	-11.562	3.1010828018
	10.00	0.8741892576	0.8691	1.3381	3.7257	2.8879	1.425	3.058	1.956	1.461	1.279	1.197	0.4787	0.0000	0.4	1	-11.562	3.1012134552
	10.00	0.8745033145	0.8691	1.3989	3.7239	2.8199	1.273	2.930	1.811	1.309	1.125	1.041	0.4787	0.0000	0.5	1	-11.562	3.1013269424
	10.00	0.8747822046	0.8690	1.4579	3.7222	2.7539	1.125	2.809	1.672	1.163	0.976	0.889	0.4787	0.0000	0.5	1	-11.562	3.1014275551
	10.00	0.8750381470	0.8689	1.5169	3.7204	2.6876	0.978	2.689	1.534	1.017	0.826	0.737	0.4787	0.0000	0.6	1	-11.562	3.1015198231
	10.00	0.8752729893	0.8687	1.5758	3.7185	2.6212	0.831	2.569	1.396	0.871	0.678	0.586	0.4787	0.0000	0.7	1	-11.562	3.1016044617
	10.00	0.8754639030	0.8684	1.6288	3.7168	2.5613	0.698	2.461	1.272	0.740	0.544	0.449	0.4787	0.0000	0.8	1	-11.561	3.1016731262
	10.00	0.8756372929	0.8681	1.6840	3.7150	2.4984	0.560	2.350	1.144	0.604	0.404	0.307	0.4787	0.0000	0.9	1	-11.560	3.1017355919
	10.00	0.8757843375	0.8678	1.7344	3.7133	2.4412	0.434	2.250	1.027	0.479	0.276	0.177	0.4787	0.0000	0.9	1	-11.559	3.1017885208
	10.00	0.8759244084	0.8673	1.7871	3.7114	2.3808	0.302	2.148	0.905	0.349	0.142	0.041	0.4787	0.0000	1.0	1	-11.558	3.1018388271
	10.00	0.8760398626	0.8669	1.8354	3.7097	2.3253	0.181	2.055	0.794	0.230	0.020	-0.084	0.4787	0.0000	1.1	1	-11.557	3.1018803120
	10.00	0.8761466146	0.8663	1.8834	3.7080	2.2702	0.062	1.962	0.684	0.111	-0.102	-0.208	0.4787	0.0000	1.3	1	-11.556	3.1019186974
	10.00	0.8762410879	0.8658	1.9279	3.7062	2.2185	-0.050	1.878	0.583	0.001	-0.215	-0.323	0.4787	0.0000	1.4	1	-11.555	3.1019527912
	10.00	0.8763285279	0.8652	1.9724	3.7045	2.1669	-0.161	1.793	0.481	-0.108	-0.328	-0.439	0.4787	0.0000	1.5	1	-11.553	3.1019842625
	10.00	0.8764054775	0.8645	2.0080	3.7033	2.1258	-0.250	1.724	0.400	-0.196	-0.418	-0.531	0.4787	0.0000	1.6	1	-11.552	3.1020119190
	10.00	0.8764998913	0.8636	2.0431	3.7020	2.0853	-0.338	1.656	0.320	-0.283	-0.507	-0.621	0.4787	0.0000	1.7	1	-11.549	3.1020457745
	10.00	0.8765068650	0.8635	2.0453	3.7019	2.0828	-0.343	1.652	0.315	-0.288	-0.513	-0.627	0.4787	0.0000	1.7	1	-11.549	3.1020481586
	10.00	0.8765869737	0.8627	2.0227	3.7032	2.1102	-0.287	1.689	0.363	-0.233	-0.455	-0.568	0.4787	0.0000	1.7	1	-11.546	3.1020770073
	10.00	0.8766887188	0.8616	2.0917	3.7004	2.0291	-0.459	1.561	0.208	-0.402	-0.630	-0.747	0.4787	0.0000	1.9	1	-11.545	3.1021134853
	10.00	0.8767789006	0.8603	2.1599	3.6976	1.9490	-0.630	1.449	0.058	-0.568	-0.802	-0.922	0.4787	0.0000	2.2	1	-11.543	3.1021459103
	10.00	0.8768603802	0.8588	2.2276	3.6948	1.8695	-0.799	1.342	-0.090	-0.732	-0.972	-1.097	0.4787	0.0000	2.5	1	-11.541	3.1021752357
	10.00	0.8769302368	0.8571	2.2922	3.6921	1.7932	-0.961	1.243	-0.230	-0.888	-1.134	-1.263	0.4787	0.0000	2.9	1	-11.540	3.1022002697
	10.00	0.8769971728	0.8551	2.3624	3.6891	1.7100	-1.136	1.136	-0.381	-1.058	-1.311	-1.444	0.4787	0.0000	3.3	1	-11.539	3.1022243500
	10.00	0.8770524859	0.8529	2.4272	3.6862	1.6326	-1.298	1.041	-0.519	-1.213	-1.473	-1.611	0.4787	0.0000	3.8	1	-11.539	3.1022441387
	10.00	0.8771020174	0.8504	2.4933	3.6832	1.5529	-1.463	0.946	-0.658	-1.372	-1.639	-1.782	0.4787	0.0000	4.4	1	-11.540	3.1022617817
	10.00	0.8771485686	0.8473	2.5617	3.6798	1.4697	-1.634	0.854	-0.800	-1.536	-1.811	-1.959	0.4787	0.0000	5.2	1	-11.543	3.1022784710
	10.00	0.8771921992	0.8435	2.6378	3.6760	1.3762	-1.825	0.762	-0.953	-1.717	-2.002	-2.156	0.4787	0.0000	6.2	1	-11.550	3.1022942066
	10.00	0.8772271872	0.8395	2.7060	3.6725	1.2921	-1.995	0.690	-1.088	-1.877	-2.171	-2.331	0.4787	0.0000	7.1	1	-11.559	3.1023068428
	10.00	0.8772591949	0.8347	2.7747	3.6690	1.2069	-2.167	0.625	-1.220	-2.035	-2.340	-2.506	0.4787	0.0000	8.3	1	-11.573	3.1023182869
	10.00	0.8772883415	0.8291	2.8463	3.6651	1.1167	-2.346	0.565	-1.355	-2.200	-2.515	-2.689	0.4787	0.0000	9.7	1	-11.595	3.1023287773
	10.00	0.8773174286	0.8216	2.9274	3.6603	1.0125	-2.548	0.512	-1.501	-2.384	-2.713	-2.896	0.4787	0.0000	11.6	1	-11.632	3.1023390293
	10.00	0.8773407936	0.8133	2.9995	3.6563	0.9200	-2.729	0.468	-1.630	-2.548	-2.890	-3.080	0.4787	0.0000	13.6	1	-11.680	3.1023473740
	10.00	0.8773611784	0.8040	3.0709	3.6524	0.8278	-2.907	0.428	-1.755	-2.710	-3.066	-3.264	0.4787	0.0000	16.0	1	-11.745	3.1023547649
	10.00	0.8773815632	0.7912	3.1496	3.6476	0.7232	-3.104	0.405	-1.883	-2.882	-3.255	-3.463	0.4787	0.0000	19.1	1	-11.685	3.1023621559
	10.00	0.8773990870	0.7762	3.2241	3.6431	0.6224	-3.290	0.394	-2.000	-3.042	-3.432	-3.649	0.4787	0.0000	22.8	1	-11.016	3.1023683548
	10.00	0.8774019480	0.7737	3.2364	3.6424	0.6057	-3.321	0.392	-2.019	-3.068	-3.461	-3.680	0.4787	0.0000	23.5	1	-10.907	3.1023693085
	10.00	0.8774019480	0.7725	1.6892	3.7666	2.6489	0.547	1.922	0.887	0.555	0.447	0.415	0.4787	0.0000	0.7	1	-11.775	3.1023693085
	10.00	0.8774530888	0.7725	1.7018	3.7624	2.6197	0.516	1.914	0.872	0.525	0.410	0.373	0.4787	0.0000	0.7	1	-11.774	3.1023876667
	10.00	0.8775272965	0.7726	1.7106	3.7597	2.6001	0.494	1.907	0.861	0.504	0.384	0.344	0.4787	0.0000	0.7	1	-11.774	3.1024143696
	10.00	0.8776054978	0.7727	1.7143	3.7591	2.5940	0.484	1.901	0.854	0.494	0.373	0.333	0.4787	0.0000	0.7	1	-11.773	3.1024422646
	10.00	0.8776632547	0.7728	1.7167	3.7587	2.5903	0.478	1.898	0.849	0.489	0.367	0.326	0.4787	0.0000	0.7	1	-11.773	3.1024630070
	10.00	0.8776967525	0.7728	1.7173	3.7588	2.5901	0.477	1.896	0.847	0.487	0.366	0.325	0.4787	0.0000	0.7	1	-11.773	3.1024749279
	10.00	0.8778166771	0.7729	1.7192	3.7593	2.5903	0.472	1.888	0.840	0.482	0.361	0.321	0.4787	0.0000	0.7	1	-11.772	3.1025180817
	10.00	0.8779414296	0.7731	1.7197	3.7605	2.5944	0.471	1.881	0.834	0.480	0.362	0.323	0.4787	0.0000	0.7	1	-11.771	3.1025626659
	10.00	0.8780706525	0.7733	1.7195	3.7620	2.6008	0.471	1.873	0.828	0.480	0.364	0.327	0.4787	0.0000	0.7	1	-11.770	3.1026089191
	10.00	0.8782041669	0.7734	1.7195	3.7635	2.6068	0.471	1.866	0.823	0.480	0.367	0.331	0.4787	0.0000	0.7	1	-11.769	3.1026566029
	10.00	0.8783357143	0.7736	1.7199	3.7646	2.6110	0.470	1.858	0.817	0.478	0.367	0.333	0.4787	0.0000	0.7	1	-11.768	3.1027038097
	10.00	0.8784679174	0.7737	1.7212	3.7652	2.6122	0.467	1.852	0.811	0.475	0.365	0.331	0.4787	0.0000	0.7	1	-11.767	3.1027510166
	10.00	0.8785083294	0.7738	1.7217	3.7653	2.6123	0.466	1.850	0.810	0.473	0.364	0.330	0.4787	0.0000	0.7	1	-11.766	3.1027655602
	10.00	0.8785938621	0.7739	1.7237	3.7649	2.6086	0.461	1.848	0.806	0.469	0.358	0.324	0.4787	0.0000	0.7	1	-11.766	3.1027960777
	10.00	0.8787208796	0.7740	1.7276	3.7637	2.6000	0.451	1.845	0.801	0.459	0.347	0.311	0.4787	0.0000	0.7	1	-11.765	3.1028413773
	10.00	0.8788493872	0.7742	1.7332	3.7618	2.5867	0.437	1.842	0.795	0.446	0.330	0.292	0.4787	0.0000	0.7	1	-11.764	3.1028873920
	10.00	0.8789831400	0.7743	1.7411	3.7591	2.5681	0.417	1.837	0.785	0.427	0.306	0.265	0.4787	0.0000	0.8	1	-11.763	3.1029350758
	10.00	0.8791236281	0.7745	1.7518	3.7561	2.5458	0.391	1.827	0.770	0.401	0.275	0.231	0.4787	0.0000	0.8	1	-11.762	3.1029853821
	10.00	0.8792686462	0.7747	1.7649	3.7530	2.5200	0.358	1.812	0.750	0.369	0.238	0.190	0.4787	0.0000	0.8	1	-11.761	3.1030371189
	10.00	0.8795008063	0.7750	1.7952	3.7469	2.4656	0.282	1.782	0.700	0.296	0.154	0.099	0.4787	0.0000	0.9	1	-11.760	3.1031198502
	10.00	0.8795542717	0.7750	1.8077	3.7451	2.4459	0.251	1.768	0.677	0.266	0.120	0.063	0.4787	0.0000	0.9	1	-11.760	3.1031389236
	10.00	0.8796283007	0.7751	1.8253	3.7425	2.4179	0.207	1.747	0.645	0.223	0.073	0.012	0.4787	0.0000	1.0	1	-11.759	3.1031653881
	10.00	0.8797476292	0.7753	1.8542	3.7383	2.3723	0.135	1.714	0.592	0.153	-0.004	-0.070	0.4787	0.0000	1.1	1	-11.759	3.1032078266
	10.00	0.8797847629	0.7753	1.8778	3.7352	2.3364	0.075	1.683	0.547	0.096	-0.067	-0.137	0.4787	0.0000	1.1	1	-11.759	3.1032211781
	10.00	0.8798027039	0.7753	1.9222	3.7298	2.2705	-0.036	1.622	0.462	-0.012	-0.185	-0.262	0.4787	0.0000	1.3	1	-11.760	3.1032276154
	10.00	0.8798079491	0.7753	1.9578	3.7259	2.2195	-0.124	1.570	0.391	-0.099	-0.278	-0.360	0.4787	0.0000	1.4	1	-11.760	3.1032292843
	10.00	0.8798119426	0.7753	2.0306	3.7191	2.1191	-0.307	1.479	0.248	-0.274	-0.466	-0.558	0.4787	0.0000	1.7	1	-11.762	3.1032307148
	10.00	0.8798136115	0.7753	2.0875	3.7150	2.0459	-0.449	1.394	0.129	-0.412	-0.612	-0.709	0.4787	0.0000	1.9	1	-11.763	3.1032314301
	10.00	0.8798153400	0.7753	2.1486	3.7111	1.9692	-0.602	1.298	-0.001	-0.561	-0.768	-0.870	0.4787	0.0000	2.2	1	-11.765	3.1032321453
	10.00	0.8798169494	0.7753	2.1938	3.7084	1.9131	-0.714	1.228	-0.097	-0.671	-0.884	-0.989	0.4787	0.0000	2.4	1	-11.767	3.1032326221
	10.00	0.8798205256	0.7753	2.2605	3.7043	1.8304	-0.881	1.125	-0.238	-0.833	-1.054	-1.166	0.4787	0.0000	2.7	1	-11.769	3.1032338142
	10.00	0.8798353076	0.7754	2.2025	3.7080	1.9031	-0.736	1.212	-0.116	-0.692	-0.906	-1.012	0.4787	0.0000	2.4	1	-11.767	3.1032390594
	10.00	0.8798678517	0.7754	2.2694	3.7038	1.8195	-0.903	1.111	-0.257	-0.855	-1.077	-1.189	0.4787	0.0000	2.8	1	-11.769	3.1032507420
	10.00	0.8798832893	0.7754	2.3248	3.7004	1.7504	-1.042	1.026	-0.374	-0.990	-1.219	-1.336	0.4787	0.0000	3.1	1	-11.772	3.1032562256
	10.00	0.8798997998	0.7754	2.3954	3.6962	1.6629	-1.219	0.937	-0.518	-1.158	-1.396	-1.519	0.4787	0.0000	3.7	1	-11.776	3.1032621861
	10.00	0.8799121976	0.7754	2.4562	3.6927	1.5883	-1.370	0.861	-0.641	-1.302	-1.549	-1.677	0.4787	0.0000	4.2	1	-11.780	3.1032664776
	10.00	0.8799244761	0.7755	2.5275	3.6885	1.5002	-1.549	0.775	-0.785	-1.472	-1.727	-1.862	0.4787	0.0000	4.9	1	-11.785	3.1032710075
	10.00	0.8799371123	0.7755	2.6075	3.6834	1.3996	-1.749	0.696	-0.939	-1.660	-1.929	-2.071	0.4787	0.0000	5.8	1	-11.793	3.1032755375
	10.00	0.8799466491	0.7755	2.6768	3.6789	1.3123	-1.922	0.630	-1.071	-1.823	-2.103	-2.253	0.4787	0.0000	6.7	1	-11.802	3.1032788754
	10.00	0.8799540997	0.7755	2.7443	3.6749	1.2290	-2.091	0.560	-1.202	-1.982	-2.272	-2.428	0.4787	0.0000	7.8	1	-11.812	3.1032814980
	10.00	0.8799604177	0.7755	2.8126	3.6709	1.1446	-2.262	0.508	-1.329	-2.138	-2.439	-2.603	0.4787	0.0000	9.0	1	-11.824	3.1032836437
	10.00	0.8799655437	0.7755	2.8778	3.6665	1.0619	-2.425	0.472	-1.443	-2.285	-2.598	-2.769	0.4787	0.0000	10.5	1	-11.839	3.1032855511
	10.00	0.8799701929	0.7755	2.9413	3.6623	0.9816	-2.583	0.442	-1.553	-2.427	-2.752	-2.931	0.4787	0.0000	12.0	1	-11.856	3.1032872200
	10.00	0.8799759150	0.7755	3.0145	3.6578	0.8903	-2.766	0.408	-1.679	-2.591	-2.931	-3.119	0.4787	0.0000	14.2	1	-11.879	3.1032893658
	10.00	0.8799805045	0.7755	3.1148	3.6512	0.7634	-3.017	0.380	-1.843	-2.814	-3.176	-3.376	0.4787	0.0000	17.7	1	-11.921	3.1032907963
	10.00	0.8799808621	0.7755	3.1286	3.6503	0.7461	-3.052	0.375	-1.865	-2.845	-3.210	-3.412	0.4787	0.0000	18.3	1	-11.872	3.1032910347
	10.00	0.8799809217	0.7755	2.6109	3.6814	1.3884	-1.757	0.726	-0.932	-1.664	-1.937	-2.082	0.4719	0.0000	5.9	1	-11.794	3.1032910347
	10.00	0.8799955249	0.7510	2.7316	3.6747	1.2269	-2.059	0.597	-1.169	-1.950	-2.240	-2.397	1.7426	0.0000	7.8	1	-11.164	3.1032962799
	10.00	0.8800010085	0.7343	2.7771	3.6721	1.1611	-2.173	0.564	-1.253	-2.054	-2.352	-2.513	1.9747	0.5309	8.7	1	-10.874	3.1032981873
	10.00	0.8800060749	0.7013	2.8265	3.6693	1.0807	-2.296	0.530	-1.344	-2.167	-2.473	-2.640	2.0593	0.5355	9.9	1	-10.713	3.1033000946
	10.00	0.8800100088	0.6274	3.1287	3.6605	0.6948	-3.052	0.144	-1.969	-2.887	-3.227	-3.412	2.0984	0.5391	19.0	1	-10.397	3.1033012867
	10.00	0.8800103068	0.6214	3.0998	3.6651	0.7380	-2.980	0.082	-1.951	-2.834	-3.161	-3.337	2.0984	0.5394	17.5	1	-10.544	3.1033015251
	10.00	0.8800112605	0.5950	3.2926	3.8424	1.2356	-3.461	-2.197	-3.518	-3.488	-3.416	-3.410	1.9278	0.5435	7.2	1	-99.999	3.1033017635
	10.00	0.8800113201	0.5941	3.2502	3.8513	1.3128	-3.355	-2.118	-3.436	-3.373	-3.284	-3.273	1.9284	0.5436	6.3	1	-99.999	3.1033017635
	10.00	0.8800119162	0.5894	3.3156	3.8697	1.3177	-3.519	-2.343	-3.636	-3.513	-3.389	-3.372	1.9370	0.5438	6.2	1	-99.999	3.1033020020
	10.00	0.8800121546	0.5867	3.2618	3.8839	1.4261	-3.384	-2.249	-3.507	-3.353	-3.208	-3.181	1.9370	0.5440	5.2	1	-99.999	3.1033022404
	10.00	0.8800125718	0.5824	3.3017	3.8976	1.4378	-3.484	-2.394	-3.606	-3.425	-3.260	-3.227	1.9370	0.5445	5.0	1	-99.999	3.1033022404
	10.00	0.8800128698	0.5550	3.4687	3.9133	1.3128	-3.902	-2.868	-3.989	-3.799	-3.620	-3.576	1.9370	0.5449	6.2	1	-99.999	3.1033024788
	10.00	0.8800131083	0.5501	3.4526	3.9276	1.3823	-3.861	-2.863	-3.915	-3.713	-3.523	-3.466	1.9371	0.5452	5.5	1	-99.999	3.1033024788
	10.00	0.8800132871	0.5486	3.5001	3.9410	1.3870	-3.980	-3.013	-3.981	-3.778	-3.585	-3.512	1.9371	0.5453	5.4	1	-99.999	3.1033024788
	10.00	0.8800141811	0.5486	3.4088	4.2486	2.7087	-3.752	-2.232	-2.272	-1.880	-1.577	-1.310	0.0054	0.5486	0.5	1	-13.534	3.1033029556
	10.00	0.8800151348	0.5486	3.4110	4.3598	3.1515	-3.758	-1.832	-1.681	-1.232	-0.896	-0.590	0.0001	0.5486	0.3	1	-13.533	3.1033031940
