# File generated by CMD 2.3 (http://stev.oapd.inaf.it/cmd) on Wed Aug  8 07:44:57 CEST 2012
# Basic reference: Marigo et al. (2008, A&A 482, 883) 
# but applying the corrections from Case A in Girardi et al. (2010, ApJ 724, 1030) 
#  but see Girardi et al. (2004, A&A 422, 205) for SDSS-specific details
# Photometric system: SDSS <i>ugriz</i>
# BCs of Carbon stars derive from Loidl et al. (2001)
# O-rich circumstellar dust ignored
# C-rich circumstellar dust ignored
# IMF: Chabrier (2001) lognormal 
# Kind of output: isochrone tables
#	Isochrone	Z = 0.00019		Age = 	1.000e+10 yr
# log(age/yr)	M_ini   	M_act	logL/Lo	logTe	logG	mbol    u       g       r       i       z	C/O	M_hec	period	pmode	logMdot	int_IMF
	10.00	0.1500000060	0.1500	-2.2848	3.5931	5.2174	10.482	14.562	12.145	10.855	10.358	10.069	0.4787	0.0000	0.0	1	-17.817	1.9609395266
	10.00	0.2000000030	0.2000	-1.9762	3.6173	5.1303	9.711	13.180	11.080	9.981	9.555	9.309	0.4787	0.0000	0.0	1	-17.692	2.2217822075
	10.00	0.2500000000	0.2500	-1.7675	3.6300	5.0693	9.189	12.414	10.428	9.414	9.020	8.796	0.4787	0.0000	0.0	1	-17.573	2.4080901146
	10.00	0.3000000119	0.3000	-1.6244	3.6387	5.0402	8.831	11.898	9.988	9.025	8.653	8.444	0.4787	0.0000	0.0	1	-16.636	2.5475041866
	10.00	0.3499999940	0.3500	-1.5005	3.6462	5.0134	8.521	11.450	9.606	8.689	8.335	8.140	0.4787	0.0000	0.0	1	-15.843	2.6555202007
	10.00	0.4000000060	0.4000	-1.3876	3.6530	4.9855	8.239	11.044	9.264	8.385	8.048	7.864	0.4787	0.0000	0.0	1	-15.157	2.7413372993
	10.00	0.4499999881	0.4500	-1.2445	3.6619	4.9293	7.881	10.520	8.834	8.004	7.688	7.517	0.4787	0.0000	0.0	1	-14.551	2.8109800816
	10.00	0.5000000000	0.5000	-1.0990	3.6734	4.8755	7.517	9.944	8.378	7.610	7.320	7.167	0.4787	0.0000	0.0	1	-14.009	2.8684780598
	10.00	0.5500000119	0.5500	-0.9258	3.6926	4.8204	7.084	9.182	7.816	7.141	6.890	6.765	0.4787	0.0000	0.0	1	-13.519	2.9166350365
	10.00	0.6000000238	0.5998	-0.7242	3.7224	4.7759	6.580	8.239	7.151	6.607	6.412	6.326	0.4787	0.0000	0.0	1	-13.074	2.9573988914
	10.00	0.6076356173	0.6074	-0.6941	3.7262	4.7663	6.505	8.115	7.059	6.531	6.342	6.260	0.4787	0.0000	0.0	1	-13.009	2.9630825520
	10.00	0.6350165606	0.6347	-0.5858	3.7397	4.7311	6.234	7.699	6.736	6.262	6.096	6.030	0.4787	0.0000	0.0	1	-12.782	2.9824321270
	10.00	0.6596121788	0.6593	-0.4879	3.7516	4.6974	5.990	7.332	6.447	6.021	5.874	5.822	0.4787	0.0000	0.0	1	-12.587	2.9985127449
	10.00	0.6821294427	0.6817	-0.3970	3.7624	4.6644	5.763	7.027	6.187	5.800	5.671	5.631	0.4787	0.0000	0.0	1	-12.415	3.0122478008
	10.00	0.6999999881	0.6995	-0.3236	3.7710	4.6363	5.579	6.782	5.978	5.622	5.506	5.475	0.4787	0.0000	0.0	1	-12.283	3.0225379467
	10.00	0.7104708552	0.7099	-0.2788	3.7762	4.6189	5.467	6.636	5.851	5.513	5.405	5.381	0.4787	0.0000	0.0	1	-12.211	3.0283341408
	10.00	0.7286677361	0.7280	-0.1986	3.7852	4.5857	5.267	6.400	5.629	5.320	5.225	5.211	0.4787	0.0000	0.0	1	-12.082	3.0380225182
	10.00	0.7458837032	0.7451	-0.1200	3.7937	4.5509	5.070	6.171	5.412	5.129	5.047	5.043	0.4787	0.0000	0.0	1	-11.959	3.0467662811
	10.00	0.7628905177	0.7620	-0.0382	3.8018	4.5115	4.866	5.941	5.187	4.930	4.860	4.865	0.4787	0.0000	0.0	1	-11.841	3.0550279617
	10.00	0.7816746831	0.7806	0.0597	3.8108	4.4601	4.621	5.684	4.919	4.688	4.634	4.650	0.4787	0.0000	0.0	1	-11.721	3.0637476444
	10.00	0.7931969762	0.7920	0.1236	3.8161	4.4236	4.461	5.518	4.744	4.530	4.484	4.506	0.4787	0.0000	0.0	1	-11.656	3.0688982010
	10.00	0.8000000119	0.7987	0.1633	3.8192	4.3997	4.362	5.416	4.636	4.432	4.391	4.416	0.4787	0.0000	0.0	1	-11.622	3.0718705654
	10.00	0.8132799268	0.8118	0.2472	3.8258	4.3496	4.152	5.201	4.407	4.224	4.194	4.227	0.4787	0.0000	0.0	1	-11.566	3.0775263309
	10.00	0.8308012486	0.8290	0.3766	3.8351	4.2663	3.828	4.883	4.054	3.901	3.888	3.932	0.4787	0.0000	0.0	1	-11.519	3.0847048759
	10.00	0.8350515962	0.8331	0.4118	3.8371	4.2414	3.741	4.797	3.960	3.813	3.804	3.850	0.4787	0.0000	0.0	1	-11.513	3.0863997936
	10.00	0.8388020992	0.8368	0.4447	3.8384	4.2156	3.658	4.717	3.872	3.730	3.724	3.772	0.4787	0.0000	0.0	1	-11.509	3.0878808498
	10.00	0.8394099474	0.8373	0.4503	3.8386	4.2112	3.644	4.703	3.857	3.716	3.710	3.758	0.4787	0.0000	0.0	1	-11.509	3.0881195068
	10.00	0.8415960670	0.8395	0.4714	3.8389	4.1924	3.591	4.652	3.802	3.663	3.657	3.706	0.4787	0.0000	0.0	1	-11.508	3.0889751911
	10.00	0.8514372706	0.8490	0.5741	3.8382	4.0918	3.335	4.407	3.539	3.402	3.397	3.445	0.4787	0.0000	0.1	1	-11.511	3.0927717686
	10.00	0.8567688465	0.8540	0.6490	3.8287	3.9812	3.148	4.234	3.370	3.208	3.188	3.226	0.4787	0.0000	0.1	1	-11.518	3.0947911739
	10.00	0.8603724837	0.8574	0.7144	3.8135	3.8569	2.984	4.099	3.240	3.036	2.993	3.013	0.4787	0.0000	0.1	1	-11.525	3.0961415768
	10.00	0.8628384471	0.8597	0.7688	3.7901	3.7098	2.848	4.023	3.165	2.892	2.813	2.806	0.4787	0.0000	0.1	1	-11.530	3.0970590115
	10.00	0.8643683195	0.8611	0.8030	3.7687	3.5908	2.762	4.022	3.144	2.804	2.691	2.658	0.4787	0.0000	0.1	1	-11.534	3.0976254940
	10.00	0.8654190898	0.8620	0.8417	3.7551	3.4982	2.666	4.001	3.092	2.707	2.573	2.524	0.4787	0.0000	0.2	1	-11.537	3.0980134010
	10.00	0.8662242889	0.8626	0.8883	3.7469	3.4193	2.549	3.941	3.003	2.591	2.443	2.384	0.4787	0.0000	0.2	1	-11.539	3.0983099937
	10.00	0.8669598103	0.8632	0.9495	3.7416	3.3372	2.396	3.837	2.870	2.439	2.282	2.217	0.4787	0.0000	0.2	1	-11.541	3.0985803604
	10.00	0.8675478101	0.8637	1.0079	3.7385	3.2663	2.250	3.721	2.736	2.294	2.132	2.063	0.4787	0.0000	0.2	1	-11.542	3.0987961292
	10.00	0.8680879474	0.8641	1.0678	3.7361	3.1971	2.101	3.593	2.594	2.145	1.979	1.907	0.4787	0.0000	0.3	1	-11.543	3.0989942551
	10.00	0.8685909510	0.8644	1.1276	3.7342	3.1299	1.951	3.462	2.452	1.996	1.827	1.753	0.4787	0.0000	0.3	1	-11.545	3.0991783142
	10.00	0.8690603375	0.8646	1.1889	3.7324	3.0615	1.798	3.325	2.304	1.843	1.671	1.595	0.4787	0.0000	0.3	1	-11.545	3.0993499756
	10.00	0.8694668412	0.8648	1.2494	3.7307	2.9942	1.647	3.190	2.160	1.693	1.518	1.439	0.4787	0.0000	0.4	1	-11.546	3.0994985104
	10.00	0.8698694706	0.8649	1.3123	3.7290	2.9245	1.489	3.051	2.008	1.535	1.357	1.277	0.4787	0.0000	0.4	1	-11.547	3.0996456146
	10.00	0.8702250123	0.8649	1.3743	3.7272	2.8557	1.334	2.915	1.859	1.380	1.200	1.117	0.4787	0.0000	0.5	1	-11.547	3.0997750759
	10.00	0.8705337048	0.8649	1.4362	3.7255	2.7866	1.180	2.779	1.711	1.226	1.042	0.958	0.4787	0.0000	0.5	1	-11.547	3.0998876095
	10.00	0.8708077073	0.8648	1.4958	3.7237	2.7199	1.030	2.653	1.569	1.077	0.891	0.804	0.4787	0.0000	0.6	1	-11.547	3.0999875069
	10.00	0.8710590601	0.8646	1.5575	3.7219	2.6510	0.876	2.525	1.423	0.924	0.735	0.645	0.4787	0.0000	0.7	1	-11.547	3.1000788212
	10.00	0.8712896109	0.8643	1.6180	3.7200	2.5828	0.725	2.401	1.282	0.774	0.582	0.490	0.4787	0.0000	0.7	1	-11.546	3.1001627445
	10.00	0.8714770675	0.8640	1.6739	3.7183	2.5197	0.585	2.286	1.151	0.636	0.441	0.346	0.4787	0.0000	0.8	1	-11.546	3.1002309322
	10.00	0.8716472387	0.8636	1.7306	3.7164	2.4555	0.444	2.172	1.018	0.495	0.297	0.199	0.4787	0.0000	0.9	1	-11.545	3.1002926826
	10.00	0.8717915416	0.8632	1.7824	3.7147	2.3966	0.314	2.069	0.897	0.367	0.165	0.065	0.4787	0.0000	1.0	1	-11.544	3.1003451347
	10.00	0.8719289303	0.8626	1.8374	3.7128	2.3338	0.176	1.960	0.770	0.230	0.025	-0.077	0.4787	0.0000	1.1	1	-11.543	3.1003949642
	10.00	0.8720422387	0.8621	1.8887	3.7111	2.2751	0.048	1.859	0.651	0.104	-0.105	-0.210	0.4787	0.0000	1.3	1	-11.542	3.1004362106
	10.00	0.8721469641	0.8614	1.9395	3.7093	2.2168	-0.079	1.759	0.534	-0.022	-0.235	-0.341	0.4787	0.0000	1.4	1	-11.541	3.1004741192
	10.00	0.8722395897	0.8607	1.9873	3.7075	2.1615	-0.198	1.667	0.424	-0.140	-0.356	-0.465	0.4787	0.0000	1.5	1	-11.540	3.1005077362
	10.00	0.8723253608	0.8599	2.0356	3.7059	2.1064	-0.319	1.571	0.313	-0.260	-0.479	-0.590	0.4787	0.0000	1.7	1	-11.539	3.1005389690
	10.00	0.8724008203	0.8591	2.0765	3.7044	2.0592	-0.421	1.491	0.219	-0.360	-0.583	-0.696	0.4787	0.0000	1.8	1	-11.537	3.1005663872
	10.00	0.8724933863	0.8579	2.1161	3.7030	2.0134	-0.520	1.413	0.129	-0.458	-0.683	-0.798	0.4787	0.0000	2.0	1	-11.535	3.1005997658
	10.00	0.8725002408	0.8578	2.1180	3.7029	2.0112	-0.525	1.409	0.124	-0.463	-0.688	-0.803	0.4787	0.0000	2.0	1	-11.535	3.1006023884
	10.00	0.8725625277	0.8570	2.0986	3.7040	2.0345	-0.477	1.443	0.166	-0.416	-0.639	-0.752	0.4787	0.0000	1.9	1	-11.533	3.1006250381
	10.00	0.8726516366	0.8557	2.1649	3.7015	1.9574	-0.642	1.318	0.016	-0.579	-0.807	-0.924	0.4787	0.0000	2.2	1	-11.532	3.1006572247
	10.00	0.8727305532	0.8543	2.2311	3.6989	1.8802	-0.808	1.202	-0.132	-0.741	-0.975	-1.096	0.4787	0.0000	2.5	1	-11.532	3.1006858349
	10.00	0.8728018403	0.8526	2.2959	3.6964	1.8044	-0.970	1.098	-0.274	-0.899	-1.139	-1.263	0.4787	0.0000	2.8	1	-11.531	3.1007115841
	10.00	0.8728629947	0.8507	2.3574	3.6940	1.7323	-1.123	1.001	-0.408	-1.048	-1.293	-1.422	0.4787	0.0000	3.2	1	-11.532	3.1007337570
	10.00	0.8729215860	0.8485	2.4243	3.6912	1.6533	-1.291	0.897	-0.553	-1.210	-1.462	-1.595	0.4787	0.0000	3.8	1	-11.533	3.1007549763
	10.00	0.8729699850	0.8461	2.4867	3.6887	1.5794	-1.447	0.801	-0.687	-1.361	-1.619	-1.756	0.4787	0.0000	4.3	1	-11.535	3.1007726192
	10.00	0.8730133176	0.8434	2.5494	3.6860	1.5045	-1.603	0.708	-0.821	-1.512	-1.777	-1.918	0.4787	0.0000	4.9	1	-11.539	3.1007883549
	10.00	0.8730540872	0.8402	2.6136	3.6830	1.4267	-1.764	0.622	-0.954	-1.666	-1.939	-2.085	0.4787	0.0000	5.6	1	-11.545	3.1008031368
	10.00	0.8730922937	0.8364	2.6839	3.6797	1.3415	-1.940	0.529	-1.098	-1.835	-2.116	-2.267	0.4787	0.0000	6.5	1	-11.555	3.1008169651
	10.00	0.8731228709	0.8324	2.7464	3.6770	1.2659	-2.096	0.446	-1.227	-1.985	-2.274	-2.430	0.4787	0.0000	7.4	1	-11.568	3.1008279324
	10.00	0.8731509447	0.8277	2.8096	3.6740	1.1884	-2.254	0.371	-1.354	-2.135	-2.432	-2.593	0.4787	0.0000	8.5	1	-11.586	3.1008381844
	10.00	0.8731763959	0.8224	2.8742	3.6708	1.1081	-2.415	0.312	-1.477	-2.284	-2.592	-2.759	0.4787	0.0000	9.8	1	-11.611	3.1008472443
	10.00	0.8732019067	0.8154	2.9458	3.6670	1.0174	-2.594	0.257	-1.610	-2.449	-2.768	-2.942	0.4787	0.0000	11.5	1	-11.649	3.1008565426
	10.00	0.8732222915	0.8080	3.0101	3.6637	0.9362	-2.755	0.209	-1.728	-2.597	-2.927	-3.107	0.4787	0.0000	13.2	1	-11.696	3.1008639336
	10.00	0.8732401729	0.7999	3.0728	3.6605	0.8564	-2.912	0.166	-1.841	-2.740	-3.082	-3.269	0.4787	0.0000	15.1	1	-11.754	3.1008703709
	10.00	0.8732579947	0.7892	3.1400	3.6569	0.7686	-3.080	0.131	-1.957	-2.893	-3.247	-3.442	0.4787	0.0000	17.6	1	-11.839	3.1008768082
	10.00	0.8732733130	0.7770	3.2030	3.6534	0.6850	-3.237	0.102	-2.064	-3.035	-3.403	-3.605	0.4787	0.0000	20.4	1	-11.381	3.1008822918
	10.00	0.8732758164	0.7748	3.2135	3.6528	0.6709	-3.264	0.099	-2.081	-3.058	-3.428	-3.632	0.4787	0.0000	20.9	1	-11.288	3.1008832455
	10.00	0.8732758164	0.7723	1.6857	3.8055	2.8081	0.556	1.784	0.761	0.567	0.527	0.538	0.4787	0.0000	0.5	1	-11.775	3.1008832455
	10.00	0.8733245730	0.7723	1.6920	3.8011	2.7841	0.540	1.777	0.760	0.551	0.503	0.509	0.4787	0.0000	0.5	1	-11.775	3.1009008884
	10.00	0.8733961582	0.7724	1.6990	3.7961	2.7572	0.522	1.773	0.759	0.534	0.477	0.478	0.4787	0.0000	0.5	1	-11.774	3.1009268761
	10.00	0.8734712005	0.7725	1.7023	3.7949	2.7494	0.514	1.768	0.754	0.526	0.467	0.466	0.4787	0.0000	0.6	1	-11.774	3.1009540558
	10.00	0.8735502362	0.7726	1.7047	3.7943	2.7444	0.508	1.765	0.750	0.520	0.459	0.458	0.4787	0.0000	0.6	1	-11.773	3.1009826660
	10.00	0.8736013174	0.7727	1.7062	3.7941	2.7420	0.505	1.762	0.748	0.516	0.455	0.454	0.4787	0.0000	0.6	1	-11.773	3.1010010242
	10.00	0.8736612201	0.7727	1.7071	3.7943	2.7421	0.502	1.759	0.745	0.514	0.454	0.452	0.4787	0.0000	0.6	1	-11.772	3.1010227203
	10.00	0.8738248944	0.7729	1.7092	3.7951	2.7433	0.497	1.752	0.736	0.508	0.449	0.449	0.4787	0.0000	0.6	1	-11.771	3.1010818481
	10.00	0.8739960790	0.7731	1.7100	3.7968	2.7495	0.495	1.745	0.728	0.506	0.450	0.452	0.4787	0.0000	0.6	1	-11.770	3.1011438370
	10.00	0.8741754293	0.7733	1.7110	3.7984	2.7549	0.493	1.738	0.720	0.503	0.450	0.454	0.4787	0.0000	0.6	1	-11.768	3.1012084484
	10.00	0.8743149042	0.7735	1.7122	3.7992	2.7569	0.489	1.732	0.714	0.500	0.448	0.453	0.4787	0.0000	0.6	1	-11.767	3.1012589931
	10.00	0.8743420243	0.7735	1.7127	3.7989	2.7552	0.488	1.732	0.714	0.499	0.447	0.451	0.4787	0.0000	0.6	1	-11.767	3.1012687683
	10.00	0.8744638562	0.7737	1.7152	3.7977	2.7481	0.482	1.729	0.712	0.493	0.438	0.441	0.4787	0.0000	0.6	1	-11.766	3.1013126373
	10.00	0.8745835423	0.7738	1.7184	3.7957	2.7369	0.474	1.728	0.711	0.485	0.427	0.428	0.4787	0.0000	0.6	1	-11.765	3.1013557911
	10.00	0.8747063279	0.7740	1.7232	3.7922	2.7183	0.462	1.727	0.711	0.473	0.410	0.406	0.4787	0.0000	0.6	1	-11.765	3.1014001369
	10.00	0.8748291731	0.7741	1.7292	3.7879	2.6950	0.447	1.725	0.710	0.459	0.387	0.379	0.4787	0.0000	0.6	1	-11.764	3.1014444828
	10.00	0.8749569654	0.7743	1.7368	3.7827	2.6667	0.428	1.722	0.709	0.440	0.360	0.345	0.4787	0.0000	0.6	1	-11.763	3.1014904976
	10.00	0.8750908375	0.7744	1.7463	3.7764	2.6323	0.404	1.717	0.708	0.417	0.326	0.304	0.4787	0.0000	0.7	1	-11.762	3.1015388966
	10.00	0.8752346635	0.7746	1.7582	3.7696	2.5934	0.375	1.719	0.704	0.390	0.287	0.256	0.4787	0.0000	0.7	1	-11.761	3.1015906334
	10.00	0.8754222393	0.7748	1.7775	3.7621	2.5442	0.326	1.710	0.685	0.344	0.228	0.189	0.4787	0.0000	0.8	1	-11.760	3.1016581059
	10.00	0.8754812479	0.7749	1.7845	3.7599	2.5282	0.309	1.704	0.676	0.327	0.207	0.165	0.4787	0.0000	0.8	1	-11.760	3.1016793251
	10.00	0.8755616546	0.7750	1.7955	3.7569	2.5053	0.281	1.693	0.660	0.301	0.175	0.130	0.4787	0.0000	0.9	1	-11.760	3.1017084122
	10.00	0.8758594394	0.7753	1.8583	3.7442	2.3919	0.124	1.623	0.556	0.149	0.001	-0.060	0.4787	0.0000	1.0	1	-11.758	3.1018154621
	10.00	0.8758810759	0.7753	1.8806	3.7406	2.3553	0.068	1.598	0.516	0.095	-0.059	-0.125	0.4787	0.0000	1.1	1	-11.759	3.1018233299
	10.00	0.8758975863	0.7754	1.9216	3.7345	2.2900	-0.034	1.547	0.441	-0.004	-0.169	-0.242	0.4787	0.0000	1.2	1	-11.759	3.1018292904
	10.00	0.8759025335	0.7754	1.9575	3.7300	2.2359	-0.124	1.498	0.372	-0.091	-0.264	-0.343	0.4787	0.0000	1.4	1	-11.760	3.1018309593
	10.00	0.8759064078	0.7754	2.0206	3.7235	2.1468	-0.281	1.405	0.246	-0.244	-0.429	-0.517	0.4787	0.0000	1.6	1	-11.761	3.1018323898
	10.00	0.8759084344	0.7754	2.0863	3.7186	2.0615	-0.446	1.306	0.110	-0.404	-0.598	-0.692	0.4787	0.0000	1.8	1	-11.763	3.1018331051
	10.00	0.8759106994	0.7754	2.1582	3.7140	1.9713	-0.625	1.191	-0.044	-0.579	-0.783	-0.883	0.4787	0.0000	2.1	1	-11.765	3.1018340588
	10.00	0.8759136200	0.7754	2.2183	3.7104	1.8967	-0.776	1.094	-0.173	-0.726	-0.937	-1.042	0.4787	0.0000	2.4	1	-11.767	3.1018350124
	10.00	0.8759157658	0.7754	2.2429	3.7090	1.8667	-0.837	1.054	-0.226	-0.786	-1.000	-1.107	0.4787	0.0000	2.6	1	-11.768	3.1018357277
	10.00	0.8759312630	0.7754	2.1937	3.7120	1.9278	-0.714	1.132	-0.121	-0.666	-0.874	-0.976	0.4787	0.0000	2.3	1	-11.766	3.1018414497
	10.00	0.8759648204	0.7754	2.2552	3.7083	1.8518	-0.868	1.034	-0.252	-0.816	-1.031	-1.139	0.4787	0.0000	2.6	1	-11.768	3.1018533707
	10.00	0.8759871721	0.7755	2.3330	3.7038	1.7559	-1.063	0.908	-0.419	-1.007	-1.231	-1.345	0.4787	0.0000	3.1	1	-11.771	3.1018614769
	10.00	0.8760052919	0.7755	2.4091	3.6995	1.6626	-1.253	0.787	-0.581	-1.192	-1.425	-1.545	0.4787	0.0000	3.7	1	-11.775	3.1018679142
	10.00	0.8760178685	0.7755	2.4699	3.6962	1.5885	-1.405	0.707	-0.706	-1.337	-1.578	-1.704	0.4787	0.0000	4.2	1	-11.779	3.1018724442
	10.00	0.8760292530	0.7755	2.5339	3.6927	1.5105	-1.565	0.625	-0.837	-1.490	-1.739	-1.870	0.4787	0.0000	4.8	1	-11.784	3.1018764973
	10.00	0.8760396242	0.7755	2.5939	3.6889	1.4354	-1.715	0.562	-0.954	-1.632	-1.890	-2.027	0.4787	0.0000	5.4	1	-11.790	3.1018803120
	10.00	0.8760504127	0.7755	2.6633	3.6850	1.3504	-1.888	0.482	-1.092	-1.797	-2.066	-2.209	0.4787	0.0000	6.3	1	-11.798	3.1018841267
	10.00	0.8760592341	0.7755	2.7319	3.6815	1.2678	-2.060	0.398	-1.230	-1.960	-2.239	-2.387	0.4787	0.0000	7.3	1	-11.807	3.1018874645
	10.00	0.8760656714	0.7756	2.7949	3.6782	1.1914	-2.217	0.325	-1.355	-2.110	-2.398	-2.552	0.4787	0.0000	8.3	1	-11.817	3.1018896103
	10.00	0.8760718703	0.7756	2.8641	3.6744	1.1070	-2.390	0.251	-1.489	-2.273	-2.571	-2.732	0.4787	0.0000	9.7	1	-11.830	3.1018919945
	10.00	0.8760768771	0.7756	2.9253	3.6707	1.0312	-2.543	0.211	-1.599	-2.412	-2.722	-2.889	0.4787	0.0000	11.0	1	-11.845	3.1018936634
	10.00	0.8760822415	0.7756	2.9855	3.6673	0.9572	-2.694	0.173	-1.707	-2.549	-2.870	-3.044	0.4787	0.0000	12.6	1	-11.861	3.1018955708
	10.00	0.8760879040	0.7756	3.0746	3.6618	0.8462	-2.917	0.134	-1.859	-2.750	-3.088	-3.273	0.4787	0.0000	15.3	1	-11.892	3.1018977165
	10.00	0.8760885000	0.7756	3.0929	3.6607	0.8235	-2.962	0.126	-1.889	-2.791	-3.133	-3.320	0.4787	0.0000	15.9	1	-11.899	3.1018979549
	10.00	0.8760885000	0.7756	2.5989	3.6860	1.4188	-1.727	0.606	-0.942	-1.637	-1.903	-2.044	0.4707	0.0000	5.6	1	-11.791	3.1018979549
	10.00	0.8761067986	0.7507	2.7237	3.6775	1.2457	-2.039	0.499	-1.174	-1.930	-2.218	-2.373	4.7342	0.5257	7.5	1	-9.338	3.1019043922
	10.00	0.8761136532	0.7314	2.7747	3.6729	1.1652	-2.167	0.491	-1.254	-2.044	-2.344	-2.507	5.2062	0.5298	8.6	1	-9.034	3.1019070148
	10.00	0.8761202097	0.6892	2.9834	3.6619	0.8864	-2.689	0.343	-1.636	-2.522	-2.859	-3.044	5.4220	0.5342	13.8	1	-8.746	3.1019093990
	10.00	0.8761231303	0.6309	3.1447	3.6646	0.6976	-3.092	-0.050	-2.048	-2.936	-3.272	-3.454	5.4819	0.5359	18.9	1	-8.771	3.1019103527
	10.00	0.8761248589	0.6207	3.5021	3.9366	1.4214	-3.985	-3.004	-4.001	-3.797	-3.605	-3.538	5.1853	0.5560	5.3	1	-99.999	3.1019110680
	10.00	0.8761269450	0.6056	3.5495	4.0209	1.7004	-4.104	-3.135	-3.785	-3.524	-3.297	-3.154	5.1587	0.5586	3.2	1	-99.999	3.1019117832
	10.00	0.8761286736	0.5847	3.4896	4.0818	1.9886	-3.954	-2.881	-3.349	-3.046	-2.795	-2.611	5.1590	0.5607	1.9	1	-99.999	3.1019122601
	10.00	0.8761301637	0.5629	3.5723	4.1555	2.1843	-4.161	-2.937	-3.165	-2.831	-2.558	-2.333	5.1591	0.5626	1.4	1	-99.999	3.1019129753
