# File generated by CMD 2.3 (http://stev.oapd.inaf.it/cmd) on Wed Aug  8 23:02:05 CEST 2012
# Basic reference: Marigo et al. (2008, A&A 482, 883) 
# but applying the corrections from Case A in Girardi et al. (2010, ApJ 724, 1030) 
#  but see Girardi et al. (2004, A&A 422, 205) for SDSS-specific details
# Photometric system: SDSS <i>ugriz</i>
# BCs of Carbon stars derive from Loidl et al. (2001)
# O-rich circumstellar dust ignored
# C-rich circumstellar dust ignored
# IMF: Chabrier (2001) lognormal 
# Kind of output: isochrone tables
#	Isochrone	Z = 0.00105		Age = 	1.000e+10 yr
# log(age/yr)	M_ini   	M_act	logL/Lo	logTe	logG	mbol    u       g       r       i       z	C/O	M_hec	period	pmode	logMdot	int_IMF
	10.00	0.1500000060	0.1500	-2.3308	3.5789	5.2064	10.597	15.204	12.495	11.065	10.504	10.180	0.4787	0.0000	0.0	1	-17.817	1.9609395266
	10.00	0.2000000030	0.2000	-2.0344	3.6008	5.1225	9.856	13.714	11.436	10.190	9.715	9.440	0.4787	0.0000	0.0	1	-17.692	2.2217822075
	10.00	0.2500000000	0.2500	-1.8395	3.6121	5.0697	9.369	13.040	10.836	9.663	9.219	8.965	0.4787	0.0000	0.0	1	-17.573	2.4080901146
	10.00	0.3000000119	0.3000	-1.6889	3.6209	5.0335	8.992	12.519	10.372	9.255	8.836	8.598	0.4787	0.0000	0.0	1	-16.636	2.5475041866
	10.00	0.3499999940	0.3500	-1.5635	3.6284	5.0050	8.679	12.080	9.984	8.915	8.517	8.292	0.4787	0.0000	0.0	1	-15.843	2.6555202007
	10.00	0.4000000060	0.4000	-1.4225	3.6358	4.9517	8.326	11.601	9.557	8.537	8.161	7.950	0.4787	0.0000	0.0	1	-15.157	2.7413372993
	10.00	0.4499999881	0.4500	-1.2921	3.6451	4.9096	8.000	11.114	9.139	8.180	7.831	7.636	0.4787	0.0000	0.0	1	-14.551	2.8109800816
	10.00	0.5000000000	0.5000	-1.1410	3.6574	4.8535	7.622	10.516	8.644	7.762	7.447	7.273	0.4787	0.0000	0.0	1	-14.009	2.8684780598
	10.00	0.5500000119	0.5500	-0.9681	3.6758	4.7956	7.190	9.749	8.046	7.274	7.003	6.861	0.4787	0.0000	0.0	1	-13.519	2.9166350365
	10.00	0.5729144216	0.5729	-0.8795	3.6875	4.7716	6.969	9.324	7.741	7.026	6.778	6.653	0.4787	0.0000	0.0	1	-13.309	2.9361238480
	10.00	0.6000000238	0.5998	-0.7812	3.7004	4.7449	6.723	8.856	7.404	6.751	6.529	6.422	0.4787	0.0000	0.0	1	-13.073	2.9573988914
	10.00	0.6220318079	0.6218	-0.6949	3.7127	4.7234	6.507	8.456	7.122	6.521	6.319	6.228	0.4787	0.0000	0.0	1	-12.888	2.9734506607
	10.00	0.6493304968	0.6490	-0.5883	3.7278	4.6957	6.241	7.972	6.779	6.239	6.063	5.991	0.4787	0.0000	0.0	1	-12.668	2.9919342995
	10.00	0.6737605929	0.6734	-0.4926	3.7412	4.6695	6.002	7.570	6.484	5.998	5.842	5.785	0.4787	0.0000	0.0	1	-12.478	3.0072469711
	10.00	0.6960800290	0.6956	-0.4043	3.7532	4.6434	5.781	7.214	6.216	5.777	5.640	5.597	0.4787	0.0000	0.0	1	-12.311	3.0203247070
	10.00	0.6999999881	0.6995	-0.3886	3.7553	4.6386	5.742	7.156	6.170	5.739	5.605	5.564	0.4787	0.0000	0.0	1	-12.282	3.0225379467
	10.00	0.7069657445	0.7065	-0.3603	3.7588	4.6288	5.671	7.055	6.087	5.670	5.541	5.504	0.4787	0.0000	0.0	1	-12.235	3.0264124870
	10.00	0.7262063026	0.7256	-0.2809	3.7677	4.5964	5.472	6.779	5.860	5.475	5.360	5.333	0.4787	0.0000	0.0	1	-12.099	3.0367393494
	10.00	0.7440643311	0.7434	-0.2051	3.7762	4.5653	5.283	6.520	5.643	5.291	5.188	5.171	0.4787	0.0000	0.0	1	-11.971	3.0458607674
	10.00	0.7609111667	0.7602	-0.1315	3.7840	4.5324	5.099	6.297	5.438	5.112	5.022	5.013	0.4787	0.0000	0.0	1	-11.854	3.0540847778
	10.00	0.7774113417	0.7765	-0.0562	3.7913	4.4956	4.911	6.074	5.230	4.929	4.850	4.849	0.4787	0.0000	0.0	1	-11.746	3.0618045330
	10.00	0.7952899337	0.7943	0.0308	3.7989	4.4487	4.693	5.823	4.991	4.716	4.648	4.656	0.4787	0.0000	0.0	1	-11.644	3.0698182583
	10.00	0.8000000119	0.7989	0.0547	3.8008	4.4350	4.633	5.757	4.926	4.657	4.593	4.602	0.4787	0.0000	0.0	1	-11.621	3.0718705654
	10.00	0.8065667152	0.8054	0.0884	3.8034	4.4153	4.549	5.667	4.834	4.575	4.514	4.527	0.4787	0.0000	0.0	1	-11.591	3.0746910572
	10.00	0.8175725341	0.8163	0.1480	3.8073	4.3769	4.400	5.512	4.674	4.427	4.373	4.390	0.4787	0.0000	0.0	1	-11.551	3.0793142319
	10.00	0.8292044997	0.8277	0.2168	3.8115	4.3311	4.228	5.335	4.490	4.257	4.210	4.232	0.4787	0.0000	0.0	1	-11.521	3.0840635300
	10.00	0.8398256898	0.8382	0.2834	3.8150	4.2839	4.061	5.164	4.312	4.091	4.050	4.076	0.4787	0.0000	0.0	1	-11.509	3.0882825851
	10.00	0.8430632353	0.8414	0.3048	3.8159	4.2677	4.008	5.110	4.256	4.038	3.999	4.026	0.4787	0.0000	0.0	1	-11.508	3.0895471573
	10.00	0.8438660502	0.8421	0.3101	3.8160	4.2634	3.995	5.097	4.242	4.025	3.986	4.013	0.4787	0.0000	0.0	1	-11.508	3.0898590088
	10.00	0.8479237556	0.8461	0.3384	3.8168	4.2403	3.924	5.026	4.168	3.954	3.916	3.944	0.4787	0.0000	0.0	1	-11.509	3.0914266109
	10.00	0.8514462709	0.8496	0.3639	3.8172	4.2182	3.860	4.964	4.102	3.890	3.853	3.882	0.4787	0.0000	0.0	1	-11.512	3.0927751064
	10.00	0.8640373349	0.8618	0.4690	3.8158	4.1138	3.597	4.714	3.837	3.624	3.586	3.614	0.4787	0.0000	0.1	1	-11.536	3.0975031853
	10.00	0.8706598878	0.8682	0.5373	3.8098	4.0247	3.427	4.564	3.678	3.449	3.402	3.423	0.4787	0.0000	0.1	1	-11.557	3.0999336243
	10.00	0.8752525449	0.8726	0.5944	3.8005	3.9322	3.284	4.449	3.557	3.300	3.240	3.250	0.4787	0.0000	0.1	1	-11.576	3.1015970707
	10.00	0.8781919479	0.8753	0.6363	3.7881	3.8424	3.179	4.400	3.485	3.189	3.110	3.106	0.4787	0.0000	0.1	1	-11.589	3.1026523113
	10.00	0.8802839518	0.8773	0.6622	3.7723	3.7542	3.115	4.413	3.468	3.120	3.016	2.994	0.4787	0.0000	0.1	1	-11.598	3.1033990383
	10.00	0.8820566535	0.8789	0.6833	3.7558	3.6677	3.062	4.480	3.473	3.065	2.936	2.894	0.4787	0.0000	0.1	1	-11.607	3.1040287018
	10.00	0.8833870292	0.8801	0.7154	3.7446	3.5917	2.982	4.498	3.436	2.987	2.840	2.785	0.4787	0.0000	0.1	1	-11.614	3.1044998169
	10.00	0.8844150305	0.8811	0.7643	3.7385	3.5186	2.859	4.440	3.340	2.868	2.710	2.648	0.4787	0.0000	0.1	1	-11.619	3.1048626900
	10.00	0.8852564096	0.8818	0.8171	3.7348	3.4515	2.727	4.349	3.223	2.737	2.574	2.508	0.4787	0.0000	0.2	1	-11.623	3.1051590443
	10.00	0.8861315250	0.8825	0.8818	3.7318	3.3753	2.565	4.220	3.074	2.576	2.408	2.339	0.4787	0.0000	0.2	1	-11.628	3.1054668427
	10.00	0.8868621588	0.8831	0.9441	3.7296	3.3042	2.410	4.089	2.927	2.422	2.250	2.177	0.4787	0.0000	0.2	1	-11.631	3.1057231426
	10.00	0.8875049353	0.8836	1.0058	3.7276	3.2348	2.256	3.957	2.781	2.268	2.093	2.018	0.4787	0.0000	0.2	1	-11.634	3.1059484482
	10.00	0.8881301880	0.8840	1.0706	3.7256	3.1622	2.094	3.817	2.627	2.107	1.929	1.852	0.4787	0.0000	0.3	1	-11.637	3.1061673164
	10.00	0.8886635900	0.8844	1.1365	3.7237	3.0890	1.929	3.678	2.471	1.944	1.763	1.683	0.4787	0.0000	0.3	1	-11.639	3.1063535213
	10.00	0.8891169429	0.8846	1.1960	3.7220	3.0227	1.780	3.554	2.331	1.798	1.614	1.532	0.4787	0.0000	0.3	1	-11.641	3.1065118313
	10.00	0.8895351291	0.8848	1.2591	3.7200	2.9518	1.622	3.426	2.184	1.642	1.455	1.370	0.4787	0.0000	0.4	1	-11.642	3.1066577435
	10.00	0.8898888230	0.8848	1.3172	3.7181	2.8862	1.477	3.310	2.048	1.498	1.308	1.221	0.4787	0.0000	0.4	1	-11.642	3.1067807674
	10.00	0.8902190924	0.8849	1.3769	3.7162	2.8188	1.328	3.191	1.909	1.351	1.157	1.067	0.4787	0.0000	0.5	1	-11.643	3.1068956852
	10.00	0.8905200958	0.8848	1.4384	3.7141	2.7491	1.174	3.070	1.766	1.200	1.002	0.910	0.4787	0.0000	0.6	1	-11.643	3.1070005894
	10.00	0.8907858729	0.8847	1.5009	3.7120	2.6777	1.018	2.948	1.622	1.046	0.845	0.749	0.4787	0.0000	0.6	1	-11.642	3.1070928574
	10.00	0.8910184503	0.8845	1.5615	3.7096	2.6077	0.866	2.832	1.484	0.897	0.692	0.593	0.4787	0.0000	0.7	1	-11.642	3.1071736813
	10.00	0.8912255764	0.8843	1.6206	3.7074	2.5395	0.718	2.718	1.349	0.752	0.543	0.441	0.4787	0.0000	0.8	1	-11.640	3.1072456837
	10.00	0.8914092779	0.8840	1.6786	3.7054	2.4736	0.574	2.604	1.215	0.609	0.396	0.292	0.4787	0.0000	0.9	1	-11.639	3.1073093414
	10.00	0.8915793300	0.8835	1.7378	3.7029	2.4039	0.425	2.497	1.082	0.464	0.246	0.138	0.4787	0.0000	1.0	1	-11.637	3.1073682308
	10.00	0.8917376399	0.8830	1.7985	3.7003	2.3329	0.274	2.388	0.946	0.315	0.093	-0.019	0.4787	0.0000	1.1	1	-11.635	3.1074233055
	10.00	0.8918940425	0.8824	1.8545	3.6981	2.2675	0.134	2.292	0.821	0.180	-0.047	-0.162	0.4787	0.0000	1.3	1	-11.631	3.1074774265
	10.00	0.8920034766	0.8818	1.8819	3.6970	2.2357	0.065	2.245	0.760	0.114	-0.115	-0.232	0.4787	0.0000	1.3	1	-11.629	3.1075153351
	10.00	0.8921116590	0.8813	1.8322	3.6999	2.2965	0.189	2.314	0.864	0.231	0.008	-0.104	0.4787	0.0000	1.2	1	-11.625	3.1075527668
	10.00	0.8922364712	0.8806	1.9063	3.6965	2.2083	0.004	2.197	0.704	0.054	-0.177	-0.294	0.4787	0.0000	1.4	1	-11.622	3.1075961590
	10.00	0.8923614025	0.8798	1.9770	3.6932	2.1242	-0.173	2.086	0.550	-0.116	-0.353	-0.474	0.4787	0.0000	1.6	1	-11.619	3.1076393127
	10.00	0.8924626112	0.8788	2.0383	3.6903	2.0509	-0.326	1.991	0.418	-0.263	-0.505	-0.631	0.4787	0.0000	1.9	1	-11.615	3.1076743603
	10.00	0.8925595284	0.8777	2.1026	3.6872	1.9734	-0.487	1.897	0.282	-0.416	-0.665	-0.796	0.4787	0.0000	2.1	1	-11.611	3.1077079773
	10.00	0.8926414251	0.8765	2.1641	3.6843	1.8999	-0.640	1.808	0.151	-0.564	-0.818	-0.954	0.4787	0.0000	2.4	1	-11.606	3.1077363491
	10.00	0.8927146792	0.8750	2.2265	3.6811	1.8241	-0.796	1.723	0.020	-0.713	-0.974	-1.114	0.4787	0.0000	2.7	1	-11.601	3.1077616215
	10.00	0.8927793503	0.8734	2.2892	3.6777	1.7467	-0.953	1.642	-0.109	-0.862	-1.130	-1.275	0.4787	0.0000	3.1	1	-11.597	3.1077840328
	10.00	0.8928332329	0.8718	2.3453	3.6748	1.6785	-1.093	1.567	-0.225	-0.995	-1.270	-1.419	0.4787	0.0000	3.5	1	-11.592	3.1078026295
	10.00	0.8928871155	0.8697	2.4082	3.6711	1.5994	-1.251	1.502	-0.347	-1.139	-1.422	-1.577	0.4787	0.0000	4.0	1	-11.587	3.1078212261
	10.00	0.8929324150	0.8675	2.4675	3.6677	1.5254	-1.399	1.439	-0.463	-1.275	-1.566	-1.727	0.4787	0.0000	4.6	1	-11.583	3.1078369617
	10.00	0.8929712176	0.8651	2.5265	3.6643	1.4517	-1.546	1.381	-0.577	-1.410	-1.709	-1.876	0.4787	0.0000	5.2	1	-11.580	3.1078503132
	10.00	0.8930100203	0.8621	2.5887	3.6611	1.3751	-1.702	1.318	-0.698	-1.553	-1.860	-2.033	0.4787	0.0000	6.0	1	-11.577	3.1078636646
	10.00	0.8930401802	0.8592	2.6426	3.6575	1.3056	-1.836	1.280	-0.797	-1.674	-1.990	-2.169	0.4787	0.0000	6.7	1	-11.576	3.1078741550
	10.00	0.8930703998	0.8555	2.7023	3.6537	1.2289	-1.986	1.238	-0.906	-1.809	-2.135	-2.320	0.4787	0.0000	7.7	1	-11.578	3.1078846455
	10.00	0.8930984139	0.8512	2.7639	3.6499	1.1498	-2.140	1.194	-1.019	-1.948	-2.284	-2.476	0.4787	0.0000	8.8	1	-11.582	3.1078944206
	10.00	0.8931221366	0.8467	2.8216	3.6463	1.0751	-2.284	1.164	-1.118	-2.073	-2.419	-2.618	0.4787	0.0000	10.4	1	-11.591	3.1079025269
	10.00	0.8931415081	0.8420	2.8739	3.6426	1.0056	-2.415	1.147	-1.204	-2.184	-2.540	-2.747	0.4787	0.0000	11.8	1	-11.604	3.1079092026
	10.00	0.8931630850	0.8356	2.9365	3.6384	0.9231	-2.571	1.130	-1.305	-2.318	-2.687	-2.902	0.4787	0.0000	13.6	1	-11.627	3.1079165936
	10.00	0.8931825161	0.8282	2.9978	3.6341	0.8407	-2.725	1.125	-1.400	-2.447	-2.829	-3.053	0.4787	0.0000	15.7	1	-11.662	3.1079235077
	10.00	0.8931954503	0.8220	3.0438	3.6306	0.7774	-2.839	1.131	-1.467	-2.542	-2.935	-3.166	0.4787	0.0000	17.6	1	-11.697	3.1079277992
	10.00	0.8932105303	0.8133	3.0999	3.6264	0.7001	-2.980	1.136	-1.550	-2.659	-3.065	-3.305	0.4787	0.0000	20.1	1	-11.632	3.1079330444
	10.00	0.8932235241	0.8041	3.1523	3.6230	0.6291	-3.111	1.137	-1.627	-2.767	-3.185	-3.433	0.4787	0.0000	22.7	1	-11.144	3.1079375744
	10.00	0.8932364583	0.7924	3.2111	3.6197	0.5506	-3.258	1.131	-1.716	-2.890	-3.320	-3.576	0.4787	0.0000	26.1	1	-10.620	3.1079421043
	10.00	0.8932494521	0.7778	3.2672	3.6157	0.4705	-3.398	1.154	-1.787	-3.000	-3.446	-3.711	0.4787	0.0000	30.0	1	-10.107	3.1079466343
	10.00	0.8932515383	0.7750	3.2790	3.6150	0.4542	-3.427	1.157	-1.803	-3.024	-3.473	-3.740	0.4787	0.0000	30.9	1	-10.005	3.1079473495
	10.00	0.8932515383	0.7739	1.6954	3.7376	2.5278	0.532	2.182	0.994	0.531	0.375	0.312	0.4787	0.0000	0.8	1	-11.766	3.1079473495
	10.00	0.8933220506	0.7740	1.7065	3.7362	2.5110	0.504	2.169	0.973	0.504	0.346	0.281	0.4787	0.0000	0.8	1	-11.766	3.1079716682
	10.00	0.8934224844	0.7741	1.7140	3.7355	2.5008	0.485	2.158	0.958	0.485	0.326	0.261	0.4787	0.0000	0.9	1	-11.765	3.1080062389
	10.00	0.8934909105	0.7742	1.7173	3.7353	2.4968	0.477	2.151	0.950	0.477	0.317	0.252	0.4787	0.0000	0.9	1	-11.764	3.1080298424
	10.00	0.8935332894	0.7743	1.7182	3.7354	2.4962	0.475	2.149	0.948	0.475	0.315	0.250	0.4787	0.0000	0.9	1	-11.764	3.1080446243
	10.00	0.8936595917	0.7744	1.7189	3.7360	2.4983	0.473	2.140	0.942	0.473	0.314	0.250	0.4787	0.0000	0.9	1	-11.763	3.1080882549
	10.00	0.8937910199	0.7746	1.7176	3.7373	2.5046	0.476	2.132	0.940	0.475	0.319	0.256	0.4787	0.0000	0.9	1	-11.762	3.1081335545
	10.00	0.8939287066	0.7748	1.7162	3.7385	2.5110	0.479	2.123	0.937	0.478	0.324	0.262	0.4787	0.0000	0.8	1	-11.761	3.1081809998
	10.00	0.8940709829	0.7749	1.7155	3.7395	2.5158	0.481	2.115	0.934	0.479	0.326	0.266	0.4787	0.0000	0.8	1	-11.760	3.1082301140
	10.00	0.8942165971	0.7751	1.7154	3.7404	2.5194	0.482	2.107	0.930	0.478	0.328	0.268	0.4787	0.0000	0.8	1	-11.758	3.1082804203
	10.00	0.8943629861	0.7753	1.7161	3.7410	2.5213	0.480	2.100	0.925	0.476	0.326	0.268	0.4787	0.0000	0.8	1	-11.757	3.1083307266
	10.00	0.8945048451	0.7755	1.7175	3.7413	2.5214	0.476	2.093	0.920	0.472	0.323	0.265	0.4787	0.0000	0.8	1	-11.756	3.1083796024
	10.00	0.8945913911	0.7756	1.7186	3.7415	2.5208	0.473	2.089	0.916	0.469	0.321	0.263	0.4787	0.0000	0.8	1	-11.756	3.1084094048
	10.00	0.8946391940	0.7756	1.7198	3.7414	2.5193	0.471	2.087	0.914	0.467	0.318	0.260	0.4787	0.0000	0.8	1	-11.755	3.1084258556
	10.00	0.8947601914	0.7758	1.7231	3.7410	2.5147	0.462	2.083	0.907	0.459	0.309	0.251	0.4787	0.0000	0.8	1	-11.754	3.1084675789
	10.00	0.8948813677	0.7759	1.7275	3.7404	2.5080	0.451	2.077	0.899	0.448	0.297	0.238	0.4787	0.0000	0.8	1	-11.753	3.1085093021
	10.00	0.8950079679	0.7761	1.7337	3.7395	2.4984	0.436	2.071	0.888	0.433	0.281	0.220	0.4787	0.0000	0.9	1	-11.753	3.1085529327
	10.00	0.8951395154	0.7763	1.7419	3.7384	2.4858	0.415	2.063	0.873	0.413	0.259	0.197	0.4787	0.0000	0.9	1	-11.752	3.1085982323
	10.00	0.8952704072	0.7764	1.7522	3.7369	2.4696	0.389	2.052	0.854	0.388	0.231	0.168	0.4787	0.0000	0.9	1	-11.751	3.1086432934
	10.00	0.8954209089	0.7766	1.7661	3.7350	2.4482	0.355	2.038	0.828	0.354	0.194	0.128	0.4787	0.0000	0.9	1	-11.750	3.1086950302
	10.00	0.8955011964	0.7767	1.7739	3.7340	2.4363	0.335	2.029	0.814	0.336	0.174	0.106	0.4787	0.0000	1.0	1	-11.749	3.1087224483
	10.00	0.8955985904	0.7768	1.7902	3.7322	2.4130	0.294	2.007	0.782	0.296	0.131	0.061	0.4787	0.0000	1.0	1	-11.749	3.1087560654
	10.00	0.8958505392	0.7771	1.8501	3.7253	2.3256	0.145	1.931	0.666	0.150	-0.027	-0.105	0.4787	0.0000	1.2	1	-11.748	3.1088426113
	10.00	0.8958726525	0.7772	1.8789	3.7223	2.2847	0.073	1.903	0.612	0.082	-0.101	-0.183	0.4787	0.0000	1.2	1	-11.748	3.1088502407
	10.00	0.8958891630	0.7772	1.9306	3.7176	2.2144	-0.057	1.842	0.510	-0.042	-0.233	-0.322	0.4787	0.0000	1.4	1	-11.749	3.1088559628
	10.00	0.8958940506	0.7772	1.9708	3.7141	2.1602	-0.157	1.795	0.430	-0.138	-0.336	-0.429	0.4787	0.0000	1.5	1	-11.750	3.1088576317
	10.00	0.8958979249	0.7772	2.0518	3.7071	2.0512	-0.360	1.697	0.270	-0.331	-0.542	-0.645	0.4787	0.0000	1.9	1	-11.752	3.1088588238
	10.00	0.8958998919	0.7772	2.1200	3.7012	1.9592	-0.530	1.618	0.138	-0.494	-0.717	-0.827	0.4787	0.0000	2.2	1	-11.754	3.1088595390
	10.00	0.8959020376	0.7772	2.1910	3.6964	1.8689	-0.708	1.536	-0.005	-0.662	-0.894	-1.011	0.4787	0.0000	2.6	1	-11.756	3.1088602543
	10.00	0.8959049582	0.7772	2.2522	3.6924	1.7918	-0.861	1.467	-0.127	-0.806	-1.046	-1.169	0.4787	0.0000	2.9	1	-11.759	3.1088612080
	10.00	0.8959069252	0.7772	2.2698	3.6911	1.7693	-0.905	1.449	-0.162	-0.847	-1.090	-1.215	0.4787	0.0000	3.0	1	-11.760	3.1088619232
	10.00	0.8959160447	0.7772	2.2130	3.6953	1.8428	-0.762	1.504	-0.052	-0.715	-0.949	-1.068	0.4787	0.0000	2.7	1	-11.757	3.1088650227
	10.00	0.8959236741	0.7772	2.2018	3.6961	1.8572	-0.734	1.515	-0.030	-0.688	-0.921	-1.039	0.4787	0.0000	2.6	1	-11.757	3.1088676453
	10.00	0.8959614635	0.7773	2.2661	3.6915	1.7745	-0.895	1.450	-0.155	-0.839	-1.081	-1.205	0.4787	0.0000	3.0	1	-11.759	3.1088807583
	10.00	0.8959859014	0.7773	2.3554	3.6851	1.6598	-1.119	1.362	-0.328	-1.047	-1.302	-1.436	0.4787	0.0000	3.7	1	-11.764	3.1088891029
	10.00	0.8960031867	0.7773	2.4390	3.6790	1.5514	-1.328	1.286	-0.487	-1.242	-1.510	-1.653	0.4787	0.0000	4.4	1	-11.770	3.1088950634
	10.00	0.8960131407	0.7773	2.4896	3.6750	1.4852	-1.454	1.246	-0.580	-1.359	-1.635	-1.784	0.4787	0.0000	5.0	1	-11.775	3.1088984013
	10.00	0.8960230947	0.7774	2.5436	3.6711	1.4153	-1.589	1.212	-0.677	-1.479	-1.765	-1.920	0.4787	0.0000	5.6	1	-11.780	3.1089017391
	10.00	0.8960331082	0.7774	2.6008	3.6670	1.3417	-1.732	1.177	-0.779	-1.607	-1.902	-2.065	0.4787	0.0000	6.4	1	-11.787	3.1089053154
	10.00	0.8960436583	0.7774	2.6776	3.6607	1.2399	-1.924	1.149	-0.908	-1.775	-2.086	-2.259	0.4787	0.0000	7.7	1	-11.799	3.1089088917
	10.00	0.8960506916	0.7774	2.7435	3.6560	1.1552	-2.089	1.114	-1.024	-1.922	-2.244	-2.426	0.4787	0.0000	8.9	1	-11.811	3.1089112759
	10.00	0.8960561752	0.7774	2.8036	3.6511	1.0754	-2.239	1.099	-1.122	-2.052	-2.387	-2.577	0.4787	0.0000	10.2	1	-11.825	3.1089131832
	10.00	0.8960610032	0.7774	2.8649	3.6462	0.9947	-2.392	1.089	-1.219	-2.182	-2.529	-2.728	0.4787	0.0000	11.8	1	-11.841	3.1089148521
	10.00	0.8960653543	0.7774	2.9251	3.6421	0.9177	-2.543	1.076	-1.314	-2.309	-2.669	-2.877	0.4787	0.0000	13.5	1	-11.860	3.1089162827
	10.00	0.8960697055	0.7774	2.9822	3.6376	0.8427	-2.686	1.079	-1.398	-2.427	-2.801	-3.018	0.4787	0.0000	15.4	1	-11.882	3.1089179516
	10.00	0.8960742950	0.7774	3.0406	3.6324	0.7636	-2.832	1.102	-1.476	-2.544	-2.933	-3.161	0.4787	0.0000	17.7	1	-11.909	3.1089193821
	10.00	0.8960783482	0.7774	3.1191	3.6256	0.6580	-3.028	1.134	-1.582	-2.702	-3.111	-3.353	0.4787	0.0000	21.4	1	-11.376	3.1089208126
	10.00	0.8960788250	0.7774	3.1376	3.6241	0.6336	-3.074	1.140	-1.606	-2.739	-3.153	-3.398	0.4787	0.0000	22.4	1	-11.209	3.1089210510
	10.00	0.8960788250	0.7774	2.6304	3.6711	1.3285	-1.806	1.022	-0.889	-1.697	-1.984	-2.140	0.4734	0.0000	6.6	1	-11.788	3.1089210510
	10.00	0.8960981965	0.7395	2.7798	3.6630	1.1250	-2.180	0.885	-1.176	-2.040	-2.348	-2.518	0.4731	0.0000	9.2	1	-12.072	3.1089277267
	10.00	0.8961051702	0.6987	2.9791	3.6496	0.8475	-2.678	0.796	-1.521	-2.485	-2.830	-3.023	0.4731	0.0000	14.9	1	-12.422	3.1089301109
	10.00	0.8961058855	0.6933	2.8396	3.6598	1.0246	-2.329	0.838	-1.290	-2.178	-2.495	-2.670	0.4731	0.5385	10.9	1	-12.418	3.1089303493
	10.00	0.8961098194	0.5586	3.4634	3.6435	0.2419	-3.888	0.058	-2.570	-3.657	-4.041	-4.252	0.4731	0.5415	94.8	0	-9.555	3.1089315414
	10.00	0.8961106539	0.5586	3.4647	4.1110	2.1103	-3.892	-2.789	-3.160	-2.839	-2.578	-2.374	0.0109	0.5582	1.6	1	-13.446	3.1089320183
