#Dist    Mv  CL Typ  LTef  logg Age Mass  B-V    U-B    V-I    V-K    V        mux     muy        Vr    UU      VV      WW   [Fe/H] a(deg)      d(deg)    Av   Mbol
 9.555 -2.40  3 6.52 3.616  0.60  9 0.82  1.431  1.207  1.527  3.274 12.486   -0.115    0.024  173.71  -37.32 -107.41  141.65 -1.65 179.90003  -3.10000  0.073 -3.184
14.105 -1.40  3 6.08 3.654  1.29  9 0.82  1.204  0.872  1.148  2.676 14.440   -0.216   -0.375   45.55   -2.06 -269.34 -115.43 -1.14 179.90003  -3.10000  0.073 -1.845
45.155 -1.80  3 6.23 3.641  1.04  9 0.82  1.248  0.849  1.294  2.857 16.643   -0.067   -0.058   64.61  -60.35 -187.36  -35.92 -1.82 179.90003  -3.10000  0.073 -2.338
48.705 -1.20  3 6.01 3.660  1.41  9 0.82  1.120  0.609  1.126  2.611 17.293   -0.077   -0.127   86.05   -6.82 -335.70 -108.79 -1.85 179.90003  -3.10000  0.073 -1.610
58.655 -2.20  3 6.41 3.625  0.76  9 0.82  1.359  1.053  1.452  3.102 16.688   -0.067   -0.026   52.72 -123.38 -163.33  -29.16 -1.82 179.90003  -3.10000  0.073 -2.881
 8.985 -1.60  3 6.15 3.648  1.17  9 0.82  1.216  0.807  1.218  2.757 13.253   -0.142   -0.549   18.16   61.32 -208.63 -106.72 -1.63 179.90003  -1.30000  0.072 -2.087
 9.585 -1.80  3 6.23 3.641  1.04  9 0.82  1.243  0.756  1.323  2.871 13.208   -0.419   -0.406   82.40  -72.40 -262.42  -54.20 -2.34 179.90003  -1.30000  0.072 -2.338
17.035 -1.20  3 6.01 3.660  1.41  9 0.82  1.151  0.762  1.106  2.603 15.024    0.079   -0.298  259.80  187.75 -281.30  122.53 -1.22 179.90003  -1.30000  0.072 -1.610
23.435 -1.20  3 6.01 3.660  1.41  9 0.82  1.110  0.563  1.134  2.615 15.753   -0.310   -0.248   83.11 -163.06 -398.49 -127.42 -2.11 179.90003  -1.30000  0.072 -1.610
30.985 -2.40  3 6.52 3.616  0.60  9 0.82  1.435  1.189  1.537  3.278 15.134   -0.179   -0.102   56.13 -153.08 -255.81  -75.09 -1.74 179.90003  -1.30000  0.072 -3.184
42.035 -2.20  3 6.41 3.625  0.76  9 0.82  1.357  1.064  1.446  3.098 15.891   -0.124   -0.044   40.92 -171.00 -194.81  -55.42 -1.76 179.90003  -1.30000  0.072 -2.881
64.685 -2.50  3 6.61 3.608  0.47  9 0.82  1.550  1.196  1.711  3.495 16.653   -0.118   -0.064  218.57 -208.45 -415.95   23.20 -2.44 179.90003  -1.30000  0.072 -3.426
20.835 -2.00  3 6.32 3.634  0.91  9 0.82  1.293  0.903  1.377  2.959 14.734   -0.108   -0.117  195.54  -27.88 -229.58   97.44 -1.99 179.90003   0.30000  0.071 -2.600
24.935 -2.20  3 6.41 3.625  0.76  9 0.82  1.360  1.036  1.460  3.103 14.923   -0.083   -0.131   87.32   -6.30 -201.98  -12.46 -1.90 179.90003   0.30000  0.071 -2.881
35.085 -1.60  3 6.15 3.648  1.17  9 0.82  1.174  0.594  1.271  2.782 16.250    0.058   -0.190  278.09  250.93 -330.14  120.54 -2.98 179.90003   0.30000  0.071 -2.087
38.185 -1.60  3 6.15 3.648  1.17  9 0.82  1.201  0.705  1.244  2.770 16.291   -0.129   -0.085   70.51 -126.08 -253.51  -53.97 -2.14 179.90003   0.30000  0.071 -2.087
57.885 -1.60  3 6.15 3.648  1.17  9 0.82  1.203  0.723  1.240  2.768 17.344   -0.027   -0.080   89.87   45.61 -242.86  -35.25 -2.03 179.90003   0.30000  0.071 -2.087
61.485 -1.20  3 6.01 3.660  1.41  9 0.82  1.213  1.039  1.116  2.611 17.903   -0.092   -0.090  112.52 -100.12 -371.45  -73.16 -0.49 179.90003   0.30000  0.071 -1.610
67.485 -1.20  3 6.01 3.660  1.41  9 0.82  1.105  0.542  1.137  2.616 17.984   -0.028   -0.028  114.95  -29.23 -162.15   42.78 -2.24 179.90003   0.30000  0.071 -1.610
13.155 -1.20  3 6.01 3.660  1.41  9 0.82  1.134  0.671  1.114  2.603 14.480   -0.245   -0.543   71.47   36.35 -351.57 -134.33 -1.55 181.70003  -3.10000  0.073 -1.610
16.355 -2.40  3 6.52 3.616  0.60  9 0.82  1.419  1.294  1.493  3.258 13.739   -0.217   -0.348   58.95  -11.61 -302.55 -113.35 -1.29 181.70003  -3.10000  0.073 -3.184
17.055 -1.60  3 6.15 3.648  1.17  9 0.82  1.215  0.800  1.220  2.759 14.698   -0.115   -0.179  -30.25  -14.96 -131.60 -113.89 -1.66 181.70003  -3.10000  0.073 -2.087
40.505 -1.20  3 6.01 3.660  1.41  9 0.82  1.133  0.664  1.116  2.604 16.905   -0.059   -0.160  149.60   65.24 -351.57  -45.90 -1.58 181.70003  -3.10000  0.073 -1.610
49.255 -2.20  3 6.41 3.625  0.76  9 0.82  1.354  1.091  1.433  3.092 16.433   -0.051   -0.103  207.93   33.24 -335.72   36.33 -1.63 181.70003  -3.10000  0.073 -2.881
51.005 -1.20  3 6.01 3.660  1.41  9 0.82  1.105  0.542  1.138  2.618 17.452   -0.055   -0.075   46.05  -25.10 -215.51  -73.90 -2.24 181.70003  -3.10000  0.073 -1.610
11.085 -1.20  3 6.01 3.660  1.41  9 0.82  1.122  0.619  1.123  2.608 14.028   -0.363   -0.430  111.29  -47.63 -309.28  -43.15 -1.80 181.70003  -1.30000  0.071 -1.610
23.635 -2.20  3 6.41 3.625  0.76  9 0.82  1.353  1.094  1.431  3.090 14.696   -0.173   -0.265   54.86  -20.82 -335.26 -126.00 -1.61 181.70003  -1.30000  0.071 -2.881
48.935 -1.20  3 6.01 3.660  1.41  9 0.82  1.088  0.483  1.148  2.622 17.348   -0.050   -0.084   71.76   -0.68 -231.91  -49.47 -2.67 181.70003  -1.30000  0.071 -1.610
50.985 -2.40  3 6.52 3.616  0.60  9 0.82  1.450  1.126  1.578  3.301 16.125   -0.060   -0.102   59.07   -3.57 -277.43  -89.87 -2.12 181.70003  -1.30000  0.071 -3.184
57.835 -2.00  3 6.32 3.634  0.91  9 0.82  1.295  0.861  1.395  2.969 16.930   -0.061   -0.071   91.26  -43.97 -265.84  -41.86 -2.25 181.70003  -1.30000  0.071 -2.600
65.735 -1.80  3 6.23 3.641  1.04  9 0.82  1.247  0.849  1.293  2.855 17.322   -0.030   -0.102   83.23   80.35 -318.86  -94.23 -1.81 181.70003  -1.30000  0.071 -2.338
 8.685 -1.60  3 6.15 3.648  1.17  9 0.82  1.209  0.765  1.228  2.761 13.136    0.012   -0.392  -38.41   79.57 -100.93 -105.04 -1.83 181.70003   0.30000  0.070 -2.087
11.485 -2.40  3 6.52 3.616  0.60  9 0.82  1.425  1.231  1.511  3.263 12.897   -0.169   -0.429  145.40   43.79 -286.69    7.28 -1.51 181.70003   0.30000  0.070 -3.184
22.885 -1.60  3 6.15 3.648  1.17  9 0.82  1.214  0.799  1.219  2.757 15.194   -0.181   -0.135  228.66  -82.76 -307.91  101.57 -1.67 181.70003   0.30000  0.070 -2.087
28.185 -2.40  3 6.52 3.616  0.60  9 0.82  1.433  1.194  1.533  3.275 14.972    0.084   -0.295   34.60  291.56 -261.49 -126.67 -1.72 181.70003   0.30000  0.070 -3.184
32.435 -2.20  3 6.41 3.625  0.76  9 0.82  1.360  1.036  1.459  3.103 15.375   -0.106   -0.224  147.95   36.06 -403.11  -51.95 -1.90 181.70003   0.30000  0.070 -2.881
43.235 -1.80  3 6.23 3.641  1.04  9 0.82  1.259  0.996  1.260  2.843 16.532   -0.099   -0.055  110.09 -114.63 -230.48   10.97 -1.21 181.70003   0.30000  0.070 -2.338
43.635 -1.60  3 6.15 3.648  1.17  9 0.82  1.223  0.866  1.206  2.752 16.689   -0.081   -0.060  -49.14  -90.28 -146.31 -127.16 -1.39 181.70003   0.30000  0.070 -2.087
52.035 -1.20  3 6.01 3.660  1.41  9 0.82  1.126  0.637  1.119  2.605 17.530   -0.027   -0.057  255.65   29.89 -257.83  149.66 -1.71 181.70003   0.30000  0.070 -1.610
52.485 -2.20  3 6.41 3.625  0.76  9 0.82  1.365  0.996  1.482  3.114 16.455    0.012   -0.042   65.31   82.54  -95.26   15.94 -2.14 181.70003   0.30000  0.070 -2.881
52.685 -1.80  3 6.23 3.641  1.04  9 0.82  1.243  0.781  1.315  2.865 16.918   -0.038   -0.101  -14.16   38.73 -227.05 -141.93 -2.18 181.70003   0.30000  0.070 -2.338
55.785 -1.40  3 6.08 3.654  1.29  9 0.82  1.181  0.725  1.165  2.677 17.489    0.010   -0.034   71.53   71.76  -89.37   27.14 -1.68 181.70003   0.30000  0.070 -1.845
61.735 -2.00  3 6.32 3.634  0.91  9 0.82  1.294  1.073  1.324  2.940 16.945   -0.042   -0.090   93.27   26.63 -298.33  -56.92 -1.24 181.70003   0.30000  0.070 -2.600
72.735 -2.50  3 6.61 3.608  0.47  9 0.82  1.494  1.328  1.596  3.425 16.896   -0.014   -0.067   94.08   75.66 -241.20  -29.40 -1.57 181.70003   0.30000  0.070 -3.426
78.235 -1.60  3 6.15 3.648  1.17  9 0.82  1.208  0.759  1.230  2.762 17.877   -0.033   -0.041  -88.19  -41.33 -128.62 -166.31 -1.85 181.70003   0.30000  0.070 -2.087
12.285 -1.20  3 6.01 3.660  1.41  9 0.82  1.108  0.553  1.136  2.616 14.284   -0.404   -0.254  220.48 -104.63 -329.15   80.54 -2.17 183.50003  -3.10000  0.072 -1.610
28.085 -1.60  3 6.15 3.648  1.17  9 0.82  1.201  0.703  1.245  2.772 15.753   -0.127   -0.186  263.69    6.43 -391.06   77.63 -2.16 183.50003  -3.10000  0.072 -2.087
28.535 -1.40  3 6.08 3.654  1.29  9 0.82  1.174  0.686  1.175  2.685 16.046   -0.120   -0.242  183.77   39.96 -405.78  -29.71 -1.87 183.50003  -3.10000  0.072 -1.845
29.685 -2.50  3 6.61 3.608  0.47  9 0.82  1.496  1.324  1.600  3.429 14.867    0.039   -0.112  171.74  145.86 -174.71   75.82 -1.60 183.50003  -3.10000  0.072 -3.426
68.185 -1.40  3 6.08 3.654  1.29  9 0.82  1.154  0.577  1.196  2.698 17.769   -0.051   -0.022  122.35  -94.85 -191.04   45.41 -2.49 183.50003  -3.10000  0.072 -1.845
72.685 -1.60  3 6.15 3.648  1.17  9 0.82  1.183  0.616  1.266  2.782 17.879   -0.043   -0.066   65.48  -10.29 -267.02  -78.81 -2.79 183.50003  -3.10000  0.072 -2.087
21.735 -2.00  3 6.32 3.634  0.91  9 0.82  1.303  1.170  1.317  2.939 14.757   -0.220   -0.299  190.79  -26.12 -426.54  -12.32 -0.93 183.50003  -1.30000  0.071 -2.600
24.085 -1.60  3 6.15 3.648  1.17  9 0.82  1.200  0.697  1.246  2.771 15.416   -0.212   -0.227   56.33  -79.30 -332.85 -108.15 -2.19 183.50003  -1.30000  0.071 -2.087
31.785 -1.60  3 6.15 3.648  1.17  9 0.82  1.228  0.909  1.201  2.752 15.946   -0.220   -0.030  -97.19 -277.17 -143.69 -153.91 -1.24 183.50003  -1.30000  0.071 -2.087
35.835 -1.40  3 6.08 3.654  1.29  9 0.82  1.160  0.611  1.189  2.693 16.499   -0.090   -0.054   57.97  -80.82 -168.03  -15.20 -2.29 183.50003  -1.30000  0.071 -1.845
37.485 -1.60  3 6.15 3.648  1.17  9 0.82  1.218  0.823  1.213  2.754 16.306   -0.096   -0.065   98.87  -81.24 -213.43    6.86 -1.55 183.50003  -1.30000  0.071 -2.087
46.185 -1.20  3 6.01 3.660  1.41  9 0.82  1.153  0.776  1.104  2.603 17.279   -0.101    0.006  -71.23 -207.84  -60.80  -87.64 -1.18 183.50003  -1.30000  0.071 -1.610
25.585 -2.00  3 6.32 3.634  0.91  9 0.82  1.293  0.891  1.382  2.961 15.018   -0.138   -0.103  200.29  -64.09 -264.76   96.79 -2.06 183.50003   0.30000  0.070 -2.600
42.235 -1.20  3 6.01 3.660  1.41  9 0.82  1.119  0.607  1.125  2.608 17.004   -0.043   -0.027  120.32  -36.74 -136.89   69.44 -1.86 183.50003   0.30000  0.070 -1.610
47.435 -2.00  3 6.32 3.634  0.91  9 0.82  1.295  1.096  1.320  2.940 16.448   -0.029   -0.073   67.95   28.92 -185.39  -22.74 -1.16 183.50003   0.30000  0.070 -2.600
49.985 -2.00  3 6.32 3.634  0.91  9 0.82  1.293  0.912  1.373  2.957 16.546   -0.008   -0.048  -29.13   35.75  -79.98  -78.73 -1.95 183.50003   0.30000  0.070 -2.600
50.035 -2.40  3 6.52 3.616  0.60  9 0.82  1.423  1.242  1.506  3.261 16.120   -0.022   -0.064 -106.10   17.74  -90.79 -169.46 -1.47 183.50003   0.30000  0.070 -3.184
51.985 -1.60  3 6.15 3.648  1.17  9 0.82  1.204  0.732  1.237  2.766 16.990   -0.094   -0.032  234.21 -139.19 -275.99  138.12 -1.98 183.50003   0.30000  0.070 -2.087
53.235 -2.40  3 6.52 3.616  0.60  9 0.82  1.466  1.078  1.618  3.323 16.258   -0.034   -0.080  332.47   58.65 -345.53  190.27 -2.46 183.50003   0.30000  0.070 -3.184
57.735 -1.20  3 6.01 3.660  1.41  9 0.82  1.120  0.612  1.124  2.607 17.690    0.031   -0.117   56.32  234.40 -225.48  -80.66 -1.84 183.50003   0.30000  0.070 -1.610
73.835 -2.00  3 6.32 3.634  0.91  9 0.82  1.292  0.974  1.347  2.946 17.426   -0.065   -0.024  124.66 -142.29 -227.74   39.44 -1.64 183.50003   0.30000  0.070 -2.600
13.435 -1.60  3 6.15 3.648  1.17  9 0.82  1.240  0.996  1.195  2.753 14.042   -0.609    0.028  241.75 -305.80 -294.44  170.86 -0.96 185.30003  -3.10000  0.072 -2.087
19.035 -2.40  3 6.52 3.616  0.60  9 0.82  1.420  1.282  1.496  3.259 14.054   -0.185   -0.222  113.00  -31.28 -281.45  -22.39 -1.33 185.30003  -3.10000  0.072 -3.184
36.685 -1.80  3 6.23 3.641  1.04  9 0.82  1.249  0.865  1.288  2.854 16.163   -0.098   -0.103  215.46  -28.42 -318.43   75.41 -1.74 185.30003  -3.10000  0.072 -2.338
37.985 -1.60  3 6.15 3.648  1.17  9 0.82  1.201  0.703  1.245  2.772 16.390   -0.084   -0.114  164.42   -6.36 -302.96   20.68 -2.16 185.30003  -3.10000  0.072 -2.087
38.285 -2.00  3 6.32 3.634  0.91  9 0.82  1.293  0.983  1.344  2.947 15.993   -0.043   -0.128  130.07   63.57 -270.29  -13.68 -1.60 185.30003  -3.10000  0.072 -2.600
55.985 -1.80  3 6.23 3.641  1.04  9 0.82  1.262  1.031  1.256  2.844 16.921   -0.061   -0.068   87.83  -40.89 -251.88  -33.14 -1.08 185.30003  -3.10000  0.072 -2.338
25.585 -1.40  3 6.08 3.654  1.29  9 0.82  1.184  0.740  1.162  2.676 15.758    0.031   -0.160  130.35  144.38 -185.77   26.73 -1.61 185.30003  -1.30000  0.071 -1.845
34.985 -1.60  3 6.15 3.648  1.17  9 0.82  1.197  0.668  1.252  2.775 16.251   -0.123   -0.092  120.86  -84.65 -268.52    9.49 -2.37 185.30003  -1.30000  0.071 -2.087
38.085 -1.80  3 6.23 3.641  1.04  9 0.82  1.253  0.913  1.272  2.846 16.257   -0.136   -0.077  140.79 -125.60 -288.60   28.35 -1.51 185.30003  -1.30000  0.071 -2.338
40.535 -2.50  3 6.61 3.608  0.47  9 0.82  1.513  1.263  1.640  3.449 15.627   -0.027   -0.059   20.60   12.50 -118.30  -41.36 -1.94 185.30003  -1.30000  0.071 -3.426
43.685 -2.40  3 6.52 3.616  0.60  9 0.82  1.428  1.220  1.518  3.267 15.785    0.021   -0.099  104.16  152.26 -178.90   -0.87 -1.57 185.30003  -1.30000  0.071 -3.184
64.535 -1.40  3 6.08 3.654  1.29  9 0.82  1.161  0.617  1.188  2.692 17.741   -0.039   -0.020  223.26  -41.07 -207.54  151.92 -2.25 185.30003  -1.30000  0.071 -1.845
10.085 -1.40  3 6.08 3.654  1.29  9 0.82  1.190  0.773  1.155  2.672 13.604   -0.747   -0.101 -129.70 -302.36 -153.31 -178.65 -1.46 185.30003   0.30000  0.070 -1.845
11.085 -1.20  3 6.01 3.660  1.41  9 0.82  1.100  0.521  1.141  2.618 14.168    0.009   -0.235   36.29   68.89 -106.41  -22.41 -2.37 185.30003   0.30000  0.070 -1.610
12.285 -1.20  3 6.01 3.660  1.41  9 0.82  1.133  0.669  1.113  2.601 14.373   -0.041   -0.199   -1.17   35.34  -98.39  -55.71 -1.55 185.30003   0.30000  0.070 -1.610
26.835 -1.20  3 6.01 3.660  1.41  9 0.82  1.101  0.526  1.140  2.617 16.023   -0.013   -0.089  112.93   55.21 -142.98   47.73 -2.34 185.30003   0.30000  0.070 -1.610
30.535 -1.80  3 6.23 3.641  1.04  9 0.82  1.253  0.919  1.270  2.845 15.662   -0.145   -0.049   62.68 -138.47 -184.07   -1.10 -1.48 185.30003   0.30000  0.070 -2.338
34.885 -2.40  3 6.52 3.616  0.60  9 0.82  1.425  1.228  1.512  3.263 15.375   -0.044   -0.017  111.62  -34.84 -106.10   77.91 -1.53 185.30003   0.30000  0.070 -3.184
35.435 -2.20  3 6.41 3.625  0.76  9 0.82  1.362  1.014  1.470  3.107 15.520   -0.127   -0.123  155.14  -64.16 -327.89   20.33 -2.01 185.30003   0.30000  0.070 -2.881
40.635 -2.40  3 6.52 3.616  0.60  9 0.82  1.419  1.279  1.496  3.257 15.749   -0.058   -0.074  252.14    5.27 -273.90  146.55 -1.33 185.30003   0.30000  0.070 -3.184
42.985 -1.80  3 6.23 3.641  1.04  9 0.82  1.243  0.811  1.305  2.859 16.478   -0.102    0.026  -52.30 -211.63  -38.51  -47.22 -1.99 185.30003   0.30000  0.070 -2.338
58.085 -1.40  3 6.08 3.654  1.29  9 0.82  1.127  0.516  1.206  2.696 17.448   -0.077   -0.068  149.44  -71.96 -310.35   23.81 -3.04 185.30003   0.30000  0.070 -1.845
64.535 -1.20  3 6.01 3.660  1.41  9 0.82  1.105  0.545  1.136  2.615 17.904   -0.053   -0.043 -145.19  -94.52 -114.68 -207.26 -2.21 185.30003   0.30000  0.070 -1.610
64.785 -2.20  3 6.41 3.625  0.76  9 0.82  1.358  1.321  1.397  3.076 16.856   -0.063   -0.037   -6.00 -112.33 -178.34  -79.52 -0.84 185.30003   0.30000  0.070 -2.881
65.835 -1.20  3 6.01 3.660  1.41  9 0.82  1.115  0.589  1.128  2.609 17.984   -0.025   -0.080  142.09   70.96 -288.14    5.69 -1.95 185.30003   0.30000  0.070 -1.610
10.235 -2.00  3 6.32 3.634  0.91  9 0.82  1.293  0.921  1.370  2.957 13.159   -0.456   -0.762  151.67   13.56 -450.34  -73.51 -1.91 187.10003  -3.10000  0.072 -2.600
17.835 -1.80  3 6.23 3.641  1.04  9 0.82  1.247  0.848  1.294  2.856 14.553   -0.158   -0.434  221.21  100.64 -436.91   -4.22 -1.82 187.10003  -3.10000  0.072 -2.338
21.085 -1.40  3 6.08 3.654  1.29  9 0.82  1.181  0.721  1.167  2.679 15.344   -0.068   -0.145  -43.50    2.04 -118.35 -115.71 -1.70 187.10003  -3.10000  0.072 -1.845
27.335 -2.50  3 6.61 3.608  0.47  9 0.82  1.474  1.465  1.550  3.403 14.822   -0.120   -0.072  179.02  -55.76 -230.31   93.61 -1.06 187.10003  -3.10000  0.072 -3.426
36.785 -1.80  3 6.23 3.641  1.04  9 0.82  1.252  0.905  1.275  2.848 16.144    0.053   -0.177  -51.64  216.64 -153.57 -190.63 -1.54 187.10003  -3.10000  0.072 -2.338
62.935 -1.40  3 6.08 3.654  1.29  9 0.82  1.148  0.563  1.198  2.698 17.748   -0.011   -0.086   59.13  106.46 -230.67  -80.61 -2.61 187.10003  -3.10000  0.072 -1.845
68.085 -2.20  3 6.41 3.625  0.76  9 0.82  1.358  1.317  1.398  3.078 16.979   -0.027   -0.116  169.74  135.10 -395.28  -48.56 -0.85 187.10003  -3.10000  0.072 -2.881
16.035 -1.60  3 6.15 3.648  1.17  9 0.82  1.214  0.797  1.220  2.757 14.529   -0.386   -0.254  187.80 -127.42 -374.65   47.15 -1.67 187.10003  -1.30000  0.070 -2.087
21.785 -1.20  3 6.01 3.660  1.41  9 0.82  1.109  0.559  1.134  2.614 15.633   -0.199   -0.006  181.11 -142.56 -188.67  137.63 -2.12 187.10003  -1.30000  0.070 -1.610
38.785 -2.40  3 6.52 3.616  0.60  9 0.82  1.440  1.160  1.553  3.286 15.602   -0.080   -0.167   -4.86   20.97 -298.09 -162.16 -1.90 187.10003  -1.30000  0.070 -3.184
41.185 -1.20  3 6.01 3.660  1.41  9 0.82  1.119  0.605  1.125  2.608 16.970   -0.057   -0.157  102.90   68.61 -328.54  -64.16 -1.87 187.10003  -1.30000  0.070 -1.610
10.685 -1.60  3 6.15 3.648  1.17  9 0.82  1.294  1.226  1.207  2.760 13.645   -0.128    0.009  -88.38  -71.65    8.82  -82.41 -0.44 187.10003   0.30000  0.069 -2.087
16.235 -1.60  3 6.15 3.648  1.17  9 0.82  1.192  0.642  1.258  2.777 14.541   -0.097   -0.243  -45.75   19.57 -158.14 -130.92 -2.54 187.10003   0.30000  0.069 -2.087
19.635 -2.40  3 6.52 3.616  0.60  9 0.82  1.413  1.339  1.479  3.250 14.067   -0.173   -0.331  219.63   45.81 -406.48   43.18 -1.12 187.10003   0.30000  0.069 -3.184
26.285 -1.20  3 6.01 3.660  1.41  9 0.82  1.111  0.572  1.131  2.611 16.007   -0.213   -0.302  180.28  -16.96 -492.76  -31.46 -2.04 187.10003   0.30000  0.069 -1.610
26.885 -1.80  3 6.23 3.641  1.04  9 0.82  1.249  0.880  1.282  2.849 15.479   -0.021   -0.156   35.46   78.84 -177.62  -59.50 -1.66 187.10003   0.30000  0.069 -2.338
30.485 -2.00  3 6.32 3.634  0.91  9 0.82  1.296  0.829  1.407  2.974 15.517    0.025   -0.123  123.42  135.92 -168.13   33.82 -2.45 187.10003   0.30000  0.069 -2.600
35.985 -1.40  3 6.08 3.654  1.29  9 0.82  1.176  0.699  1.171  2.680 16.377   -0.075   -0.257  230.95  138.17 -492.51   -1.78 -1.80 187.10003   0.30000  0.069 -1.845
37.635 -1.60  3 6.15 3.648  1.17  9 0.82  1.232  0.947  1.196  2.750 16.397   -0.112   -0.054  124.24 -105.46 -225.78   49.61 -1.11 187.10003   0.30000  0.069 -2.087
56.535 -2.50  3 6.61 3.608  0.47  9 0.82  1.480  1.412  1.565  3.409 16.408   -0.035   -0.102   99.38   67.17 -295.07  -42.12 -1.24 187.10003   0.30000  0.069 -3.426
11.385 -1.80  3 6.23 3.641  1.04  9 0.82  1.243  0.768  1.319  2.869 13.522    0.226   -0.202  344.35  229.20 -173.25  250.69 -2.27 188.90003  -3.10000  0.072 -2.338
14.285 -2.20  3 6.41 3.625  0.76  9 0.82  1.353  1.093  1.431  3.090 13.587   -0.102   -0.200  -33.78   -2.35 -118.49 -101.02 -1.62 188.90003  -3.10000  0.072 -2.881
27.535 -2.40  3 6.52 3.616  0.60  9 0.82  1.429  1.216  1.520  3.269 14.935    0.042   -0.294  198.46  271.22 -340.36  -16.60 -1.60 188.90003  -3.10000  0.072 -3.184
32.835 -2.00  3 6.32 3.634  0.91  9 0.82  1.296  0.850  1.400  2.972 15.635   -0.101   -0.165  109.22   10.67 -316.78  -43.36 -2.32 188.90003  -3.10000  0.072 -2.600
35.385 -1.20  3 6.01 3.660  1.41  9 0.82  1.099  0.516  1.143  2.620 16.553   -0.040    0.007   13.13  -59.68  -31.38   13.31 -2.41 188.90003  -3.10000  0.072 -1.610
43.485 -2.40  3 6.52 3.616  0.60  9 0.82  1.422  1.258  1.503  3.261 15.868   -0.203   -0.102  163.46 -223.10 -441.80   10.91 -1.41 188.90003  -3.10000  0.072 -3.184
45.785 -1.20  3 6.01 3.660  1.41  9 0.82  1.137  0.686  1.112  2.601 17.253   -0.069   -0.068  381.21   22.23 -357.61  246.96 -1.48 188.90003  -3.10000  0.072 -1.610
48.735 -1.20  3 6.01 3.660  1.41  9 0.82  1.081  0.468  1.151  2.622 17.378   -0.021   -0.110  142.20  108.59 -274.13   -6.78 -2.81 188.90003  -3.10000  0.072 -1.610
73.385 -2.40  3 6.52 3.616  0.60  9 0.82  1.458  1.101  1.599  3.313 17.069   -0.064   -0.045  165.60  -81.56 -304.71   50.91 -2.29 188.90003  -3.10000  0.072 -3.184
77.035 -2.50  3 6.61 3.608  0.47  9 0.82  1.499  1.312  1.607  3.432 17.078   -0.067   -0.004  -48.07 -210.17 -115.12  -64.68 -1.67 188.90003  -3.10000  0.072 -3.426
18.935 -2.00  3 6.32 3.634  0.91  9 0.82  1.320  1.244  1.323  2.937 14.491   -0.195   -0.118  260.41  -47.28 -281.15  168.31 -0.76 188.90003  -1.30000  0.070 -2.600
19.635 -2.50  3 6.61 3.608  0.47  9 0.82  1.482  1.401  1.569  3.411 14.053   -0.107   -0.276  228.61   83.56 -339.84   73.88 -1.28 188.90003  -1.30000  0.070 -3.426
20.985 -2.00  3 6.32 3.634  0.91  9 0.82  1.295  0.811  1.415  2.980 14.713   -0.201   -0.309   42.97  -14.81 -349.03 -119.62 -2.58 188.90003  -1.30000  0.070 -2.600
21.685 -1.60  3 6.15 3.648  1.17  9 0.82  1.198  0.675  1.250  2.774 15.201   -0.068   -0.201  139.04   67.35 -248.83   20.49 -2.33 188.90003  -1.30000  0.070 -2.087
46.935 -1.60  3 6.15 3.648  1.17  9 0.82  1.225  0.882  1.204  2.751 16.755    0.002   -0.085    3.18   95.61 -138.26  -85.91 -1.33 188.90003  -1.30000  0.070 -2.087
14.685 -1.20  3 6.01 3.660  1.41  9 0.82  1.122  0.621  1.122  2.605 14.639   -0.136   -0.457  -78.31   58.82 -255.52 -217.88 -1.79 188.90003   0.30000  0.069 -1.610
24.385 -2.40  3 6.52 3.616  0.60  9 0.82  1.413  1.339  1.478  3.250 14.574   -0.130   -0.230  122.95   23.84 -327.58  -18.42 -1.12 188.90003   0.30000  0.069 -3.184
30.085 -2.50  3 6.61 3.608  0.47  9 0.82  1.483  1.390  1.572  3.412 14.952   -0.057   -0.106  197.20   39.47 -236.55  103.61 -1.32 188.90003   0.30000  0.069 -3.426
33.935 -1.80  3 6.23 3.641  1.04  9 0.82  1.242  0.785  1.313  2.863 16.002    0.001   -0.233  211.27  222.79 -368.08   20.83 -2.15 188.90003   0.30000  0.069 -2.338
40.185 -2.50  3 6.61 3.608  0.47  9 0.82  1.507  1.283  1.625  3.441 15.539   -0.052   -0.129  136.83   60.85 -292.24    5.83 -1.83 188.90003   0.30000  0.069 -3.426
46.835 -1.60  3 6.15 3.648  1.17  9 0.82  1.220  0.838  1.209  2.751 16.855   -0.017   -0.035  -59.57   -4.99  -52.98  -90.19 -1.48 188.90003   0.30000  0.069 -2.087
 8.785 -2.00  3 6.32 3.634  0.91  9 0.82  1.295  0.875  1.389  2.966 12.781   -0.057   -0.017  145.72   18.07  -81.65  121.87 -2.17 190.70004  -3.10000  0.072 -2.600
15.535 -1.20  3 6.01 3.660  1.41  9 0.82  1.142  0.713  1.109  2.602 14.871   -0.044   -0.203  137.00   76.05 -185.98   42.80 -1.39 190.70004  -3.10000  0.072 -1.610
15.635 -1.80  3 6.23 3.641  1.04  9 0.82  1.271  1.087  1.255  2.844 14.219   -0.298   -0.306  137.75  -47.30 -342.35   -1.65 -0.92 190.70004  -3.10000  0.072 -2.338
21.785 -2.50  3 6.61 3.608  0.47  9 0.82  1.498  1.315  1.605  3.431 14.292   -0.069   -0.096   32.79   -5.46 -123.98  -23.57 -1.65 190.70004  -3.10000  0.072 -3.426
55.935 -2.40  3 6.52 3.616  0.60  9 0.82  1.421  1.273  1.498  3.259 16.421   -0.028   -0.032  -34.12  -31.61  -85.93  -74.31 -1.36 190.70004  -3.10000  0.072 -3.184
66.735 -1.20  3 6.01 3.660  1.41  9 0.82  1.136  0.680  1.112  2.601 17.970   -0.091   -0.050   83.45 -150.68 -302.99  -15.82 -1.50 190.70004  -3.10000  0.072 -1.610
68.185 -2.20  3 6.41 3.625  0.76  9 0.82  1.368  0.977  1.494  3.122 17.041    0.017   -0.044    7.64  117.00  -77.78  -62.99 -2.26 190.70004  -3.10000  0.072 -2.881
19.885 -2.00  3 6.32 3.634  0.91  9 0.82  1.293  1.032  1.330  2.941 14.615   -0.174   -0.184  226.64   -4.94 -309.31  112.27 -1.39 190.70004  -1.30000  0.070 -2.600
22.335 -2.40  3 6.52 3.616  0.60  9 0.82  1.468  1.065  1.628  3.330 14.360   -0.239   -0.118    3.92 -154.15 -228.00  -64.11 -2.56 190.70004  -1.30000  0.070 -3.184
41.135 -1.20  3 6.01 3.660  1.41  9 0.82  1.127  0.643  1.118  2.604 16.945   -0.105   -0.073   83.39  -85.71 -248.54   -1.04 -1.68 190.70004  -1.30000  0.070 -1.610
45.035 -1.60  3 6.15 3.648  1.17  9 0.82  1.206  0.744  1.234  2.764 16.687   -0.082   -0.071  121.19  -47.78 -255.45   28.94 -1.93 190.70004  -1.30000  0.070 -2.087
51.285 -1.60  3 6.15 3.648  1.17  9 0.82  1.195  0.648  1.256  2.777 16.969    0.011   -0.110  -24.37  144.78 -173.63 -146.60 -2.49 190.70004  -1.30000  0.070 -2.087
61.735 -1.80  3 6.23 3.641  1.04  9 0.82  1.267  1.071  1.253  2.842 17.236   -0.032   -0.083 -182.31   -2.27 -152.93 -278.66 -0.96 190.70004  -1.30000  0.070 -2.338
62.335 -1.40  3 6.08 3.654  1.29  9 0.82  1.167  0.655  1.181  2.687 17.672   -0.033   -0.080  261.56   88.82 -336.43  115.21 -2.02 190.70004  -1.30000  0.070 -1.845
64.135 -1.20  3 6.01 3.660  1.41  9 0.82  1.099  0.518  1.142  2.619 17.989   -0.011   -0.141  250.86  233.23 -438.09   18.26 -2.39 190.70004  -1.30000  0.070 -1.610
 8.535 -2.40  3 6.52 3.616  0.60  9 0.82  1.416  1.310  1.487  3.253 12.393    0.069   -0.058  -20.91   30.83    5.40  -28.27 -1.23 190.70004   0.30000  0.069 -3.184
 8.735 -2.50  3 6.61 3.608  0.47  9 0.82  1.505  1.288  1.622  3.439 12.339   -0.100   -0.238  -52.79    1.74  -75.07  -92.70 -1.80 190.70004   0.30000  0.069 -3.426
 8.785 -1.40  3 6.08 3.654  1.29  9 0.82  1.179  0.715  1.167  2.678 13.482   -0.203   -0.548  -21.84   34.77 -207.41 -124.45 -1.73 190.70004   0.30000  0.069 -1.845
11.985 -1.40  3 6.08 3.654  1.29  9 0.82  1.159  0.611  1.188  2.691 14.005   -0.184   -0.408  137.40   52.93 -283.58   15.69 -2.28 190.70004   0.30000  0.069 -1.845
13.485 -2.40  3 6.52 3.616  0.60  9 0.82  1.452  1.116  1.585  3.304 13.291    0.133   -0.194  -53.52  120.93  -27.23 -100.45 -2.18 190.70004   0.30000  0.069 -3.184
16.885 -1.40  3 6.08 3.654  1.29  9 0.82  1.175  0.698  1.171  2.680 14.783   -0.100   -0.301  156.82   82.58 -285.31   29.67 -1.81 190.70004   0.30000  0.069 -1.845
21.585 -2.00  3 6.32 3.634  0.91  9 0.82  1.292  0.937  1.362  2.952 14.689   -0.379    0.032  192.37 -303.93 -256.45  173.36 -1.83 190.70004   0.30000  0.069 -2.600
21.685 -1.80  3 6.23 3.641  1.04  9 0.82  1.252  0.913  1.271  2.845 14.962   -0.150   -0.092   29.07  -78.63 -163.96  -21.52 -1.50 190.70004   0.30000  0.069 -2.338
45.535 -1.20  3 6.01 3.660  1.41  9 0.82  1.124  0.629  1.120  2.604 17.134    0.038   -0.076  -87.94  131.04  -44.94 -149.17 -1.75 190.70004   0.30000  0.069 -1.610
60.885 -2.00  3 6.32 3.634  0.91  9 0.82  1.292  1.023  1.331  2.940 16.953   -0.036   -0.047  -49.90  -32.75 -136.06 -108.34 -1.43 190.70004   0.30000  0.069 -2.600
66.685 -2.00  3 6.32 3.634  0.91  9 0.82  1.295  1.124  1.316  2.938 17.284   -0.058   -0.039  -52.47 -107.25 -167.47 -107.55 -1.05 190.70004   0.30000  0.069 -2.600
16.635 -1.80  3 6.23 3.641  1.04  9 0.82  1.224  0.674  1.351  2.885 14.443   -0.103   -0.254   89.26   49.47 -227.33  -23.08 -3.01 192.50004  -3.10000  0.072 -2.338
23.035 -1.40  3 6.08 3.654  1.29  9 0.82  1.200  0.841  1.150  2.674 15.408   -0.156   -0.149   41.12  -56.06 -227.89  -46.56 -1.24 192.50004  -3.10000  0.072 -1.845
59.235 -1.20  3 6.01 3.660  1.41  9 0.82  1.118  0.600  1.127  2.610 17.751   -0.004   -0.067  266.95  149.14 -255.81  137.53 -1.90 192.50004  -3.10000  0.072 -1.610
71.785 -2.20  3 6.41 3.625  0.76  9 0.82  1.349  1.138  1.415  3.084 17.060   -0.056   -0.093  112.68   20.38 -381.12  -62.19 -1.42 192.50004  -3.10000  0.072 -2.881
74.635 -2.50  3 6.61 3.608  0.47  9 0.82  1.496  1.322  1.601  3.429 17.001   -0.018   -0.050  179.99   75.60 -238.68   68.09 -1.61 192.50004  -3.10000  0.072 -3.426
 9.035 -1.20  3 6.01 3.660  1.41  9 0.82  1.115  0.590  1.128  2.610 13.640   -0.728   -0.224  -35.99 -225.28 -225.32  -78.91 -1.94 192.50004  -1.30000  0.070 -1.610
 9.985 -1.80  3 6.23 3.641  1.04  9 0.82  1.260  1.013  1.258  2.843 13.351   -0.305   -0.478   98.56   11.60 -284.93  -20.70 -1.15 192.50004  -1.30000  0.070 -2.338
57.985 -1.20  3 6.01 3.660  1.41  9 0.82  1.149  0.755  1.106  2.602 17.737   -0.060   -0.083  141.07    6.90 -314.04   15.65 -1.25 192.50004  -1.30000  0.070 -1.610
63.885 -2.40  3 6.52 3.616  0.60  9 0.82  1.447  1.133  1.571  3.296 16.655   -0.063   -0.059   56.73  -60.31 -258.46  -35.69 -2.06 192.50004  -1.30000  0.070 -3.184
64.935 -2.00  3 6.32 3.634  0.91  9 0.82  1.292  0.954  1.355  2.950 17.056   -0.008   -0.038  143.77   72.31 -156.70   71.45 -1.74 192.50004  -1.30000  0.070 -2.600
14.685 -2.20  3 6.41 3.625  0.76  9 0.82  1.362  1.012  1.471  3.108 13.673   -0.305   -0.121   59.56 -123.25 -200.73   14.25 -2.02 192.50004   0.30000  0.069 -2.881
21.785 -1.20  3 6.01 3.660  1.41  9 0.82  1.119  0.608  1.124  2.607 15.599   -0.171   -0.130  132.81  -51.54 -246.89   57.57 -1.85 192.50004   0.30000  0.069 -1.610
21.785 -2.50  3 6.61 3.608  0.47  9 0.82  1.480  1.410  1.566  3.409 14.192   -0.152   -0.078  126.29  -62.55 -193.40   75.85 -1.25 192.50004   0.30000  0.069 -3.426
25.435 -1.60  3 6.15 3.648  1.17  9 0.82  1.211  0.776  1.225  2.759 15.460   -0.078   -0.229   83.98   75.29 -289.74  -48.83 -1.77 192.50004   0.30000  0.069 -2.087
28.385 -1.60  3 6.15 3.648  1.17  9 0.82  1.197  0.676  1.250  2.773 15.676    0.048   -0.172  119.70  195.73 -184.34    3.80 -2.32 192.50004   0.30000  0.069 -2.087
29.135 -2.20  3 6.41 3.625  0.76  9 0.82  1.362  0.857  1.551  3.160 15.237   -0.025   -0.071  190.65   64.27 -164.71  126.32 -3.19 192.50004   0.30000  0.069 -2.881
52.285 -1.80  3 6.23 3.641  1.04  9 0.82  1.242  0.793  1.310  2.862 16.883    0.007   -0.005   84.40   40.04  -32.86   69.82 -2.10 192.50004   0.30000  0.069 -2.338
77.235 -2.20  3 6.41 3.625  0.76  9 0.82  1.370  0.956  1.506  3.127 17.213   -0.020   -0.046   51.89   31.04 -185.11  -28.64 -2.40 192.50004   0.30000  0.069 -2.881
20.185 -2.20  3 6.41 3.625  0.76  9 0.82  1.346  1.211  1.400  3.081 14.374   -0.153   -0.265   33.15    6.92 -278.29  -94.70 -1.15 194.20002  -3.10000  0.072 -2.881
20.585 -1.40  3 6.08 3.654  1.29  9 0.82  1.160  0.611  1.190  2.693 15.200   -0.194   -0.154  -82.16 -110.99 -180.41 -142.33 -2.28 194.20002  -3.10000  0.072 -1.845
23.685 -1.20  3 6.01 3.660  1.41  9 0.82  1.141  0.706  1.110  2.602 15.749   -0.165   -0.045    8.66 -128.41 -142.91  -14.03 -1.41 194.20002  -3.10000  0.072 -1.610
26.535 -1.40  3 6.08 3.654  1.29  9 0.82  1.188  0.757  1.158  2.674 15.879   -0.106   -0.032   22.82  -85.40 -111.75    2.53 -1.53 194.20002  -3.10000  0.072 -1.845
27.285 -1.20  3 6.01 3.660  1.41  9 0.82  1.132  0.663  1.115  2.603 15.978   -0.101   -0.027  170.76  -42.40 -167.24  132.85 -1.59 194.20002  -3.10000  0.072 -1.610
31.835 -2.20  3 6.41 3.625  0.76  9 0.82  1.348  1.161  1.410  3.083 15.333   -0.162   -0.117  143.46  -78.73 -321.09   41.28 -1.33 194.20002  -3.10000  0.072 -2.881
44.485 -2.00  3 6.32 3.634  0.91  9 0.82  1.293  0.803  1.420  2.983 16.301   -0.038   -0.091  212.54   84.84 -269.77   90.27 -2.66 194.20002  -3.10000  0.072 -2.600
58.085 -2.40  3 6.52 3.616  0.60  9 0.82  1.419  1.292  1.493  3.257 16.580   -0.056   -0.081  179.47   27.82 -320.07   47.60 -1.29 194.20002  -3.10000  0.072 -3.184
65.435 -2.50  3 6.61 3.608  0.47  9 0.82  1.490  1.341  1.588  3.422 16.697   -0.037   -0.090  164.92   83.40 -334.49    5.39 -1.50 194.20002  -3.10000  0.072 -3.426
74.435 -1.60  3 6.15 3.648  1.17  9 0.82  1.203  0.715  1.242  2.769 17.777   -0.067   -0.020    6.84 -160.76 -185.02  -25.05 -2.08 194.20002  -3.10000  0.072 -2.087
10.235 -1.60  3 6.15 3.648  1.17  9 0.82  1.212  0.781  1.224  2.759 13.434   -0.026   -0.209   70.48   57.53 -109.22   14.44 -1.75 194.20002  -1.30000  0.070 -2.087
17.135 -1.60  3 6.15 3.648  1.17  9 0.82  1.282  1.175  1.207  2.759 14.728   -0.129    0.093  -28.44 -130.85    8.87   12.51 -0.54 194.20002  -1.30000  0.070 -2.087
42.885 -1.60  3 6.15 3.648  1.17  9 0.82  1.274  1.141  1.205  2.757 16.586   -0.172   -0.142  275.78  -78.00 -512.92  114.07 -0.62 194.20002  -1.30000  0.070 -2.087
49.485 -2.40  3 6.52 3.616  0.60  9 0.82  1.469  1.057  1.633  3.335 16.183   -0.188   -0.036   57.93 -310.22 -328.56   19.76 -2.62 194.20002  -1.30000  0.070 -3.184
74.035 -2.50  3 6.61 3.608  0.47  9 0.82  1.557  1.172  1.733  3.510 16.843   -0.039   -0.025  -80.95  -94.02 -109.75 -110.20 -2.63 194.20002  -1.30000  0.070 -3.426
 8.035 -1.80  3 6.23 3.641  1.04  9 0.82  1.242  0.802  1.307  2.860 12.780   -0.172   -0.563   88.69   73.03 -229.34  -15.27 -2.04 194.20002   0.30000  0.069 -2.338
12.785 -1.20  3 6.01 3.660  1.41  9 0.82  1.145  0.733  1.107  2.600 14.373   -0.193   -0.138   90.75  -33.10 -160.65   46.03 -1.32 194.20002   0.30000  0.069 -1.610
23.885 -2.40  3 6.52 3.616  0.60  9 0.82  1.423  1.247  1.505  3.260 14.642   -0.111   -0.185   60.97   13.26 -248.07  -36.33 -1.45 194.20002   0.30000  0.069 -3.184
23.935 -1.60  3 6.15 3.648  1.17  9 0.82  1.234  0.961  1.195  2.750 15.445   -0.028   -0.146   39.24   64.63 -156.14  -38.40 -1.06 194.20002   0.30000  0.069 -2.087
29.735 -1.60  3 6.15 3.648  1.17  9 0.82  1.216  0.813  1.215  2.754 15.742   -0.127   -0.192   52.78   -3.72 -320.85  -70.03 -1.60 194.20002   0.30000  0.069 -2.087
31.835 -1.20  3 6.01 3.660  1.41  9 0.82  1.113  0.580  1.129  2.610 16.409   -0.035   -0.098  101.96   54.79 -177.68   25.88 -1.99 194.20002   0.30000  0.069 -1.610
37.235 -2.00  3 6.32 3.634  0.91  9 0.82  1.295  1.125  1.316  2.938 15.982   -0.045   -0.137   50.57   64.02 -243.62  -61.04 -1.05 194.20002   0.30000  0.069 -2.600
41.435 -2.00  3 6.32 3.634  0.91  9 0.82  1.294  1.070  1.324  2.939 16.167   -0.017   -0.072  151.77   80.50 -179.93   73.13 -1.25 194.20002   0.30000  0.069 -2.600
49.135 -2.50  3 6.61 3.608  0.47  9 0.82  1.503  1.296  1.617  3.436 16.114   -0.075   -0.044    0.07  -95.13 -172.68  -42.07 -1.75 194.20002   0.30000  0.069 -3.426
68.385 -1.80  3 6.23 3.641  1.04  9 0.82  1.242  0.805  1.307  2.860 17.463   -0.034   -0.086  -99.74   19.11 -233.36 -211.79 -2.03 194.20002   0.30000  0.069 -2.338
