# Dist    Mv  CL Typ  LTef  logg Age Mass  B-V    U-B    V-I    V-K    V        mux     muy        Vr    UU      VV      WW   [Fe/H] a(deg)      d(deg)    Av   Mbol
15.370 -2.00  3 6.32 3.634  0.91  9 0.82  1.299  0.989  1.352  2.965 14.098    0.145   -0.196 -158.97  -16.67 -228.64   65.26 -1.60   0.90000  -3.10000  0.093 -2.600
15.890 -1.80  3 6.23 3.641  1.04  9 0.82  1.253  0.846  1.305  2.876 14.247    0.233   -0.273  -81.82  -50.06 -274.76  -42.16 -1.85   0.90000  -3.10000  0.093 -2.338
20.630 -1.80  3 6.23 3.641  1.04  9 0.82  1.264  0.967  1.274  2.864 14.910    0.126   -0.261 -216.69   25.29 -348.87   68.46 -1.33   0.90000  -3.10000  0.093 -2.338
34.390 -2.50  3 6.61 3.608  0.47  9 0.82  1.501  1.334  1.605  3.445 15.328    0.091   -0.144 -124.88  -10.50 -304.35  -10.45 -1.57   0.90000  -3.10000  0.093 -3.426
52.130 -2.40  3 6.52 3.616  0.60  9 0.82  1.434  1.228  1.525  3.286 16.205    0.098   -0.098  -92.99  -90.13 -337.35  -58.83 -1.56   0.90000  -3.10000  0.093 -3.184
55.090 -2.00  3 6.32 3.634  0.91  9 0.82  1.296  0.792  1.436  3.007 16.847    0.088   -0.043 -191.60 -139.05 -275.21   84.08 -2.81   0.90000  -3.10000  0.093 -2.600
59.550 -1.60  3 6.15 3.648  1.17  9 0.82  1.222  0.806  1.228  2.777 17.391    0.005   -0.046 -295.81   63.27 -238.10  209.80 -1.66   0.90000  -3.10000  0.093 -2.087
16.330 -1.20  3 6.01 3.660  1.41  9 0.82  1.141  0.677  1.123  2.622 14.975    0.188   -0.200  -80.46  -47.71 -220.85  -22.62 -1.54   0.90000  -1.30000  0.094 -1.610
56.710 -2.00  3 6.32 3.634  0.91  9 0.82  1.301  0.900  1.390  2.982 16.844    0.022   -0.061  -44.22   30.07 -172.58  -42.98 -2.04   0.90000  -1.30000  0.094 -2.600
 9.550 -1.60  3 6.15 3.648  1.17  9 0.82  1.281  1.143  1.215  2.780 13.471   -0.081   -0.232  -51.48   86.26  -86.79    3.75 -0.63   0.90000   0.30000  0.096 -2.087
11.110 -1.40  3 6.08 3.654  1.29  9 0.82  1.184  0.704  1.182  2.704 13.832    0.411   -0.372 -115.10  -86.03 -300.28  -29.23 -1.81   0.90000   0.30000  0.096 -1.845
16.010 -2.50  3 6.61 3.608  0.47  9 0.82  1.502  1.334  1.606  3.448 13.705    0.167   -0.102 -135.47  -63.59 -180.99   59.24 -1.57   0.90000   0.30000  0.096 -3.426
24.270 -1.20  3 6.01 3.660  1.41  9 0.82  1.137  0.657  1.127  2.626 15.807    0.086   -0.346  -44.04  109.71 -363.56 -161.67 -1.64   0.90000   0.30000  0.096 -1.610
26.330 -1.80  3 6.23 3.641  1.04  9 0.82  1.269  1.024  1.268  2.865 15.497    0.093   -0.099  -22.09  -40.69 -155.44  -58.50 -1.13   0.90000   0.30000  0.096 -2.338
36.970 -2.00  3 6.32 3.634  0.91  9 0.82  1.301  0.907  1.388  2.982 15.838   -0.010   -0.130  -50.91  128.99 -187.31  -56.57 -2.00   0.90000   0.30000  0.096 -2.600
42.110 -2.20  3 6.41 3.625  0.76  9 0.82  1.356  1.154  1.423  3.105 16.003    0.054   -0.132 -195.55   46.48 -340.76   30.13 -1.38   0.90000   0.30000  0.096 -2.881
53.370 -1.40  3 6.08 3.654  1.29  9 0.82  1.178  0.675  1.188  2.707 17.282    0.048   -0.005 -177.37  -87.30 -151.74  125.63 -1.95   0.90000   0.30000  0.096 -1.845
58.970 -2.00  3 6.32 3.634  0.91  9 0.82  1.300  0.961  1.365  2.973 16.888    0.075   -0.030 -129.06 -133.97 -220.73   35.14 -1.74   0.90000   0.30000  0.096 -2.600
61.350 -1.60  3 6.15 3.648  1.17  9 0.82  1.241  0.959  1.207  2.773 17.414    0.062   -0.052  -56.54  -79.89 -221.07  -52.62 -1.09   0.90000   0.30000  0.096 -2.087
11.510 -1.60  3 6.15 3.648  1.17  9 0.82  1.216  0.770  1.238  2.781 13.809    0.190   -0.418  -56.26   25.00 -249.04  -57.70 -1.83   2.70000  -3.10000  0.092 -2.087
15.610 -1.20  3 6.01 3.660  1.41  9 0.82  1.116  0.565  1.143  2.633 14.893    0.143   -0.303  -97.18   24.01 -264.09  -19.37 -2.12   2.70000  -3.10000  0.092 -1.610
25.190 -2.40  3 6.52 3.616  0.60  9 0.82  1.421  1.408  1.482  3.267 14.644   -0.059   -0.259  -73.13  217.65 -237.99  -48.01 -0.93   2.70000  -3.10000  0.092 -3.184
67.450 -1.40  3 6.08 3.654  1.29  9 0.82  1.251  1.064  1.162  2.700 17.807   -0.010   -0.029  -28.30   76.57  -69.44   -7.26 -0.65   2.70000  -3.10000  0.092 -1.845
21.130 -1.60  3 6.15 3.648  1.17  9 0.82  1.223  0.813  1.227  2.776 15.175    0.158   -0.183   76.10  -54.20 -178.98 -171.77 -1.63   2.70000  -1.30000  0.094 -2.087
21.370 -1.20  3 6.01 3.660  1.41  9 0.82  1.127  0.615  1.134  2.629 15.635    0.005   -0.319 -100.08  160.88 -292.75  -51.21 -1.85   2.70000  -1.30000  0.094 -1.610
22.790 -1.20  3 6.01 3.660  1.41  9 0.82  1.142  0.679  1.122  2.621 15.748   -0.013   -0.072 -218.20   68.13 -150.79  162.61 -1.53   2.70000  -1.30000  0.094 -1.610
23.030 -2.50  3 6.61 3.608  0.47  9 0.82  1.511  1.302  1.626  3.457 14.435    0.108   -0.272 -117.80   51.74 -334.15  -42.25 -1.75   2.70000  -1.30000  0.094 -3.426
24.690 -1.20  3 6.01 3.660  1.41  9 0.82  1.129  0.623  1.133  2.628 15.872    0.048    0.011 -202.83  -38.34 -108.47  176.70 -1.81   2.70000  -1.30000  0.094 -1.610
59.690 -2.00  3 6.32 3.634  0.91  9 0.82  1.304  0.838  1.416  2.995 16.955    0.026   -0.047 -209.03   17.99 -231.15  116.02 -2.43   2.70000  -1.30000  0.094 -2.600
26.390 -2.20  3 6.41 3.625  0.76  9 0.82  1.361  1.094  1.443  3.112 15.002    0.096   -0.121 -158.61  -15.64 -243.75   51.12 -1.64   2.70000   0.30000  0.095 -2.881
31.890 -1.40  3 6.08 3.654  1.29  9 0.82  1.201  0.800  1.164  2.695 16.279    0.100   -0.058  -98.44  -79.00 -182.74   22.30 -1.40   2.70000   0.30000  0.095 -1.845
34.090 -2.20  3 6.41 3.625  0.76  9 0.82  1.359  1.112  1.434  3.108 15.646    0.088   -0.198  -66.86   37.67 -337.63 -110.18 -1.55   2.70000   0.30000  0.095 -2.881
34.810 -2.40  3 6.52 3.616  0.60  9 0.82  1.434  1.233  1.523  3.286 15.433    0.079   -0.170 -203.87   41.79 -367.12   29.89 -1.54   2.70000   0.30000  0.095 -3.184
57.270 -2.00  3 6.32 3.634  0.91  9 0.82  1.304  1.127  1.327  2.961 16.874    0.093   -0.056   10.96 -147.96 -226.64 -118.79 -1.06   2.70000   0.30000  0.095 -2.600
74.810 -1.60  3 6.15 3.648  1.17  9 0.82  1.235  0.905  1.212  2.773 17.771    0.033   -0.050 -158.09   -1.25 -262.72   38.72 -1.27   2.70000   0.30000  0.095 -2.087
28.410 -2.50  3 6.61 3.608  0.47  9 0.82  1.494  1.364  1.591  3.437 14.886    0.095   -0.036 -214.58  -67.32 -187.67  158.29 -1.44   4.50000  -3.10000  0.092 -3.426
35.070 -2.20  3 6.41 3.625  0.76  9 0.82  1.366  1.049  1.464  3.120 15.520    0.092   -0.165   33.65   -1.75 -271.45 -160.77 -1.86   4.50000  -3.10000  0.092 -2.881
39.730 -2.20  3 6.41 3.625  0.76  9 0.82  1.353  1.200  1.411  3.100 15.846    0.036   -0.156 -147.06   99.09 -319.75    6.23 -1.21   4.50000  -3.10000  0.092 -2.881
51.990 -2.50  3 6.61 3.608  0.47  9 0.82  1.561  1.193  1.729  3.519 16.177    0.041   -0.080 -209.74   28.52 -287.51   97.46 -2.50   4.50000  -3.10000  0.092 -3.426
52.050 -1.40  3 6.08 3.654  1.29  9 0.82  1.191  0.749  1.170  2.694 17.301   -0.017   -0.067 -110.62  126.56 -153.15   39.12 -1.59   4.50000  -3.10000  0.092 -1.845
67.810 -1.40  3 6.08 3.654  1.29  9 0.82  1.182  0.700  1.181  2.700 17.753    0.054   -0.076  -45.69  -27.03 -292.43  -80.13 -1.82   4.50000  -3.10000  0.092 -1.845
14.830 -1.40  3 6.08 3.654  1.29  9 0.82  1.164  0.600  1.201  2.714 14.595    0.050   -0.250  -36.18   59.22 -165.78  -47.92 -2.38   4.50000  -1.30000  0.093 -1.845
22.950 -2.00  3 6.32 3.634  0.91  9 0.82  1.300  0.940  1.373  2.974 14.814    0.028   -0.422 -145.75  213.41 -426.82  -71.92 -1.84   4.50000  -1.30000  0.093 -2.600
45.410 -1.40  3 6.08 3.654  1.29  9 0.82  1.179  0.683  1.185  2.704 17.013    0.028   -0.140   -8.43   94.57 -261.80 -130.37 -1.91   4.50000  -1.30000  0.093 -1.845
67.070 -1.80  3 6.23 3.641  1.04  9 0.82  1.252  0.834  1.309  2.877 17.475    0.097    0.013  -19.86 -286.97 -125.80   -4.20 -1.91   4.50000  -1.30000  0.093 -2.338
69.550 -1.40  3 6.08 3.654  1.29  9 0.82  1.170  0.635  1.195  2.710 17.996    0.035   -0.078  -37.99   28.13 -267.11  -91.71 -2.17   4.50000  -1.30000  0.093 -1.845
78.670 -2.00  3 6.32 3.634  0.91  9 0.82  1.300  1.025  1.341  2.961 17.577    0.009    0.017 -212.47  -37.06  -62.95  211.73 -1.44   4.50000  -1.30000  0.093 -2.600
 9.210 -1.40  3 6.08 3.654  1.29  9 0.82  1.206  0.842  1.160  2.694 13.488    0.306   -0.393   -8.62  -31.69 -196.53  -88.09 -1.25   4.50000   0.30000  0.094 -1.845
16.770 -2.20  3 6.41 3.625  0.76  9 0.82  1.358  1.114  1.433  3.107 13.927    0.367   -0.646 -229.55   23.73 -629.08  -70.01 -1.54   4.50000   0.30000  0.094 -2.881
18.250 -2.50  3 6.61 3.608  0.47  9 0.82  1.522  1.266  1.651  3.472 13.879    0.137   -0.088  -97.37  -53.78 -158.33   35.70 -1.96   4.50000   0.30000  0.094 -3.426
24.130 -2.40  3 6.52 3.616  0.60  9 0.82  1.423  1.327  1.494  3.274 14.537    0.098   -0.169 -155.95   15.46 -269.53   34.70 -1.19   4.50000   0.30000  0.094 -3.184
26.510 -1.60  3 6.15 3.648  1.17  9 0.82  1.227  0.836  1.221  2.774 15.688    0.108   -0.185 -120.34    9.52 -294.85  -18.10 -1.52   4.50000   0.30000  0.094 -2.087
26.970 -1.40  3 6.08 3.654  1.29  9 0.82  1.167  0.615  1.199  2.714 15.820    0.087   -0.260 -348.30  106.84 -461.43  140.54 -2.30   4.50000   0.30000  0.094 -1.845
30.870 -1.80  3 6.23 3.641  1.04  9 0.82  1.262  0.934  1.279  2.867 15.673    0.095   -0.155  116.68  -25.00 -183.52 -224.59 -1.45   4.50000   0.30000  0.094 -2.338
31.670 -1.60  3 6.15 3.648  1.17  9 0.82  1.200  0.647  1.268  2.800 15.917    0.176   -0.085  -97.34 -154.83 -267.56   -7.07 -2.55   4.50000   0.30000  0.094 -2.087
41.150 -1.40  3 6.08 3.654  1.29  9 0.82  1.193  0.754  1.170  2.696 16.816    0.065   -0.077  -57.93  -30.17 -199.55  -33.86 -1.57   4.50000   0.30000  0.094 -1.845
56.990 -1.40  3 6.08 3.654  1.29  9 0.82  1.166  0.611  1.200  2.714 17.388    0.011   -0.118 -171.12  149.35 -329.54    1.99 -2.32   4.50000   0.30000  0.094 -1.845
76.550 -1.80  3 6.23 3.641  1.04  9 0.82  1.257  0.885  1.293  2.872 17.625    0.025   -0.020  -16.01  -41.17 -105.27  -30.86 -1.67   4.50000   0.30000  0.094 -2.338
24.090 -2.00  3 6.32 3.634  0.91  9 0.82  1.301  1.073  1.333  2.959 15.092    0.138   -0.147  -55.77  -46.56 -229.42  -32.82 -1.26   6.30000  -3.10000  0.091 -2.600
28.730 -2.00  3 6.32 3.634  0.91  9 0.82  1.300  0.901  1.389  2.979 15.302    0.004   -0.078 -237.67   76.56 -179.59  172.58 -2.04   6.30000  -3.10000  0.091 -2.600
32.450 -1.60  3 6.15 3.648  1.17  9 0.82  1.222  0.810  1.226  2.775 15.992   -0.036   -0.071 -214.93  127.50 -141.79  157.32 -1.64   6.30000  -3.10000  0.091 -2.087
47.290 -1.20  3 6.01 3.660  1.41  9 0.82  1.187  0.911  1.115  2.625 17.358    0.023   -0.049  -33.59   14.78 -124.17  -19.35 -0.81   6.30000  -3.10000  0.091 -1.610
75.270 -1.80  3 6.23 3.641  1.04  9 0.82  1.263  0.963  1.274  2.863 17.598    0.077   -0.110 -205.15  -19.49 -521.07    0.25 -1.34   6.30000  -3.10000  0.091 -2.338
78.870 -1.80  3 6.23 3.641  1.04  9 0.82  1.273  1.072  1.262  2.861 17.736    0.035   -0.081 -109.29   47.72 -342.23  -35.88 -0.97   6.30000  -3.10000  0.091 -2.338
13.370 -2.50  3 6.61 3.608  0.47  9 0.82  1.517  1.281  1.641  3.464 13.237    0.157   -0.293  -64.76   13.45 -217.46  -32.14 -1.87   6.30000  -1.30000  0.093 -3.426
21.010 -2.00  3 6.32 3.634  0.91  9 0.82  1.300  0.927  1.378  2.976 14.708    0.052   -0.216 -199.31   87.89 -272.93   80.52 -1.90   6.30000  -1.30000  0.093 -2.600
37.670 -1.40  3 6.08 3.654  1.29  9 0.82  1.207  0.854  1.158  2.693 16.499    0.080   -0.047   53.32  -89.89 -112.95  -98.95 -1.21   6.30000  -1.30000  0.093 -1.845
69.490 -2.50  3 6.61 3.608  0.47  9 0.82  1.518  1.277  1.643  3.466 16.719    0.027   -0.067 -102.62   43.37 -254.78  -12.02 -1.90   6.30000  -1.30000  0.093 -3.426
13.450 -1.60  3 6.15 3.648  1.17  9 0.82  1.197  0.639  1.270  2.800 14.051    0.132   -0.236 -133.97   20.51 -213.28   41.22 -2.62   6.30000   0.30000  0.094 -2.087
26.490 -2.00  3 6.32 3.634  0.91  9 0.82  1.301  0.910  1.386  2.980 15.122    0.069   -0.157   34.18   15.74 -174.72 -128.88 -1.99   6.30000   0.30000  0.094 -2.600
33.950 -2.40  3 6.52 3.616  0.60  9 0.82  1.462  1.119  1.599  3.328 15.326    0.202   -0.217  -37.04 -106.51 -438.35 -159.64 -2.21   6.30000   0.30000  0.094 -3.184
35.010 -1.20  3 6.01 3.660  1.41  9 0.82  1.104  0.510  1.154  2.641 16.516   -0.051   -0.046    7.03  108.25  -11.66  -32.18 -2.48   6.30000   0.30000  0.094 -1.610
35.030 -1.80  3 6.23 3.641  1.04  9 0.82  1.265  0.980  1.273  2.865 15.926    0.196   -0.083   56.16 -222.85 -239.70 -145.79 -1.29   6.30000   0.30000  0.094 -2.338
38.730 -1.40  3 6.08 3.654  1.29  9 0.82  1.187  0.725  1.176  2.699 16.720    0.048   -0.072  -12.21  -10.53 -147.54  -58.32 -1.71   6.30000   0.30000  0.094 -1.845
38.830 -1.20  3 6.01 3.660  1.41  9 0.82  1.154  0.746  1.117  2.622 16.780    0.087   -0.047  -36.24  -91.26 -160.37  -23.85 -1.30   6.30000   0.30000  0.094 -1.610
57.650 -2.20  3 6.41 3.625  0.76  9 0.82  1.354  1.212  1.410  3.102 16.712    0.041   -0.005   57.53  -99.40  -41.40  -68.94 -1.17   6.30000   0.30000  0.094 -2.881
64.610 -2.50  3 6.61 3.608  0.47  9 0.82  1.542  1.227  1.692  3.496 16.674    0.076   -0.081 -106.38  -65.98 -347.97  -42.79 -2.24   6.30000   0.30000  0.094 -3.426
68.990 -1.40  3 6.08 3.654  1.29  9 0.82  1.156  0.570  1.207  2.717 17.972    0.052   -0.041  -59.40  -74.54 -210.65  -25.68 -2.59   6.30000   0.30000  0.094 -1.845
14.750 -2.00  3 6.32 3.634  0.91  9 0.82  1.299  0.965  1.361  2.967 13.999   -0.062   -0.173 -162.94  120.93 -133.73  102.98 -1.71   8.10000  -3.10000  0.091 -2.600
30.410 -2.50  3 6.61 3.608  0.47  9 0.82  1.536  1.236  1.680  3.487 15.072    0.121   -0.179 -299.68   22.38 -402.19  156.45 -2.17   8.10000  -3.10000  0.091 -3.426
47.670 -1.20  3 6.01 3.660  1.41  9 0.82  1.094  0.489  1.156  2.639 17.277    0.156   -0.154 -282.75  -87.44 -555.98   91.32 -2.66   8.10000  -3.10000  0.091 -1.610
59.050 -1.60  3 6.15 3.648  1.17  9 0.82  1.237  0.935  1.207  2.770 17.366   -0.064   -0.023 -127.36  202.90   -7.04  103.71 -1.17   8.10000  -3.10000  0.091 -2.087
70.310 -2.00  3 6.32 3.634  0.91  9 0.82  1.311  1.182  1.326  2.957 17.291    0.041   -0.064 -127.65    5.95 -283.21   20.36 -0.91   8.10000  -3.10000  0.091 -2.600
 8.750 -2.40  3 6.52 3.616  0.60  9 0.82  1.453  1.141  1.579  3.315 12.388    0.386   -0.465  222.17  -79.43 -137.74 -294.86 -2.05   8.10000  -1.30000  0.092 -3.184
20.430 -1.20  3 6.01 3.660  1.41  9 0.82  1.125  0.607  1.135  2.628 15.497    0.063   -0.150 -126.70   39.09 -193.01   46.63 -1.89   8.10000  -1.30000  0.092 -1.610
22.410 -1.20  3 6.01 3.660  1.41  9 0.82  1.165  0.809  1.111  2.622 15.587    0.058   -0.177  -89.49   53.23 -210.12   -5.06 -1.08   8.10000  -1.30000  0.092 -1.610
38.890 -2.20  3 6.41 3.625  0.76  9 0.82  1.355  1.160  1.420  3.102 15.844    0.028   -0.155  -88.51  109.86 -278.97  -47.54 -1.36   8.10000  -1.30000  0.092 -2.881
52.790 -2.20  3 6.41 3.625  0.76  9 0.82  1.363  1.073  1.452  3.115 16.460    0.047   -0.095  -48.67   23.46 -261.06  -68.04 -1.74   8.10000  -1.30000  0.092 -2.881
60.050 -2.20  3 6.41 3.625  0.76  9 0.82  1.366  1.047  1.466  3.121 16.847    0.075   -0.053 -213.79  -74.51 -310.73  111.00 -1.88   8.10000  -1.30000  0.092 -2.881
15.650 -1.80  3 6.23 3.641  1.04  9 0.82  1.252  0.835  1.309  2.878 14.239    0.222   -0.170   50.63  -88.97 -156.64 -114.78 -1.90   8.10000   0.30000  0.094 -2.338
16.370 -1.80  3 6.23 3.641  1.04  9 0.82  1.258  0.893  1.290  2.870 14.414   -0.025   -0.233   19.05  100.76 -116.72  -97.84 -1.63   8.10000   0.30000  0.094 -2.338
17.750 -2.40  3 6.52 3.616  0.60  9 0.82  1.442  1.194  1.546  3.298 13.920    0.198   -0.035  -65.02 -116.86 -134.50   31.89 -1.75   8.10000   0.30000  0.094 -3.184
20.910 -2.00  3 6.32 3.634  0.91  9 0.82  1.307  1.159  1.325  2.960 14.711    0.118   -0.156   98.27  -43.14 -132.92 -166.24 -0.97   8.10000   0.30000  0.094 -2.600
29.310 -1.80  3 6.23 3.641  1.04  9 0.82  1.293  1.155  1.269  2.865 15.611    0.018   -0.114 -190.87   88.57 -212.67   95.13 -0.78   8.10000   0.30000  0.094 -2.338
29.570 -2.00  3 6.32 3.634  0.91  9 0.82  1.300  0.964  1.363  2.970 15.379    0.000   -0.147  -75.79  113.21 -185.77  -26.62 -1.72   8.10000   0.30000  0.094 -2.600
45.530 -1.60  3 6.15 3.648  1.17  9 0.82  1.186  0.614  1.277  2.801 16.766    0.049   -0.098  -84.97   25.76 -248.50  -29.02 -2.86   8.10000   0.30000  0.094 -2.087
58.910 -1.40  3 6.08 3.654  1.29  9 0.82  1.172  0.644  1.194  2.709 17.460    0.045   -0.053  -78.05  -22.24 -207.68   -7.56 -2.12   8.10000   0.30000  0.094 -1.845
15.030 -2.50  3 6.61 3.608  0.47  9 0.82  1.505  1.316  1.616  3.450 13.488    0.090   -0.272 -238.09   82.98 -269.69  136.65 -1.67   9.90000  -3.10000  0.091 -3.426
24.750 -1.40  3 6.08 3.654  1.29  9 0.82  1.178  0.679  1.185  2.703 15.619    0.227   -0.318 -173.50  -12.09 -489.73   -3.89 -1.93   9.90000  -3.10000  0.091 -1.845
35.570 -1.40  3 6.08 3.654  1.29  9 0.82  1.196  0.773  1.164  2.691 16.540    0.061   -0.177  -47.13   67.82 -301.24  -81.99 -1.48   9.90000  -3.10000  0.091 -1.845
45.870 -2.40  3 6.52 3.616  0.60  9 0.82  1.446  1.168  1.560  3.303 16.000    0.028   -0.110 -170.19   97.33 -278.71   56.00 -1.89   9.90000  -3.10000  0.091 -3.184
66.350 -1.20  3 6.01 3.660  1.41  9 0.82  1.140  0.674  1.122  2.619 17.907    0.067    0.019 -148.93 -183.48 -117.64  150.96 -1.56   9.90000  -3.10000  0.091 -1.610
 8.450 -1.60  3 6.15 3.648  1.17  9 0.82  1.187  0.617  1.275  2.799 13.200    0.516   -0.596  -60.63  -47.71 -312.63  -57.90 -2.82   9.90000  -1.30000  0.092 -2.087
 9.750 -2.00  3 6.32 3.634  0.91  9 0.82  1.300  0.925  1.379  2.976 13.032    0.443   -0.349  -41.37  -87.56 -245.63  -41.86 -1.91   9.90000  -1.30000  0.092 -2.600
42.250 -1.40  3 6.08 3.654  1.29  9 0.82  1.172  0.645  1.193  2.708 16.815    0.152   -0.115 -104.38 -126.54 -373.87  -19.18 -2.11   9.90000  -1.30000  0.092 -1.845
 9.470 -1.80  3 6.23 3.641  1.04  9 0.82  1.269  1.042  1.264  2.863 13.204   -0.095   -0.786 -151.89  237.95 -303.64  -24.09 -1.06   9.90000   0.30000  0.093 -2.338
12.650 -1.40  3 6.08 3.654  1.29  9 0.82  1.224  0.948  1.154  2.696 14.181   -0.084   -0.367  -85.52  166.52 -173.05  -22.00 -0.93   9.90000   0.30000  0.093 -1.845
15.650 -1.80  3 6.23 3.641  1.04  9 0.82  1.257  0.887  1.291  2.870 14.319    0.122    0.032 -268.05  -33.72 -139.56  244.87 -1.65   9.90000   0.30000  0.093 -2.338
31.410 -1.80  3 6.23 3.641  1.04  9 0.82  1.254  0.858  1.301  2.874 15.735    0.031   -0.181 -225.71  136.49 -318.21   75.54 -1.80   9.90000   0.30000  0.093 -2.338
31.930 -2.20  3 6.41 3.625  0.76  9 0.82  1.364  1.067  1.456  3.117 15.485    0.090   -0.131 -199.69   20.18 -301.20   80.82 -1.78   9.90000   0.30000  0.093 -2.881
44.150 -1.20  3 6.01 3.660  1.41  9 0.82  1.129  0.624  1.132  2.627 17.030    0.065   -0.081 -193.69    6.45 -277.41   88.22 -1.80   9.90000   0.30000  0.093 -1.610
56.370 -1.20  3 6.01 3.660  1.41  9 0.82  1.131  0.632  1.131  2.626 17.724    0.025    0.006  -28.61  -58.60  -33.96   29.94 -1.76   9.90000   0.30000  0.093 -1.610
23.350 -1.20  3 6.01 3.660  1.41  9 0.82  1.143  0.687  1.120  2.618 15.829    0.184   -0.229 -177.13  -10.04 -365.99   56.08 -1.49  11.70000  -3.10000  0.091 -1.610
24.310 -2.00  3 6.32 3.634  0.91  9 0.82  1.301  1.079  1.332  2.958 15.066   -0.100   -0.039  -31.86  126.13   16.65   13.39 -1.24  11.70000  -3.10000  0.091 -2.600
53.730 -2.40  3 6.52 3.616  0.60  9 0.82  1.448  1.158  1.566  3.307 16.418    0.061   -0.002   23.41 -133.12  -78.35  -26.16 -1.94  11.70000  -3.10000  0.091 -3.184
55.590 -1.80  3 6.23 3.641  1.04  9 0.82  1.298  1.180  1.270  2.864 16.982    0.036   -0.060  -62.45   11.43 -192.43  -13.15 -0.72  11.70000  -1.30000  0.092 -2.338
72.970 -1.40  3 6.08 3.654  1.29  9 0.82  1.172  0.649  1.192  2.707 17.932   -0.026   -0.022   76.65   94.69   18.93  -99.93 -2.09  11.70000  -1.30000  0.092 -1.845
 9.590 -1.20  3 6.01 3.660  1.41  9 0.82  1.149  0.720  1.118  2.621 13.727    0.583   -0.548 -116.96  -76.31 -374.33  -14.65 -1.38  11.70000   0.30000  0.093 -1.610
20.070 -1.60  3 6.15 3.648  1.17  9 0.82  1.163  0.554  1.286  2.809 15.018    0.316   -0.074  -61.47 -205.92 -237.69   17.13 -3.50  11.70000   0.30000  0.093 -2.087
20.450 -1.40  3 6.08 3.654  1.29  9 0.82  1.147  0.549  1.211  2.717 15.203    0.193   -0.028 -165.59 -106.23 -185.80  131.34 -2.78  11.70000   0.30000  0.093 -1.845
28.450 -1.80  3 6.23 3.641  1.04  9 0.82  1.256  0.880  1.294  2.871 15.466    0.240   -0.134   54.71 -198.31 -287.05 -137.31 -1.69  11.70000   0.30000  0.093 -2.338
44.350 -1.60  3 6.15 3.648  1.17  9 0.82  1.206  0.687  1.258  2.793 16.655    0.090   -0.202 -167.24   83.44 -484.08  -48.18 -2.29  11.70000   0.30000  0.093 -2.087
51.790 -1.40  3 6.08 3.654  1.29  9 0.82  1.205  0.834  1.160  2.693 17.174    0.047   -0.031  -46.05  -49.28 -137.44    3.62 -1.28  11.70000   0.30000  0.093 -1.845
57.570 -1.20  3 6.01 3.660  1.41  9 0.82  1.092  0.483  1.158  2.641 17.709    0.058   -0.034  -29.66  -82.29 -166.21  -18.99 -2.72  11.70000   0.30000  0.093 -1.610
25.950 -1.20  3 6.01 3.660  1.41  9 0.82  1.131  0.637  1.129  2.623 15.964    0.222   -0.097  -39.24 -159.78 -254.29   -9.65 -1.74  13.50000  -3.10000  0.091 -1.610
41.630 -2.00  3 6.32 3.634  0.91  9 0.82  1.299  0.968  1.360  2.967 16.254    0.029   -0.068  -44.67   29.84 -149.17  -12.79 -1.70  13.50000  -3.10000  0.091 -2.600
45.730 -2.50  3 6.61 3.608  0.47  9 0.82  1.493  1.368  1.589  3.435 15.833    0.049   -0.113  -50.28   45.61 -262.57  -51.75 -1.42  13.50000  -3.10000  0.091 -3.426
46.230 -1.20  3 6.01 3.660  1.41  9 0.82  1.129  0.629  1.130  2.624 17.183    0.078    0.000  -47.29 -131.43 -109.46   44.66 -1.78  13.50000  -3.10000  0.091 -1.610
63.770 -1.80  3 6.23 3.641  1.04  9 0.82  1.259  0.917  1.280  2.864 17.236   -0.023   -0.061 -214.79  197.51 -174.57  122.11 -1.51  13.50000  -3.10000  0.091 -2.338
70.010 -1.80  3 6.23 3.641  1.04  9 0.82  1.263  0.963  1.274  2.862 17.512    0.028   -0.056  -92.48   34.96 -224.26   10.91 -1.34  13.50000  -3.10000  0.091 -2.338
71.810 -2.00  3 6.32 3.634  0.91  9 0.82  1.299  0.961  1.363  2.968 17.276    0.038   -0.040  -26.27  -34.94 -182.81  -28.97 -1.73  13.50000  -3.10000  0.091 -2.600
74.990 -2.20  3 6.41 3.625  0.76  9 0.82  1.368  1.028  1.474  3.124 17.183    0.028   -0.058 -123.00   49.10 -254.49   29.77 -1.96  13.50000  -3.10000  0.091 -2.881
 9.110 -2.50  3 6.61 3.608  0.47  9 0.82  1.506  1.314  1.618  3.451 12.332    0.395   -0.371  -35.93  -55.14 -227.41  -35.10 -1.68  13.50000  -1.30000  0.092 -3.426
23.950 -2.40  3 6.52 3.616  0.60  9 0.82  1.427  1.283  1.505  3.277 14.561    0.113   -0.078    1.60  -64.01 -136.93  -38.58 -1.34  13.50000  -1.30000  0.092 -3.184
29.370 -2.50  3 6.61 3.608  0.47  9 0.82  1.496  1.349  1.595  3.439 14.985    0.085   -0.056   36.09  -69.95 -111.06  -64.99 -1.49  13.50000  -1.30000  0.092 -3.426
54.090 -2.00  3 6.32 3.634  0.91  9 0.82  1.306  1.158  1.324  2.958 16.681    0.113   -0.113 -120.13  -71.66 -421.20  -13.84 -0.97  13.50000  -1.30000  0.092 -2.600
 9.310 -1.40  3 6.08 3.654  1.29  9 0.82  1.218  0.925  1.152  2.694 13.462    0.293   -0.523  -63.70   19.88 -267.10  -47.42 -0.98  13.50000   0.30000  0.093 -1.845
13.090 -2.20  3 6.41 3.625  0.76  9 0.82  1.373  0.999  1.493  3.136 13.556    0.196   -0.448 -214.51   88.11 -355.02   65.10 -2.16  13.50000   0.30000  0.093 -2.881
14.370 -1.20  3 6.01 3.660  1.41  9 0.82  1.109  0.535  1.149  2.638 14.638    0.442   -0.100 -140.65 -182.81 -268.76   96.93 -2.31  13.50000   0.30000  0.093 -1.610
16.030 -1.60  3 6.15 3.648  1.17  9 0.82  1.235  0.911  1.211  2.772 14.454   -0.058   -0.402  -75.83  203.92 -232.65  -72.35 -1.25  13.50000   0.30000  0.093 -2.087
17.050 -2.50  3 6.61 3.608  0.47  9 0.82  1.500  1.337  1.603  3.444 13.748    0.147   -0.071  -88.02  -49.21 -141.01   53.35 -1.55  13.50000   0.30000  0.093 -3.426
17.670 -2.20  3 6.41 3.625  0.76  9 0.82  1.376  0.980  1.505  3.142 14.140    0.068   -0.336   17.35   84.10 -234.47 -143.23 -2.28  13.50000   0.30000  0.093 -2.881
18.750 -1.80  3 6.23 3.641  1.04  9 0.82  1.255  0.867  1.298  2.873 14.657    0.081   -0.072  -76.54   -9.99 -116.29   39.60 -1.75  13.50000   0.30000  0.093 -2.338
22.090 -1.80  3 6.23 3.641  1.04  9 0.82  1.250  0.784  1.325  2.886 14.944    0.045   -0.072   25.48   -9.94  -72.74  -56.62 -2.20  13.50000   0.30000  0.093 -2.338
26.410 -2.50  3 6.61 3.608  0.47  9 0.82  1.512  1.296  1.631  3.459 14.765    0.051   -0.050 -145.87   15.00 -136.68  101.66 -1.79  13.50000   0.30000  0.093 -3.426
27.070 -1.40  3 6.08 3.654  1.29  9 0.82  1.190  0.738  1.173  2.697 15.873    0.029   -0.148 -157.99  100.94 -221.58   54.45 -1.64  13.50000   0.30000  0.093 -1.845
29.810 -1.60  3 6.15 3.648  1.17  9 0.82  1.208  0.709  1.254  2.790 15.793    0.180   -0.191 -112.50  -53.07 -382.54  -20.45 -2.15  13.50000   0.30000  0.093 -2.087
30.850 -1.80  3 6.23 3.641  1.04  9 0.82  1.259  0.909  1.284  2.867 15.759    0.038   -0.094   21.36   14.21 -124.98  -81.11 -1.55  13.50000   0.30000  0.093 -2.338
31.750 -1.20  3 6.01 3.660  1.41  9 0.82  1.133  0.643  1.129  2.625 16.467    0.084   -0.138  -33.30    3.52 -236.86  -64.03 -1.71  13.50000   0.30000  0.093 -1.610
48.130 -1.60  3 6.15 3.648  1.17  9 0.82  1.219  0.788  1.233  2.779 16.823    0.071   -0.043   -5.93  -86.44 -165.02  -38.34 -1.74  13.50000   0.30000  0.093 -2.087
48.570 -1.80  3 6.23 3.641  1.04  9 0.82  1.250  0.812  1.316  2.881 16.770    0.039   -0.085 -130.21   53.63 -245.03   26.95 -2.02  13.50000   0.30000  0.093 -2.338
49.470 -2.20  3 6.41 3.625  0.76  9 0.82  1.372  1.006  1.489  3.133 16.271    0.057   -0.097 -124.42   29.73 -290.23    8.18 -2.10  13.50000   0.30000  0.093 -2.881
53.730 -1.20  3 6.01 3.660  1.41  9 0.82  1.144  0.693  1.120  2.620 17.500    0.072   -0.094 -184.24   10.40 -349.08   56.05 -1.47  13.50000   0.30000  0.093 -1.610
63.630 -1.40  3 6.08 3.654  1.29  9 0.82  1.157  0.573  1.206  2.717 17.788   -0.023   -0.030  -75.69  120.82  -57.15   25.93 -2.56  13.50000   0.30000  0.093 -1.845
68.250 -1.40  3 6.08 3.654  1.29  9 0.82  1.197  0.775  1.165  2.693 17.834    0.022   -0.047 -151.95   54.50 -209.52   66.20 -1.48  13.50000   0.30000  0.093 -1.845
68.730 -2.20  3 6.41 3.625  0.76  9 0.82  1.357  1.118  1.431  3.105 17.081    0.013   -0.095  -94.87  139.46 -291.18  -57.14 -1.52  13.50000   0.30000  0.093 -2.881
68.830 -2.40  3 6.52 3.616  0.60  9 0.82  1.457  1.132  1.587  3.320 16.948   -0.002   -0.063  -88.09  127.85 -181.59  -14.93 -2.12  13.50000   0.30000  0.093 -3.184
69.550 -1.40  3 6.08 3.654  1.29  9 0.82  1.191  0.745  1.171  2.696 17.985    0.079   -0.037 -214.02 -104.84 -314.64  137.42 -1.61  13.50000   0.30000  0.093 -1.845
70.010 -2.40  3 6.52 3.616  0.60  9 0.82  1.458  1.128  1.591  3.322 17.008    0.055   -0.066  -81.22  -27.25 -294.93  -25.91 -2.15  13.50000   0.30000  0.093 -3.184
79.270 -2.20  3 6.41 3.625  0.76  9 0.82  1.361  1.092  1.443  3.111 17.427    0.034   -0.103  -54.12   92.78 -378.35 -126.43 -1.65  13.50000   0.30000  0.093 -2.881
14.170 -1.80  3 6.23 3.641  1.04  9 0.82  1.253  0.854  1.301  2.872 13.957    0.153   -0.537  -25.12  100.78 -341.99 -119.50 -1.81  14.70000  -3.10000  0.091 -2.338
18.370 -2.20  3 6.41 3.625  0.76  9 0.82  1.377  0.969  1.511  3.145 14.241    0.278   -0.281 -234.71  -20.09 -400.49  112.99 -2.35  14.70000  -1.30000  0.092 -2.881
21.990 -2.40  3 6.52 3.616  0.60  9 0.82  1.430  1.257  1.513  3.281 14.389    0.195   -0.280  -26.56  -20.46 -340.83 -104.00 -1.44  14.70000   0.30000  0.093 -3.184
39.210 -1.80  3 6.23 3.641  1.04  9 0.82  1.264  0.974  1.273  2.864 16.173    0.121   -0.062 -117.86  -99.60 -253.79   58.90 -1.31  14.70000   0.30000  0.093 -2.338
63.430 -1.80  3 6.23 3.641  1.04  9 0.82  1.260  0.920  1.281  2.866 17.362    0.088   -0.087    4.90  -95.30 -341.83 -116.68 -1.50  14.70000   0.30000  0.093 -2.338
77.910 -2.20  3 6.41 3.625  0.76  9 0.82  1.364  1.066  1.457  3.117 17.301    0.027   -0.107 -120.56  139.78 -394.76  -69.95 -1.78  14.70000   0.30000  0.093 -2.881