3630.  105.0826
3631.03551781178  96.65282
3632.07103562355  68.24887
3633.10655343533  56.9949
3634.14207124711  69.59372
3635.17758905888  86.51881
3636.21310687066  79.42204
3637.24862468243  105.0045
3638.2841424942  87.3186
3639.31966030598  84.97968
3640.35517811776  102.465
3641.39069592953  105.2896
3642.42621374131  125.7582
3643.46173155308  119.3887
3644.49724936486  121.0877
3645.53276717663  91.13167
3646.56828498841  70.73763
3647.60380280018  73.58411
3648.63932061196  80.33032
3649.67483842373  89.18693
3650.71035623551  105.5675
3651.74587404728  126.0704
3652.78139185906  125.7902
3653.81690967083  120.5903
3654.85242748261  122.0227
3655.88794529438  143.8372
3656.92346310616  115.7492
3657.95898091793  140.997
3658.99449872971  173.1772
3660.03001654148  190.7708
3661.06553435326  194.4505
3662.10105216504  135.3672
3663.13656997681  139.1958
3664.17208778859  161.6576
3665.20760560036  148.309
3666.24312341214  134.6012
3667.27864122391  179.0653
3668.31415903569  185.464
3669.34967684746  176.3775
3670.38519465924  158.322
3671.42071247101  134.2361
3672.45623028279  133.9499
3673.49174809456  161.2496
3674.52726590634  174.802
3675.56278371811  171.312
3676.59830152989  190.2019
3677.63381934166  174.1196
3678.66933715344  148.4917
3679.70485496521  159.0834
3680.74037277699  167.1859
3681.77589058876  156.2929
3682.81140840054  186.4822
3683.84692621231  207.5065
3684.88244402409  200.3057
3685.91796183586  186.0443
3686.95347964764  157.0578
3687.98899745941  158.988
3689.02451527119  177.7399
3690.06003308297  187.8677
3691.09555089474  211.4126
3692.13106870652  235.7918
3693.16658651829  227.7073
3694.20210433007  197.1819
3695.23762214184  201.6008
3696.27313995362  195.7823
3697.30865776539  184.5772
3698.34417557717  183.7014
3699.37969338894  196.0214
3700.41521120072  262.0305
3701.45072901249  271.6739
3702.48624682427  236.5714
3703.52176463604  218.1522
3704.55728244782  217.2876
3705.59280025959  169.5178
3706.62831807137  128.9523
3707.66383588314  161.0316
3708.69935369492  157.6539
3709.73487150669  155.4936
3710.77038931847  141.5297
3711.80590713025  173.3119
3712.84142494202  227.6902
3713.8769427538  240.182
3714.91246056557  238.829
3715.94797837735  278.719
3716.98349618912  290.9199
3718.0190140009  257.7561
3719.05453181267  199.5588
3720.09004962445  168.4127
3721.12556743622  126.4383
3722.161085248  103.4105
3723.19660305977  111.7525
3724.23212087155  181.8317
3725.26763868332  246.4812
3726.3031564951  226.9191
3727.33867430687  232.3705
3728.37419211865  278.4663
3729.40970993042  261.7594
3730.4452277422  203.2275
3731.48074555397  208.0818
3732.51626336575  233.8479
3733.55178117753  218.9256
3734.5872989893  165.9598
3735.62281680108  104.27
3736.65833461285  95.63648
3737.69385242463  125.768
3738.7293702364  149.9391
3739.76488804818  168.5568
3740.80040585995  194.6145
3741.83592367173  260.6127
3742.8714414835  257.189
3743.90695929528  212.4904
3744.94247710705  193.4863
3745.97799491883  199.027
3747.0135127306  179.7448
3748.04903054238  175.0539
3749.08454835415  159.5355
3750.12006616593  125.754
3751.1555839777  133.4553
3752.19110178948  209.6091
3753.22661960125  292.5591
3754.26213741303  321.9923
3755.2976552248  313.5301
3756.33317303658  382.4741
3757.36869084835  359.8823
3758.40420866013  279.1716
3759.4397264719  224.3407
3760.47524428368  207.9568
3761.51076209546  226.8405
3762.54627990723  277.5816
3763.58179771901  257.9321
3764.61731553078  263.1608
3765.65283334256  270.905
3766.68835115433  285.8418
3767.72386896611  266.5199
3768.75938677788  265.4582
3769.79490458966  343.8295
3770.83042240143  316.3513
3771.86594021321  297.5248
3772.90145802498  309.3899
3773.93697583676  352.3233
3774.97249364853  366.6867
3776.00801146031  341.4213
3777.04352927208  324.1007
3778.07904708386  348.5794
3779.11456489563  348.2743
3780.15008270741  422.7708
3781.18560051918  395.5855
3782.22111833096  359.9
3783.25663614273  350.5615
3784.29215395451  427.1001
3785.32767176628  467.7921
3786.36318957806  399.5528
3787.39870738984  345.0945
3788.43422520161  340.3869
3789.46974301339  324.2313
3790.50526082516  323.1171
3791.54077863694  302.0722
3792.57629644871  323.8508
3793.61181426049  303.8518
3794.64733207226  335.0262
3795.68284988404  323.9885
3796.71836769581  297.13
3797.75388550759  287.7819
3798.78940331936  323.7012
3799.82492113114  317.4778
3800.86043894291  317.3425
3801.89595675469  355.7648
3802.93147456646  413.3051
3803.96699237824  389.0544
3805.00251019002  403.0569
3806.03802800179  432.4617
3807.07354581357  468.4225
3808.10906362534  431.0634
3809.14458143712  407.5349
3810.18009924889  423.9403
3811.21561706067  465.4076
3812.25113487244  455.7596
3813.28665268422  414.9629
3814.32217049599  410.4582
3815.35768830777  377.4144
3816.39320611954  348.7723
3817.42872393132  313.4065
3818.46424174309  326.3079
3819.49975955487  319.9141
3820.53527736664  329.4796
3821.57079517842  280.5547
3822.60631299019  284.7296
3823.64183080197  311.4732
3824.67734861374  303.0101
3825.71286642552  289.6909
3826.74838423729  234.5439
3827.78390204907  250.5455
3828.81941986084  224.9293
3829.85493767262  215.1515
3830.89045548439  270.9559
3831.92597329617  247.0906
3832.96149110795  201.8945
3833.99700891972  199.3888
3835.0325267315  233.4124
3836.06804454327  292.6669
3837.10356235505  286.0547
3838.13908016682  249.5704
3839.1745979786  237.6331
3840.21011579037  254.8347
3841.24563360215  262.3203
3842.28115141392  311.9935
3843.3166692257  354.079
3844.35218703747  430.1899
3845.38770484925  458.8714
3846.42322266102  460.2297
3847.4587404728  447.8686
3848.49425828457  517.7002
3849.52977609635  462.084
3850.56529390812  435.7829
3851.6008117199  427.1681
3852.63632953167  469.926
3853.67184734345  489.3964
3854.70736515522  437.7211
3855.742882967  436.7368
3856.77840077877  456.7123
3857.81391859055  413.301
3858.84943640233  356.0467
3859.8849542141  309.3808
3860.92047202588  297.081
3861.95598983765  340.2264
3862.99150764943  393.7209
3864.0270254612  443.9902
3865.06254327298  492.2499
3866.09806108475  518.5413
3867.13357889653  492.2477
3868.1690967083  492.6093
3869.20461452008  510.9826
3870.24013233185  450.4674
3871.27565014363  426.1536
3872.3111679554  401.6672
3873.34668576718  390.6766
3874.38220357895  406.308
3875.41772139073  471.404
3876.4532392025  498.9294
3877.48875701428  462.3905
3878.52427482605  451.2841
3879.55979263783  504.7015
3880.59531044961  476.7256
3881.63082826138  482.9662
3882.66634607316  421.5499
3883.70186388493  464.1871
3884.73738169671  506.992
3885.77289950848  492.6941
3886.80841732026  474.863
3887.84393513203  450.5544
3888.87945294381  502.3333
3889.91497075558  477.7791
3890.95048856736  514.1002
3891.98600637913  596.296
3893.02152419091  595.2866
3894.05704200268  693.7209
3895.09255981446  671.373
3896.12807762623  606.9747
3897.16359543801  639.3209
3898.19911324978  707.4609
3899.23463106156  723.6577
3900.27014887333  673.1638
3901.30566668511  591.9722
3902.34118449688  622.7066
3903.37670230866  679.0424
3904.41222012043  649.0009
3905.44773793221  577.5198
3906.48325574399  550.4184
3907.51877355576  553.4886
3908.55429136754  624.6776
3909.58980917931  684.711
3910.62532699109  684.6794
3911.66084480286  740.411
3912.69636261464  751.2805
3913.73188042641  796.79
3914.76739823819  800.1417
3915.80291604996  800.4091
3916.83843386174  741.0209
3917.87395167351  714.0187
3918.90946948529  743.9838
3919.94498729706  672.9946
3920.98050510884  604.5462
3922.01602292061  554.4204
3923.05154073239  537.5614
3924.08705854416  570.7905
3925.12257635594  591.0467
3926.15809416771  552.8018
3927.19361197949  555.6948
3928.22912979126  469.9156
3929.26464760304  384.1365
3930.30016541481  298.3573
3931.33568322659  212.5782
3932.37120103837  126.799
3933.40671885014  41.01984
3934.44223666192  141.8113
3935.47775447369  147.3059
3936.51327228547  206.5813
3937.54879009724  265.3238
3938.58430790902  324.7859
3939.61982572079  424.9815
3940.65534353257  469.1781
3941.69086134434  500.3327
3942.72637915612  553.5385
3943.76189696789  564.1032
3944.79741477967  541.2758
3945.83293259144  554.4741
3946.86845040322  666.4382
3947.90396821499  803.6336
3948.93948602677  803.0692
3949.97500383854  763.6887
3951.01052165032  823.8127
3952.04603946209  829.2626
3953.08155727387  798.6617
3954.11707508565  830.1127
3955.15259289742  897.6061
3956.1881107092  922.17
3957.22362852097  855.4799
3958.25914633275  818.882
3959.29466414452  847.6339
3960.3301819563  837.7341
3961.36569976807  765.2492
3962.40121757985  630.012
3963.43673539162  521.9184
3964.4722532034  515.6522
3965.50777101517  484.7689
3966.54328882695  393.5495
3967.57880663872  297.349
3968.6143244505  243.2857
3969.64984226227  226.1317
3970.68536007405  247.9903
3971.72087788582  308.2448
3972.7563956976  393.7023
3973.79191350937  476.8494
3974.82743132115  527.7982
3975.86294913292  640.689
3976.8984669447  733.8469
3977.93398475647  796.2635
3978.96950256825  875.8884
3980.00502038003  915.8415
3981.0405381918  1004.84
3982.07605600358  1030.562
3983.11157381535  992.5746
3984.14709162713  1004.493
3985.1826094389  995.2176
3986.21812725068  1025.667
3987.25364506245  1101.206
3988.28916287423  1133.079
3989.324680686  1212.43
3990.36019849778  1216.002
3991.39571630955  1170.836
3992.43123412133  1178.496
3993.4667519331  1181.109
3994.50226974488  1235.621
3995.53778755665  1222.312
3996.57330536843  1194.826
3997.6088231802  1207.212
3998.64434099198  1158.399
3999.67985880375  1208.417
4000.71537661553  1348.635
4001.75089442731  1368.208
4002.78641223908  1318.559
4003.82193005085  1322.779
4004.85744786263  1333.953
4005.89296567441  1279.904
4006.92848348618  1154.112
4007.96400129796  1210.368
4008.99951910973  1377.457
4010.03503692151  1403.447
4011.07055473328  1343.39
4012.10607254506  1360.66
4013.14159035683  1426.324
4014.17710816861  1440.264
4015.21262598038  1425.647
4016.24814379216  1440.416
4017.28366160393  1406.221
4018.31917941571  1370.933
4019.35469722748  1376.625
4020.39021503926  1414.912
4021.42573285103  1474.244
4022.46125066281  1524.61
4023.49676847458  1461.59
4024.53228628636  1387.701
4025.56780409813  1385.991
4026.60332190991  1356.181
4027.63883972168  1394.315
4028.67435753346  1473.339
4029.70987534524  1593.972
4030.74539315701  1502.955
4031.78091096879  1368.636
4032.81642878056  1302.981
4033.85194659234  1277.702
4034.88746440411  1297.578
4035.92298221589  1356.659
4036.95850002766  1474.262
4037.99401783944  1541.814
4039.02953565121  1664.934
4040.06505346299  1658.38
4041.10057127476  1606.45
4042.13608908654  1560.367
4043.17160689831  1561.637
4044.20712471009  1448.667
4045.24264252186  1370.791
4046.27816033364  1219.303
4047.31367814541  1161.643
4048.34919595719  1243.125
4049.38471376897  1394.252
4050.42023158074  1527.341
4051.45574939252  1576.446
4052.49126720429  1591.7
4053.52678501606  1639.601
4054.56230282784  1570.628
4055.59782063962  1532.219
4056.63333845139  1521.275
4057.66885626317  1505.446
4058.70437407494  1427.314
4059.73989188672  1464.198
4060.77540969849  1536.184
4061.81092751027  1616.85
4062.84644532204  1481.17
4063.88196313382  1468.263
4064.91748094559  1406.717
4065.95299875737  1351.15
4066.98851656914  1396.115
4068.02403438092  1501.693
4069.05955219269  1549.039
4070.09507000447  1621.444
4071.13058781624  1648.527
4072.16610562802  1540.226
4073.20162343979  1521.516
4074.23714125157  1511.786
4075.27265906335  1641.411
4076.30817687512  1689.826
4077.3436946869  1516.369
4078.37921249867  1394.38
4079.41473031045  1429.391
4080.45024812222  1545.183
4081.485765934  1735.76
4082.52128374577  1820.878
4083.55680155755  1942.168
4084.59231936932  1759.444
4085.6278371811  1676.602
4086.66335499287  1597.707
4087.69887280465  1738.327
4088.73439061642  1880.672
4089.7699084282  1881.132
4090.80542623997  1982.861
4091.84094405175  1911.786
4092.87646186352  1870.233
4093.9119796753  1850.299
4094.94749748707  1927.918
4095.98301529885  1873.012
4097.01853311062  1770.718
4098.0540509224  1724.998
4099.08956873417  1703.513
4100.12508654595  1698.691
4101.16060435773  1593.32
4102.1961221695  1546.227
4103.23163998128  1545.347
4104.26715779305  1565.144
4105.30267560483  1627.876
4106.3381934166  1780.856
4107.37371122838  1815.175
4108.40922904015  1905.23
4109.44474685193  1881.721
4110.4802646637  1836.531
4111.51578247548  1802.175
4112.55130028725  1752.862
4113.58681809903  1893.131
4114.6223359108  2024.471
4115.65785372258  2031.684
4116.69337153435  2033.791
4117.72888934613  1977.631
4118.7644071579  1959.135
4119.79992496968  1911.94
4120.83544278145  1920.703
4121.87096059323  1910.098
4122.906478405  1911.206
4123.94199621678  1878.72
4124.97751402855  1897.616
4126.01303184033  2003.36
4127.04854965211  2001.393
4128.08406746388  1902.321
4129.11958527566  1897.183
4130.15510308743  1936.875
4131.19062089921  1895.664
4132.22613871098  1837.609
4133.26165652276  1760.754
4134.29717433453  1740.531
4135.33269214631  1762.158
4136.36820995808  1838.972
4137.40372776986  1917.767
4138.43924558163  1988.66
4139.47476339341  2126.776
4140.51028120518  2207.961
4141.54579901696  2130.858
4142.58131682873  2045.513
4143.61683464051  1816.791
4144.65235245228  1645.295
4145.68787026406  1702.347
4146.72338807583  1862.646
4147.75890588761  2044.083
4148.79442369938  2067.134
4149.82994151116  2018.861
4150.86545932294  1986.984
4151.90097713471  2033.857
4152.93649494649  2067.602
4153.97201275826  2001.247
4155.00753057004  1955.832
4156.04304838181  1948.98
4157.07856619359  1989.857
4158.11408400536  2028.625
4159.14960181714  2090.031
4160.18511962891  2124.294
4161.22063744069  2159.337
4162.25615525246  2251.153
4163.29167306424  2310.312
4164.32719087601  2305.17
4165.36270868779  2246.851
4166.39822649956  2169.678
4167.43374431134  2112.567
4168.46926212311  2016.408
4169.50477993489  2029.521
4170.54029774666  2128.65
4171.57581555844  2127.922
4172.61133337022  2019.365
4173.64685118199  1862.575
4174.68236899376  1851.24
4175.71788680554  1977.93
4176.75340461731  2041.325
4177.78892242909  2066.686
4178.82444024087  1998.09
4179.85995805264  2041.839
4180.89547586442  2159.166
4181.93099367619  2094.692
4182.96651148797  2025.332
4184.00202929974  2051.401
4185.03754711152  2126.863
4186.07306492329  2205.403
4187.10858273507  2172.514
4188.14410054684  2013.97
4189.17961835862  1943.036
4190.21513617039  2020.688
4191.25065398217  2137.348
4192.28617179394  2222.014
4193.32168960572  2271.94
4194.35720741749  2220.756
4195.39272522927  2178.949
4196.42824304104  2173.007
4197.46376085282  2152.019
4198.49927866459  2053.704
4199.53479647637  1995.433
4200.57031428814  2024.936
4201.60583209992  1960.849
4202.64134991169  1986.278
4203.67686772347  2063.202
4204.71238553525  2031.809
4205.74790334702  2077.699
4206.7834211588  2165.364
4207.81893897057  2279.918
4208.85445678235  2430.958
4209.88997459412  2426.767
4210.9254924059  2409.229
4211.96101021767  2286.51
4212.99652802945  2273.524
4214.03204584122  2345.494
4215.067563653  2332.187
4216.10308146477  2258.529
4217.13859927655  2206.821
4218.17411708832  2123.368
4219.2096349001  2225.813
4220.24515271187  2402.176
4221.28067052365  2539.534
4222.31618833543  2490.854
4223.3517061472  2473.181
4224.38722395898  2303.799
4225.42274177075  2021.22
4226.45825958252  1775.43
4227.4937773943  1491.002
4228.52929520608  1531.342
4229.56481301785  1877.155
4230.60033082963  2279.91
4231.6358486414  2391.886
4232.67136645318  2330.6
4233.70688426495  2320.412
4234.74240207673  2374.122
4235.7779198885  2326.579
4236.81343770028  2255.787
4237.84895551205  2102.271
4238.88447332383  2169.247
4239.9199911356  2278.334
4240.95550894738  2225.362
4241.99102675915  2385.385
4243.02654457093  2327.865
4244.06206238271  2410.188
4245.09758019448  2454.022
4246.13309800626  2489.9
4247.16861581803  2565.929
4248.20413362981  2508.495
4249.23965144158  2277.99
4250.27516925336  2172.997
4251.31068706513  2136.23
4252.34620487691  2205.309
4253.38172268868  2223.19
4254.41724050046  2255.125
4255.45275831223  2166.875
4256.48827612401  2124.147
4257.52379393578  2311.32
4258.55931174756  2536.71
4259.59482955933  2434.568
4260.63034737111  2180.142
4261.66586518288  2074.374
4262.70138299466  2201.358
4263.73690080643  2325.976
4264.77241861821  2519.687
4265.80793642998  2610.58
4266.84345424176  2574.302
4267.87897205353  2634.446
4268.91448986531  2810.829
4269.95000767708  2440.848
4270.98552548886  2211.122
4272.02104330063  1997.933
4273.05656111241  1951.149
4274.09207892419  2002.557
4275.12759673596  1927.653
4276.16311454774  2022.798
4277.19863235951  2211.152
4278.23415017129  2431.401
4279.26966798306  2525.587
4280.30518579484  2454.166
4281.34070360661  2349.473
4282.37622141839  2338.62
4283.41173923016  2419.912
4284.44725704194  2516.881
4285.48277485371  2368.612
4286.51829266549  2255.491
4287.55381047726  2231.435
4288.58932828904  2276.511
4289.62484610081  2241.838
4290.66036391259  2043.565
4291.69588172436  1990.572
4292.73139953614  2088.846
4293.76691734792  2280.943
4294.80243515969  2409.448
4295.83795297147  2264.198
4296.87347078324  2170.885
4297.90898859501  2144.649
4298.94450640679  1945.8
4299.98002421856  1703.654
4301.01554203034  1589.834
4302.05105984212  1617.861
4303.08657765389  1625.776
4304.12209546567  1658.726
4305.15761327744  1703.654
4306.19313108922  1774.706
4307.22864890099  1777.041
4308.26416671277  1659.591
4309.29968452454  1550.429
4310.33520233632  1440.063
4311.37072014809  1415.028
4312.40623795987  1586.314
4313.44175577164  1798.073
4314.47727358342  1943.274
4315.51279139519  2284.565
4316.54830920697  2658.855
4317.58382701874  2956.383
4318.61934483052  3031.572
4319.65486264229  3174.974
4320.69038045407  3179.333
4321.72589826584  3045.937
4322.76141607762  2896.956
4323.7969338894  2644.151
4324.83245170117  2338.498
4325.86796951295  2080.571
4326.90348732472  2024.578
4327.9390051365  2332.129
4328.97452294827  2765.12
4330.01004076005  2937.77
4331.04555857182  2924.76
4332.0810763836  2935.198
4333.11659419537  3048.372
4334.15211200715  3116.288
4335.18762981892  3072.887
4336.2231476307  3330.891
4337.25866544247  3360.642
4338.29418325425  2991.529
4339.32970106602  2636.466
4340.3652188778  2419.183
4341.40073668957  2278.055
4342.43625450135  2355.836
4343.47177231312  2517.109
4344.5072901249  2724.018
4345.54280793667  2898.064
4346.57832574845  2989.383
4347.61384356023  3012.547
4348.649361372  3188.774
4349.68487918378  3303.694
4350.72039699555  3150.687
4351.75591480733  2895.724
4352.7914326191  2691.738
4353.82695043088  2637.719
4354.86246824265  2718.209
4355.89798605443  2783.017
4356.9335038662  2881.784
4357.96902167798  3003.582
4359.00453948975  3004.549
4360.04005730153  2969.019
4361.0755751133  2917.937
4362.11109292508  2953.897
4363.14661073685  3080.928
4364.18212854863  3157.768
4365.2176463604  3254.255
4366.25316417218  3308.215
4367.28868198395  3262.734
4368.32419979573  3162.985
4369.3597176075  3128.899
4370.39523541928  3092.197
4371.43075323105  2987.922
4372.46627104283  3007.696
4373.50178885461  3008.061
4374.53730666638  2836.768
4375.57282447816  2725.366
4376.60834228993  2740.483
4377.64386010171  2847.947
4378.67937791348  2972.049
4379.71489572526  3114.92
4380.75041353703  3271.611
4381.78593134881  3151.056
4382.82144916058  2834.238
4383.85696697236  2418.848
4384.89248478413  2086.422
4385.92800259591  2149.989
4386.96352040768  2484.155
4387.99903821946  2784.608
4389.03455603123  2900.455
4390.07007384301  2995.164
4391.10559165478  2888.504
4392.14110946656  2897.068
4393.17662727833  2982.394
4394.21214509011  3021.783
4395.24766290189  2958.808
4396.28318071366  3013.386
4397.31869852544  3145.674
4398.35421633721  3308.609
4399.38973414898  3451.67
4400.42525196076  3227.555
4401.46076977254  3112.944
4402.49628758431  3167.754
4403.53180539609  3146.949
4404.56732320786  3081.517
4405.60284101964  2908.796
4406.63835883141  2832.809
4407.67387664319  2943.344
4408.70939445496  2987.239
4409.74491226674  3076.584
4410.78043007851  3263.611
4411.81594789029  3572.843
4412.85146570206  3702.51
4413.88698351384  3559.936
4414.92250132561  3538.326
4415.95801913739  3377.223
4416.99353694916  3132.441
4418.02905476094  3228.579
4419.06457257271  3463.258
4420.10009038449  3700.314
4421.13560819626  3735.897
4422.17112600804  3549.574
4423.20664381982  3414.035
4424.24216163159  3375.02
4425.27767944337  3537.312
4426.31319725514  3551.272
4427.34871506692  3485.203
4428.38423287869  3588.205
4429.41975069047  3677.033
4430.45526850224  3576.132
4431.49078631402  3538.456
4432.52630412579  3612.227
4433.56182193757  3539.289
4434.59733974934  3575.715
4435.63285756112  3338.941
4436.66837537289  3253.158
4437.70389318467  3391.642
4438.73941099644  3567.778
4439.77492880822  3903.027
4440.81044661999  3756.254
4441.84596443177  3789.798
4442.88148224354  3569.943
4443.91700005532  3453.232
4444.9525178671  3557.648
4445.98803567887  3578.824
4447.02355349065  3637.735
4448.05907130242  3831.105
4449.0945891142  3909.59
4450.13010692597  3788.751
4451.16562473775  3738.599
4452.20114254952  3792.834
4453.2366603613  3771.562
4454.27217817307  3734.627
4455.30769598485  3454.296
4456.34321379662  3349.207
4457.3787316084  3395.297
4458.41424942017  3373.732
4459.44976723195  3456.094
4460.48528504372  3430.008
4461.5208028555  3356.974
4462.55632066727  3411.809
4463.59183847905  3540.577
4464.62735629082  3751.012
4465.6628741026  3773.122
4466.69839191438  3710.449
4467.73390972615  3963.924
4468.76942753793  3902.153
4469.8049453497  3724.914
4470.84046316147  3707.556
4471.87598097325  3727.243
4472.91149878503  3838.613
4473.9470165968  3976.172
4474.98253440858  4143.803
4476.01805222035  4144.052
4477.05357003213  4144.301
4478.0890878439  4144.549
4479.12460565568  4144.798
4480.16012346745  4145.047
4481.19564127923  4145.295
4482.231159091  3755.57
4483.26667690278  3704.147
4484.30219471455  3986.884
4485.33771252633  4155.535
4486.3732303381  4287.859
4487.40874814988  4367.521
4488.44426596165  4255.401
4489.47978377343  4125.119
4490.5153015852  4075.958
4491.55081939698  3986.352
4492.58633720876  4003.839
4493.62185502053  4109.341
4494.65737283231  4117.229
4495.69289064408  3919.525
4496.72840845586  3869.774
4497.76392626763  4037.051
4498.79944407941  4160.375
4499.83496189118  4311.42
4500.87047970296  4302.199
4501.90599751473  4255.536
4502.94151532651  4250.453
4503.97703313828  4372.833
4505.01255095006  4494.116
4506.04806876183  4548.099
4507.08358657361  4550.482
4508.11910438538  4487.286
4509.15462219716  4474.773
4510.19014000893  4661.729
4511.22565782071  4729.294
4512.26117563248  4568.533
4513.29669344426  4446.409
4514.33221125603  4404.849
4515.36772906781  4226.716
4516.40324687958  4318.444
4517.43876469136  4408.878
4518.47428250314  4367.205
4519.50980031491  4326.898
4520.54531812669  4426.72
4521.58083593846  4381.175
4522.61635375024  4362.858
4523.65187156201  4277.997
4524.68738937379  4274.083
4525.72290718556  4289.71
4526.75842499734  4171.44
4527.79394280911  3907.479
4528.82946062089  3816.357
4529.86497843266  3839.637
4530.90049624444  3797.789
4531.93601405621  3953.123
4532.97153186799  4044.504
4534.00704967976  4168.389
4535.04256749154  3908.147
4536.07808530331  3775.072
4537.11360311509  4014.066
4538.14912092687  4255.324
4539.18463873864  4452.219
4540.22015655041  4436.086
4541.25567436219  4386.992
4542.29119217396  4470.579
4543.32670998574  4446.011
4544.36222779752  4408.05
4545.39774560929  4452.853
4546.43326342107  4353.01
4547.46878123284  4213.902
4548.50429904462  4172.966
4549.53981685639  4258.079
4550.57533466817  4248.687
4551.61085247994  4218.313
4552.64637029172  4318.345
4553.68188810349  4322.527
4554.71740591527  4271.234
4555.75292372704  4216.085
4556.78844153882  4283.325
4557.82395935059  4506.02
4558.85947716237  4681.445
4559.89499497414  4669.16
4560.93051278592  4653.094
4561.96603059769  4752.777
4563.00154840947  4724.054
4564.03706622124  4593.444
4565.07258403302  4488.614
4566.10810184479  4358.963
4567.14361965657  4436.343
4568.17913746835  4565.573
4569.21465528012  4745.451
4570.2501730919  4786.82
4571.28569090367  4554.514
4572.32120871545  4470.763
4573.35672652722  4526.402
4574.392244339  4730.405
4575.42776215077  4893.688
4576.46327996255  4834.262
4577.49879777432  4733.238
4578.5343155861  4725.636
4579.56983339787  4596.187
4580.60535120965  4445.945
4581.64086902142  4436.676
4582.6763868332  4407.663
4583.71190464497  4448.916
4584.74742245675  4505.419
4585.78294026852  4488.081
4586.8184580803  4429.342
4587.85397589207  4443.873
4588.88949370385  4641.271
4589.92501151563  4731.567
4590.9605293274  4697.233
4591.99604713917  4636.655
4593.03156495095  4609.908
4594.06708276273  4549.139
4595.1026005745  4463.915
4596.13811838628  4452.636
4597.17363619805  4568.321
4598.20915400983  4559.731
4599.2446718216  4570.812
4600.28018963338  4640.551
4601.31570744515  4581.699
4602.35122525693  4535.423
4603.3867430687  4605.439
4604.42226088048  4682.981
4605.45777869225  4669.561
4606.49329650403  4664.81
4607.5288143158  4709.736
4608.56433212758  4831.687
4609.59984993935  4918.671
4610.63536775113  4919.956
4611.6708855629  4904.873
4612.70640337468  4793.411
4613.74192118645  4787.303
4614.77743899823  4805.664
4615.81295681001  4740.516
4616.84847462178  4883.729
4617.88399243355  4951.167
4618.91951024533  4880.386
4619.9550280571  4892.367
4620.99054586888  4914.818
4622.02606368066  4899.493
4623.06158149243  4912.862
4624.09709930421  5058.396
4625.13261711598  4992.103
4626.16813492776  4887.373
4627.20365273953  4915.463
4628.23917055131  4896.995
4629.27468836308  4928.66
4630.31020617486  4988.157
4631.34572398663  4989.204
4632.38124179841  4990.251
4633.41675961018  4991.298
4634.45227742196  4992.346
4635.48779523373  4993.393
4636.52331304551  4994.44
4637.55883085728  4995.487
4638.59434866906  4996.534
4639.62986648084  4997.581
4640.66538429261  4740.154
4641.70090210439  4825.4
4642.73641991616  4947.908
4643.77193772793  5007.612
4644.80745553971  4996.625
4645.84297335149  5181.521
4646.87849116326  5610.058
4647.91400897504  5457.648
4648.94952678681  4873.186
4649.98504459859  4914.129
4651.02056241036  4887.438
4652.05608022214  4882.305
4653.09159803391  4865.323
4654.12711584569  4715.302
4655.16263365746  4565.281
4656.19815146924  4415.26
4657.23366928101  4265.239
4658.26918709279  4115.218
4659.30470490456  3965.198
4660.34022271634  5426.959
4661.37574052811  5179.894
4662.41125833989  4876.653
4663.44677615166  4573.413
4664.48229396344  4270.173
4665.51781177522  3966.933
4666.55332958699  3663.692
4667.58884739877  3360.452
4668.62436521054  4440.102
4669.65988302232  4393.124
4670.69540083409  4722.165
4671.73091864587  4864.672
4672.76643645764  4878.497
4673.80195426942  4927.106
4674.83747208119  5006.093
4675.87298989297  5024.188
4676.90850770474  5103.483
4677.94402551652  5151.938
4678.97954332829  5022.594
4680.01506114007  4940.908
4681.05057895184  4895.871
4682.08609676362  4710.099
4683.12161457539  4730.39
4684.15713238717  4912.863
4685.19265019894  5092.996
4686.22816801072  5004.172
4687.26368582249  5016.348
4688.29920363427  4961.763
4689.33472144604  5068.282
4690.37023925782  5059.54
4691.40575706959  5062.533
4692.44127488137  5117.406
4693.47679269315  5105.443
4694.51231050492  5104.999
4695.5478283167  5233.781
4696.58334612847  5229.915
4697.61886394025  5205.497
4698.65438175202  5260.897
4699.6898995638  5097.988
4700.72541737557  4934.325
4701.76093518735  4998.487
4702.79645299912  4809.528
4703.8319708109  4793.073
4704.86748862267  4770.74
4705.90300643445  4977.048
4706.93852424622  5172.696
4707.974042058  5000.153
4709.00955986977  4819.832
4710.04507768155  4849.054
4711.08059549332  4954.208
4712.1161133051  5191.239
4713.15163111687  5090.862
4714.18714892865  5020.287
4715.22266674042  5100.27
4716.2581845522  5050.998
4717.29370236398  5140.464
4718.32922017575  5361.608
4719.36473798753  5490.109
4720.4002557993  5436.148
4721.43577361108  5311.813
4722.47129142285  5418.743
4723.50680923463  5391.758
4724.5423270464  5462.958
4725.57784485818  5401.028
4726.61336266995  5421.686
4727.64888048173  5349.611
4728.6843982935  5144.973
4729.71991610528  5006.95
4730.75543391705  4915.436
4731.79095172883  4972.352
4732.8264695406  5049.551
4733.86198735238  5128.368
4734.89750516415  5268.682
4735.93302297593  5334.144
4736.96854078771  5217.316
4738.00405859948  5112.395
4739.03957641126  5197.572
4740.07509422303  5326.684
4741.11061203481  5296.631
4742.14612984658  5291.618
4743.18164765836  5206.77
4744.21716547013  5352.886
4745.25268328191  5441.801
4746.28820109368  5420.47
4747.32371890546  5456.012
4748.35923671723  5366.156
4749.39475452901  5520.339
4750.43027234078  5563.712
4751.46579015256  5439.228
4752.50130796433  5285.631
4753.53682577611  5318.738
4754.57234358788  5394.706
4755.60786139966  5387.375
4756.64337921143  5170.026
4757.67889702321  5288.827
4758.71441483498  5406.668
4759.74993264676  5386.053
4760.78545045853  5332.478
4761.82096827031  5361.463
4762.85648608208  5440.366
4763.89200389386  5140.576
4764.92752170564  5086.842
4765.96303951741  5133.033
4766.99855732919  5206.5
4768.03407514096  5263.595
4769.06959295274  5385.216
4770.10511076451  5555.237
4771.14062857629  5459.83
4772.17614638806  5496.157
4773.21166419984  5585.778
4774.24718201161  5392.4
4775.28269982339  5410.941
4776.31821763516  5780.735
4777.35373544694  5699.317
4778.38925325871  5618.629
4779.42477107049  5739.562
4780.46028888226  5848.052
4781.49580669404  5487.909
4782.53132450581  5413.017
4783.56684231759  5513.478
4784.60236012936  5517.003
4785.63787794114  5490.449
4786.67339575291  5299.269
4787.70891356469  5414.602
4788.74443137646  5306.319
4789.77994918824  5309.756
4790.81546700002  5392.148
4791.85098481179  5504.964
4792.88650262357  5581.707
4793.92202043534  5598.892
4794.95753824712  5680.108
4795.99305605889  5745.044
4797.02857387067  5950.038
4798.06409168244  5832.183
4799.09960949422  5553.275
4800.13512730599  5471.745
4801.17064511777  5381.194
4802.20616292954  5504.583
4803.24168074132  5645.837
4804.27719855309  5698.379
4805.31271636487  5669.98
4806.34823417664  5619.34
4807.38375198842  5576.209
4808.41926980019  5588.768
4809.45478761197  5646.397
4810.49030542375  5808.868
4811.52582323552  5720.486
4812.5613410473  5675.457
4813.59685885907  5641.254
4814.63237667085  5674.437
4815.66789448262  5845.317
4816.7034122944  5924.19
4817.73893010617  5959.733
4818.77444791795  5961.733
4819.80996572972  5929.702
4820.8454835415  5902.364
4821.88100135327  5988.217
4822.91651916505  5807.053
4823.95203697682  5537.238
4824.9875547886  5613.894
4826.02307260037  5738.009
4827.05859041215  5695.889
4828.09410822392  5817.529
4829.1296260357  5757.997
4830.16514384747  5808.948
4831.20066165925  5781.774
4832.23617947102  5663.257
4833.2716972828  5541.28
4834.30721509457  5771.791
4835.34273290635  5795.058
4836.37825071813  5701.426
4837.4137685299  5753.179
4838.44928634168  5863.895
4839.48480415345  5831.862
4840.52032196523  5608.642
4841.555839777  5579.274
4842.59135758878  5632.984
4843.62687540055  5625.512
4844.66239321233  5643.696
4845.6979110241  5636.569
4846.73342883588  5958.533
4847.76894664765  6014.969
4848.80446445943  5878.084
4849.8399822712  5713.407
4850.87550008298  5672.689
4851.91101789475  5797.827
4852.94653570653  5843.569
4853.9820535183  5950.59
4855.01757133008  5761.639
4856.05308914185  5606.621
4857.08860695363  5501.034
4858.1241247654  5515.644
4859.15964257718  5475.477
4860.19516038895  5289.291
4861.23067820073  4680.499
4862.2661960125  4242.574
4863.30171382428  4421.102
4864.33723163606  4895.172
4865.37274944783  5293.074
4866.40826725961  5485.295
4867.44378507138  5544.955
4868.47930288316  5665.076
4869.51482069493  5708.845
4870.55033850671  5562.157
4871.58585631848  5333.23
4872.62137413026  5197.771
4873.65689194203  5236.695
4874.69240975381  5527.774
4875.72792756558  5676.255
4876.76344537736  5707.599
4877.79896318913  5835.499
4878.83448100091  5751.517
4879.86999881268  5856.16
4880.90551662446  5925.035
4881.94103443623  5936.579
4882.97655224801  5895.717
4884.01207005978  5873.811
4885.04758787156  5881.942
4886.08310568334  5805.734
4887.11862349511  5584.72
4888.15414130688  5677.068
4889.18965911866  5751.12
4890.22517693044  5635.551
4891.26069474221  5565.631
4892.29621255399  5253.632
4893.33173036576  5503.397
4894.36724817754  5938.346
4895.40276598931  6250.501
4896.43828380109  6225.873
4897.47380161286  6216.449
4898.50931942464  6450.86
4899.54483723641  6285.058
4900.58035504819  6083.89
4901.61587285996  6163.387
4902.65139067174  6062.329
4903.68690848351  6051.901
4904.72242629529  6043.021
4905.75794410706  6046.151
4906.79346191884  6274.358
4907.82897973062  6291.423
4908.86449754239  6218.747
4909.90001535417  5886.831
4910.93553316594  5736.562
4911.97105097772  5646.657
4913.00656878949  5741.969
4914.04208660127  5888.161
4915.07760441304  6147.862
4916.11312222482  6254.559
4917.14864003659  6187.058
4918.18415784837  6037.949
4919.21967566014  5800.167
4920.25519347192  5339.912
4921.29071128369  5179.972
4922.32622909547  5302.584
4923.36174690724  5706.58
4924.39726471902  5854.978
4925.43278253079  5871.552
4926.46830034257  5812.82
4927.50381815434  5991.319
4928.53933596612  6048.208
4929.57485377789  6252.615
4930.61037158967  6290.131
4931.64588940144  6428.153
4932.68140721322  6345.881
4933.71692502499  6059.389
4934.75244283677  5910.933
4935.78796064855  5933.121
4936.82347846032  5993.571
4937.8589962721  5942.099
4938.89451408387  5748.667
4939.93003189565  5743.52
4940.96554970742  5830.266
4942.0010675192  6064.633
4943.03658533097  6262.593
4944.07210314275  6408.875
4945.10762095452  6340.582
4946.1431387663  6269.568
4947.17865657807  6290.351
4948.21417438985  6220.439
4949.24969220162  6506.584
4950.2852100134  6682.01
4951.32072782517  6560.579
4952.35624563695  6544.649
4953.39176344872  6531.865
4954.4272812605  6406.592
4955.46279907228  6433.191
4956.49831688405  6303.433
4957.53383469583  5879.03
4958.5693525076  5586.813
4959.60487031937  5715.572
4960.64038813115  6055.22
4961.67590594293  6505.021
4962.7114237547  6452.895
4963.74694156648  6417.606
4964.78245937825  6533.438
4965.81797719003  6284.896
4966.8534950018  6200.209
4967.88901281358  6152.062
4968.92453062535  6185.644
4969.96004843713  6181.496
4970.9955662489  6267.234
4972.03108406068  6263.525
4973.06660187245  6356.514
4974.10211968423  6570.935
4975.137637496  6551.581
4976.17315530778  6456.504
4977.20867311955  6532.334
4978.24419093133  6390.681
4979.27970874311  6357.646
4980.31522655488  6261.72
4981.35074436666  6183.665
4982.38626217843  6068.64
4983.42177999021  5684.257
4984.45729780198  5527.935
4985.49281561376  5728.458
4986.52833342553  5977.374
4987.56385123731  6176.984
4988.59936904908  6327.549
4989.63488686086  6265.614
4990.67040467263  6109.156
4991.70592248441  6090.817
4992.74144029618  6244.226
4993.77695810796  6281.062
4994.81247591973  6267.633
4995.84799373151  6307.549
4996.88351154328  6354.476
4997.91902935506  6428.598
4998.95454716683  6384.563
4999.99006497861  6262.082
5001.02558279038  6237.373
5002.06110060216  6111.506
5003.09661841393  5900.705
5004.13213622571  6065.522
5005.16765403749  6225.268
5006.20317184926  6098.148
5007.23868966104  5789.999
5008.27420747281  5830.946
5009.30972528459  6132.227
5010.34524309636  6364.695
5011.38076090814  6302.648
5012.41627871991  6219.205
5013.45179653169  5977.342
5014.48731434346  5763.675
5015.52283215524  5653.807
5016.55834996701  5722.35
5017.59386777879  5915.015
5018.62938559056  6116.45
5019.66490340234  6080.205
5020.70042121411  6096.269
5021.73593902589  6184.843
5022.77145683766  6154.349
5023.80697464944  6180.228
5024.84249246121  6248.304
5025.87801027299  6161.122
5026.91352808477  6130.465
5027.94904589654  6099.131
5028.98456370832  6252.513
5030.02008152009  6339.063
5031.05559933187  6346.354
5032.09111714364  6393.566
5033.12663495542  6528.759
5034.16215276719  6661.992
5035.19767057897  6534.023
5036.23318839074  6330.041
5037.26870620252  6230.075
5038.30422401429  6122.634
5039.33974182607  6143.805
5040.37525963784  5973.583
5041.41077744962  5619.26
5042.44629526139  5491.116
5043.48181307317  5701.971
5044.51733088494  6124.948
5045.55284869672  6454.762
5046.58836650849  6597.351
5047.62388432027  6739.258
5048.65940213204  6468.68
5049.69491994382  6465.479
5050.73043775559  6179.551
5051.76595556737  6054.259
5052.80147337914  6206.761
5053.83699119092  6405.915
5054.8725090027  6496.856
5055.90802681447  6654.996
5056.94354462625  6757.06
5057.97906243802  6595.333
5059.0145802498  6541.593
5060.05009806157  6715.275
5061.08561587335  6793.444
5062.12113368512  6789.611
5063.1566514969  6693.875
5064.19216930867  6688.968
5065.22768712045  6472.949
5066.26320493222  6174.915
5067.298722744  6169.152
5068.33424055577  6305.139
5069.36975836755  6500.452
5070.40527617932  6487.606
5071.4407939911  6494.101
5072.47631180287  6521.459
5073.51182961465  6457.84
5074.54734742642  6471.66
5075.5828652382  6500.58
5076.61838304997  6608.833
5077.65390086175  6593.949
5078.68941867353  6528.625
5079.7249364853  6291.427
5080.76045429708  6100.918
5081.79597210885  5981.29
5082.83148992063  6068.479
5083.8670077324  6296.808
5084.90252554418  6349.997
5085.93804335595  6506.658
5086.97356116773  6647.019
5088.0090789795  6667.287
5089.04459679128  6762.6
5090.08011460305  6681.295
5091.11563241483  6634.648
5092.1511502266  6711.155
5093.18666803838  6830.651
5094.22218585015  6831.133
5095.25770366193  6833.959
5096.2932214737  6869.197
5097.32873928548  6605.462
5098.36425709726  6465.3
5099.39977490903  6252.039
5100.4352927208  6130.294
5101.47081053258  6276.972
5102.50632834435  6539.974
5103.54184615613  6779.585
5104.5773639679  6705.303
5105.61288177968  6577.415
5106.64839959146  6378.805
5107.68391740323  6392.457
5108.71943521501  6414.661
5109.75495302678  6297.209
5110.79047083856  6319.858
5111.82598865033  6422.936
5112.86150646211  6643.394
5113.89702427388  6640.946
5114.93254208566  6694.204
5115.96805989743  6808.278
5117.00357770921  6952.179
5118.03909552098  6863.734
5119.07461333276  6828.116
5120.11013114453  6880.507
5121.14564895631  6927.957
5122.18116676808  6815.664
5123.21668457986  6594.984
5124.25220239163  6391.971
5125.28772020341  6197.471
5126.32323801518  6285.496
5127.35875582696  6397.466
5128.39427363874  6428.92
5129.42979145051  6397.519
5130.46530926228  6299.569
5131.50082707406  6464.08
5132.53634488584  6516.104
5133.57186269761  6561.771
5134.60738050939  6749.345
5135.64289832116  6813.83
5136.67841613294  6773.612
5137.71393394471  6666.545
5138.74945175649  6366.132
5139.78496956826  6284.118
5140.82048738004  6476.322
5141.85600519181  6459.268
5142.89152300359  6273.659
5143.92704081536  6340.933
5144.96255862714  6327.686
5145.99807643891  6423.46
5147.03359425069  6525.481
5148.06911206246  6478.368
5149.10462987424  6519.977
5150.14014768601  6554.859
5151.17566549779  6508.16
5152.21118330956  6465.269
5153.24670112134  6420.203
5154.28221893312  6469.274
5155.31773674489  6571.997
5156.35325455667  6660.207
5157.38877236844  6815.558
5158.42429018022  6861.325
5159.45980799199  7034.842
5160.49532580377  7090.164
5161.53084361554  6902.157
5162.56636142732  6812.272
5163.60187923909  6821.985
5164.63739705087  6621.867
5165.67291486264  6309.361
5166.70843267442  5892.791
5167.74395048619  5223.868
5168.77946829797  4942.643
5169.81498610974  5196.476
5170.85050392152  5514.061
5171.88602173329  5464.411
5172.92153954507  4982.316
5173.95705735684  4592.377
5174.99257516862  4896.191
5176.02809298039  5770.382
5177.06361079217  6557.814
5178.09912860395  6698.332
5179.13464641572  6692.03
5180.1701642275  6827.06
5181.20568203927  6694.737
5182.24119985104  6252.498
5183.27671766282  5516.968
5184.3122354746  4747.37
5185.34775328637  4533.227
5186.38327109815  5068.349
5187.41878890992  5934.801
5188.4543067217  6671.93
5189.48982453347  6927.064
5190.52534234525  6869.365
5191.56086015702  6746.593
5192.5963779688  6521.327
5193.63189578057  6447.076
5194.66741359235  6569.894
5195.70293140412  6657.653
5196.7384492159  6546.347
5197.77396702767  6585.716
5198.80948483945  6778.286
5199.84500265123  7029.607
5200.880520463  7106.303
5201.91603827478  7131.175
5202.95155608655  7129.598
5203.98707389833  6993.564
5205.0225917101  6626.622
5206.05810952188  6389.649
5207.09362733365  6375.579
5208.12914514543  6329.939
5209.1646629572  6249.545
5210.20018076898  6356.274
5211.23569858075  6589.554
5212.27121639253  6887.854
5213.3067342043  7138.762
5214.34225201608  7411.923
5215.37776982785  7419.958
5216.41328763963  7061.824
5217.4488054514  6851.251
5218.48432326318  6920.76
5219.51984107495  7135.192
5220.55535888673  7293.207
5221.59087669851  7328.87
5222.62639451028  7293.149
5223.66191232205  7305.459
5224.69743013383  7117.262
5225.73294794561  6739.945
5226.76846575738  6376.881
5227.80398356916  6319.542
5228.83950138093  6548.708
5229.87501919271  6846.593
5230.91053700448  7089.62
5231.94605481626  7217.227
5232.98157262803  7208.5
5234.01709043981  7044.951
5235.05260825158  6927.17
5236.08812606336  7043.719
5237.12364387513  7174.087
5238.15916168691  7197.063
5239.19467949868  7220.039
5240.23019731046  7243.015
5241.26571512223  7265.991
5242.30123293401  7288.967
5243.33675074578  7311.943
5244.37226855756  7334.919
5245.40778636933  7357.895
5246.44330418111  7380.871
5247.47882199288  7403.847
5248.51433980466  7426.823
5249.54985761644  7449.799
5250.58537542821  7472.775
5251.62089323999  7495.751
5252.65641105176  7518.727
5253.69192886354  7541.703
5254.72744667531  7564.679
5255.76296448709  7587.654
5256.79848229886  7610.63
5257.83400011064  7633.606
5258.86951792241  7512.707
5259.90503573419  7672.863
5260.94055354596  7790.331
5261.97607135774  7372.255
5263.01158916951  6994.44
5264.04710698129  6784.671
5265.08262479306  6567.36
5266.11814260484  6320.852
5267.15366041661  6303.503
5268.18917822839  6589.134
5269.22469604016  6332.86
5270.26021385194  6263.859
5271.29573166372  6194.859
5272.33124947549  6125.859
5273.36676728726  6056.858
5274.40228509904  5987.858
5275.43780291081  5918.858
5276.47332072259  7462.906
5277.50883853437  7196.836
5278.54435634614  7572.6
5279.57987415792  7739.892
5280.61539196969  7785.302
5281.65090978147  7595.153
5282.68642759324  7532.155
5283.72194540502  7265.477
5284.75746321679  7044.561
5285.79298102857  7168.842
5286.82849884034  7592.806
5287.86401665212  7810.744
5288.89953446389  7936.193
5289.93505227567  7930.47
5290.97057008744  7790.149
5292.00608789922  7829.253
5293.041605711  7958.007
5294.07712352277  7998.975
5295.11264133454  7870.876
5296.14815914632  7545.54
5297.1836769581  7426.792
5298.21919476987  7061.109
5299.25471258165  7001.664
5300.29023039342  7126.489
5301.3257482052  7337.977
5302.36126601697  7488.742
5303.39678382875  7568.121
5304.43230164052  7717.217
5305.4678194523  7728.485
5306.50333726407  7860.907
5307.53885507585  7948.872
5308.57437288762  7841.541
5309.6098906994  7843.505
5310.64540851117  7728.713
5311.68092632295  7911.587
5312.71644413472  7947.024
5313.7519619465  7917.977
5314.78747975827  7840.591
5315.82299757005  7769.211
5316.85851538182  7753.596
5317.8940331936  7779.882
5318.92955100537  7781.798
5319.96506881715  7770.338
5321.00058662892  7840.718
5322.0361044407  7860.789
5323.07162225248  7782.342
5324.10714006425  7546.593
5325.14265787602  7411.17
5326.1781756878  7406.701
5327.21369349958  7295.843
5328.24921131135  7089.722
5329.28472912313  6610.489
5330.3202469349  6493.073
5331.35576474668  6987.491
5332.39128255845  7409.699
5333.42680037023  7629.104
5334.462318182  7723.506
5335.49783599378  7789.886
5336.53335380555  7966.122
5337.56887161733  7836.968
5338.6043894291  7821.097
5339.63990724088  7778.306
5340.67542505265  7522.331
5341.71094286443  7269.25
5342.7464606762  7339.603
5343.78197848798  7642.313
5344.81749629975  7841.24
5345.85301411153  7859.601
5346.8885319233  7765.562
5347.92404973508  7647.864
5348.95956754685  7541.774
5349.99508535863  7646.773
5351.03060317041  7732.63
5352.06612098218  7715.481
5353.10163879396  7771.025
5354.13715660573  7839.475
5355.17267441751  7909.027
5356.20819222928  8081.615
5357.24371004106  8153.626
5358.27922785283  8177.468
5359.31474566461  8097.493
5360.35026347638  8156.747
5361.38578128816  8198.374
5362.42129909993  7934.284
5363.45681691171  7792.254
5364.49233472348  7740.508
5365.52785253526  7621.131
5366.56337034703  7542.208
5367.59888815881  7578.542
5368.63440597059  7811.064
5369.66992378236  7801.193
5370.70544159413  7578.958
5371.74095940591  7277.891
5372.77647721769  7049.019
5373.81199502946  7162.828
5374.84751284124  7677.983
5375.88303065301  8038.271
5376.91854846479  8148.024
5377.95406627656  8128.215
5378.98958408834  8128.384
5380.02510190011  7989.604
5381.06061971189  7905.651
5382.09613752366  7814.679
5383.13165533544  7878.899
5384.16717314721  7633.532
5385.20269095899  7639.577
5386.23820877076  7891.748
5387.27372658254  7942.705
5388.30924439431  7947.782
5389.34476220609  7829.19
5390.38028001786  7792.968
5391.41579782964  7558.559
5392.45131564141  7663.381
5393.48683345319  7682.966
5394.52235126497  7639.911
5395.55786907674  7632.334
5396.59338688851  7538.215
5397.62890470029  7231.166
5398.66442251207  7294.386
5399.69994032384  7349.916
5400.73545813562  7580.848
5401.77097594739  7691.66
5402.80649375917  7732.916
5403.84201157094  7665.787
5404.87752938272  7420.96
5405.91304719449  7091.309
5406.94856500627  6811.639
5407.98408281804  7043.865
5409.01960062982  7541.593
5410.05511844159  7436.507
5411.09063625337  7154.599
5412.12615406514  7395.49
5413.16167187692  7642.904
5414.1971896887  7818.603
5415.23270750047  7926.03
5416.26822531224  7905.145
5417.30374312402  7719.112
5418.33926093579  7653.366
5419.37477874757  7860.836
5420.41029655934  7837.227
5421.44581437112  7769.994
5422.4813321829  7927.72
5423.51684999467  7853.597
5424.55236780645  7695.722
5425.58788561822  7511.941
5426.62340343  7674.264
5427.65892124177  7919.658
5428.69443905355  7901.621
5429.72995686532  7770.492
5430.7654746771  7608.685
5431.80099248887  7437.635
5432.83651030065  7418.539
5433.87202811242  7476.265
5434.9075459242  7347.685
5435.94306373597  7336.614
5436.97858154775  7412.792
5438.01409935952  7575.364
5439.0496171713  7813.836
5440.08513498307  8036.955
5441.12065279485  8016.922
5442.15617060662  8097.537
5443.1916884184  8206.311
5444.22720623018  8034.127
5445.26272404195  7856.064
5446.29824185373  7701.69
5447.3337596655  7416.978
5448.36927747727  7348.322
5449.40479528905  7497.361
5450.44031310083  7891.417
5451.4758309126  8169.958
5452.51134872438  8057.417
5453.54686653615  7850.822
5454.58238434793  7760.676
5455.6179021597  7621.188
5456.65341997148  7437.208
5457.68893778325  7428.502
5458.72445559503  7792.25
5459.7599734068  8082.253
5460.79549121858  8009.722
5461.83100903035  7830.988
5462.86652684213  7751.01
5463.9020446539  7596.267
5464.93756246568  7395.575
5465.97308027745  7594.813
5467.00859808923  7802.935
5468.044115901  7813.459
5469.07963371278  7706.039
5470.11515152456  7818.264
5471.15066933633  8015.334
5472.18618714811  7878.684
5473.22170495988  7824.507
5474.25722277166  7615.425
5475.29274058343  7525.445
5476.32825839521  7479.979
5477.36377620698  7204.012
5478.39929401876  7114.016
5479.43481183053  7299.47
5480.47032964231  7584.367
5481.50584745408  7449.361
5482.54136526586  7357.661
5483.57688307763  7564.215
5484.61240088941  7626.502
5485.64791870118  7693.132
5486.68343651296  7992.83
5487.71895432473  7883.082
5488.75447213651  7723.087
5489.78998994828  7637.24
5490.82550776006  7696.026
5491.86102557183  7780.359
5492.89654338361  7854.823
5493.93206119539  7687.634
5494.96757900716  7861.055
5496.00309681894  7944.104
5497.03861463071  7783.785
5498.07413244249  7457.104
5499.10965025426  7589.242
5500.14516806604  7800.451
5501.18068587781  7729.855
5502.21620368959  7680.614
5503.25172150136  7499.369
5504.28723931314  7618.501
5505.32275712491  7700.329
5506.35827493669  7772.916
5507.39379274846  7522.161
5508.42931056024  7348.129
5509.46482837201  7553.277
5510.50034618379  7688.916
5511.53586399556  7837.767
5512.57138180734  7696.639
5513.60689961911  7352.083
5514.64241743089  7162.673
5515.67793524266  7239.01
5516.71345305444  7468.05
5517.74897086621  7687.584
5518.78448867799  7897.416
5519.82000648976  7854.394
5520.85552430154  7891.8
5521.89104211332  7837.912
5522.92655992509  7707.373
5523.96207773687  7762.083
5524.99759554864  7832.546
5526.03311336042  7757.617
5527.06863117219  7565.396
5528.10414898397  7466.249
5529.13966679574  7328.239
5530.17518460752  7271.121
5531.21070241929  7325.441
5532.24622023107  7478.418
5533.28173804284  7637.778
5534.31725585462  7633.448
5535.35277366639  7602.797
5536.38829147817  7643.783
5537.42380928994  7750.576
5538.45932710172  7717.085
5539.49484491349  7652.113
5540.53036272527  7643.032
5541.56588053704  7676.907
5542.60139834882  7684.52
5543.6369161606  7546.608
5544.67243397237  7472.182
5545.70795178415  7520.013
5546.74346959592  7656.328
5547.77898740769  7827.69
5548.81450521947  7706.902
5549.85002303125  7815.596
5550.88554084302  7927.848
5551.9210586548  7929.029
5552.95657646657  7775.808
5553.99209427835  7708.33
5555.02761209012  7688.403
5556.0631299019  7462.057
5557.09864771367  7547.402
5558.13416552545  7617.401
5559.16968333722  7586.7
5560.205201149  7602.499
5561.24071896077  7569.462
5562.27623677255  7671.776
5563.31175458432  7478.621
5564.3472723961  7330.761
5565.38279020787  7558.002
5566.41830801965  7790.114
5567.45382583142  7615.591
5568.4893436432  7417.392
5569.52486145497  7339.589
5570.56037926675  7377.007
5571.59589707853  7318.454
5572.6314148903  7349.933
5573.66693270208  7336.129
5574.70245051385  7496.565
5575.73796832563  7505.81
5576.7734861374  7111.509
5577.80900394918  7093.771
5578.84452176095  7506.952
5579.88003957273  8060.721
5580.9155573845  7794.157
5581.95107519628  7434.171
5582.98659300805  7396.556
5584.02211081983  7383.203
5585.0576286316  7396.584
5586.09314644338  7348.271
5587.12866425516  7035.277
5588.16418206693  6749.925
5589.1996998787  6685.128
5590.23521769048  6788.928
5591.27073550225  6781.261
5592.30625331403  6905.281
5593.3417711258  6978.542
5594.37728893758  6933.397
5595.41280674936  6930.917
5596.44832456113  7133.523
5597.48384237291  7178.716
5598.51936018468  7145.354
5599.55487799646  7011.63
5600.59039580823  6835.881
5601.62591362001  6789.002
5602.66143143178  6826.835
5603.69694924356  6805.143
5604.73246705533  6910.838
5605.76798486711  7001.544
5606.80350267888  7119.085
5607.83902049066  7233.879
5608.87453830243  7225.571
5609.91005611421  7220.187
5610.94557392598  7232.7
5611.98109173776  7207.179
5613.01660954954  7092.301
5614.05212736131  7154.086
5615.08764517308  6991.465
5616.12316298486  6547.347
5617.15868079664  6355.273
5618.19419860841  6422.706
5619.22971642018  6753.847
5620.26523423196  6893.485
5621.30075204374  6870.733
5622.33626985551  6873.512
5623.37178766729  6850.843
5624.40730547906  6988.644
5625.44282329084  6850.837
5626.47834110261  6498.211
5627.51385891439  6448.852
5628.54937672616  6570.783
5629.58489453794  6824.015
5630.62041234971  6808.742
5631.65593016149  6847.556
5632.69144797326  6861.235
5633.72696578504  6954.797
5634.76248359681  6776.661
5635.79800140859  6576.509
5636.83351922036  6469.073
5637.86903703214  6554.852
5638.90455484392  6649.989
5639.94007265569  6434.984
5640.97559046746  6513.796
5642.01110827924  6446.45
5643.04662609102  6471.285
5644.08214390279  6426.
5645.11766171456  6403.234
5646.15317952634  6303.835
5647.18869733812  6429.536
5648.22421514989  6527.083
5649.25973296167  6457.531
5650.29525077344  6377.266
5651.33076858522  6340.833
5652.36628639699  6242.79
5653.40180420877  6152.449
5654.43732202054  6282.92
5655.47283983232  6164.833
5656.50835764409  6084.615
5657.54387545587  6088.378
5658.57939326764  6087.146
5659.61491107942  5901.123
5660.65042889119  5717.132
5661.68594670297  5732.359
5662.72146451474  5849.565
5663.75698232652  5968.31
5664.7925001383  5903.787
5665.82801795007  5985.029
5666.86353576185  5985.772
5667.89905357362  5938.622
5668.9345713854  5895.562
5669.97008919717  5862.039
5671.00560700895  5922.12
5672.04112482072  5878.633
5673.0766426325  5854.736
5674.11216044427  5898.34
5675.14767825605  5873.528
5676.18319606782  5826.087
5677.2187138796  5839.996
5678.25423169137  5726.615
5679.28974950315  5694.447
5680.32526731492  5741.519
5681.3607851267  5694.883
5682.39630293847  5510.042
5683.43182075025  5530.169
5684.46733856202  5405.316
5685.5028563738  5354.726
5686.53837418557  5347.211
5687.57389199735  5307.653
5688.60940980912  5169.631
5689.6449276209  5245.548
5690.68044543267  5257.681
5691.71596324445  5267.749
5692.75148105623  5105.616
5693.786998868  5235.271
5694.82251667978  5319.088
5695.85803449155  5347.614
5696.89355230333  5166.018
5697.9290701151  5145.846
5698.96458792688  5229.734
5700.00010573865  4990.927
