3630.  42.51635
3631.03551781178  32.9652
3632.07103562355  31.13466
3633.10655343533  31.86868
3634.14207124711  31.23321
3635.17758905888  18.57953
3636.21310687066  13.74495
3637.24862468243  27.35009
3638.2841424942  44.0817
3639.31966030598  45.54403
3640.35517811776  24.15721
3641.39069592953  41.75309
3642.42621374131  62.68147
3643.46173155308  43.58576
3644.49724936486  31.42575
3645.53276717663  33.69076
3646.56828498841  27.18939
3647.60380280018  23.11238
3648.63932061196  16.34598
3649.67483842373  25.21831
3650.71035623551  33.91926
3651.74587404728  44.52489
3652.78139185906  44.12212
3653.81690967083  38.88431
3654.85242748261  57.41673
3655.88794529438  73.30483
3656.92346310616  60.25487
3657.95898091793  59.75822
3658.99449872971  50.73788
3660.03001654148  56.54739
3661.06553435326  74.48344
3662.10105216504  51.39815
3663.13656997681  53.82637
3664.17208778859  63.17836
3665.20760560036  68.09518
3666.24312341214  68.47555
3667.27864122391  54.95328
3668.31415903569  40.87706
3669.34967684746  49.49077
3670.38519465924  63.71185
3671.42071247101  61.78066
3672.45623028279  73.21149
3673.49174809456  51.03892
3674.52726590634  43.68008
3675.56278371811  46.9719
3676.59830152989  43.02286
3677.63381934166  43.60859
3678.66933715344  50.66887
3679.70485496521  51.92191
3680.74037277699  40.29973
3681.77589058876  49.05147
3682.81140840054  66.07252
3683.84692621231  73.21568
3684.88244402409  54.67054
3685.91796183586  42.32056
3686.95347964764  54.85995
3687.98899745941  56.66684
3689.02451527119  53.94838
3690.06003308297  43.2078
3691.09555089474  46.3099
3692.13106870652  83.52713
3693.16658651829  83.06322
3694.20210433007  65.68753
3695.23762214184  65.44037
3696.27313995362  37.07157
3697.30865776539  57.95932
3698.34417557717  71.78169
3699.37969338894  76.18282
3700.41521120072  128.4781
3701.45072901249  152.9012
3702.48624682427  106.372
3703.52176463604  82.4571
3704.55728244782  77.38032
3705.59280025959  93.78291
3706.62831807137  58.42532
3707.66383588314  58.38744
3708.69935369492  67.61752
3709.73487150669  54.42509
3710.77038931847  60.54732
3711.80590713025  86.08844
3712.84142494202  87.76945
3713.8769427538  93.01975
3714.91246056557  104.0077
3715.94797837735  125.0486
3716.98349618912  123.3917
3718.0190140009  111.8728
3719.05453181267  102.638
3720.09004962445  79.37192
3721.12556743622  61.08413
3722.161085248  46.40127
3723.19660305977  45.98559
3724.23212087155  54.56114
3725.26763868332  57.09571
3726.3031564951  77.66077
3727.33867430687  87.34539
3728.37419211865  80.78439
3729.40970993042  92.92909
3730.4452277422  91.45049
3731.48074555397  86.71686
3732.51626336575  83.5066
3733.55178117753  81.50986
3734.5872989893  54.87466
3735.62281680108  71.58929
3736.65833461285  53.42678
3737.69385242463  38.55954
3738.7293702364  35.93689
3739.76488804818  71.56308
3740.80040585995  64.70317
3741.83592367173  89.47667
3742.8714414835  119.973
3743.90695929528  107.1284
3744.94247710705  74.04014
3745.97799491883  83.34192
3747.0135127306  51.78535
3748.04903054238  46.34696
3749.08454835415  59.94794
3750.12006616593  46.62399
3751.1555839777  63.22812
3752.19110178948  75.71639
3753.22661960125  96.41652
3754.26213741303  108.1725
3755.2976552248  113.2445
3756.33317303658  131.9735
3757.36869084835  141.0119
3758.40420866013  123.5099
3759.4397264719  80.15878
3760.47524428368  63.55024
3761.51076209546  87.17467
3762.54627990723  88.19736
3763.58179771901  101.7748
3764.61731553078  114.6994
3765.65283334256  106.9062
3766.68835115433  103.6803
3767.72386896611  101.7651
3768.75938677788  117.1927
3769.79490458966  125.0875
3770.83042240143  128.4171
3771.86594021321  113.7538
3772.90145802498  123.0656
3773.93697583676  125.8005
3774.97249364853  114.2952
3776.00801146031  124.2784
3777.04352927208  123.3331
3778.07904708386  150.9457
3779.11456489563  144.2519
3780.15008270741  135.8958
3781.18560051918  142.722
3782.22111833096  151.2771
3783.25663614273  146.2948
3784.29215395451  146.4076
3785.32767176628  154.8671
3786.36318957806  163.78
3787.39870738984  157.8031
3788.43422520161  126.4711
3789.46974301339  123.4212
3790.50526082516  149.7957
3791.54077863694  134.7878
3792.57629644871  153.7071
3793.61181426049  152.2501
3794.64733207226  151.4502
3795.68284988404  134.4679
3796.71836769581  120.2601
3797.75388550759  133.9472
3798.78940331936  122.6917
3799.82492113114  106.4695
3800.86043894291  144.7514
3801.89595675469  130.4795
3802.93147456646  136.6356
3803.96699237824  160.4953
3805.00251019002  187.1234
3806.03802800179  216.9276
3807.07354581357  203.9607
3808.10906362534  188.3465
3809.14458143712  168.5921
3810.18009924889  156.1967
3811.21561706067  178.1172
3812.25113487244  186.4882
3813.28665268422  167.0472
3814.32217049599  168.9897
3815.35768830777  171.341
3816.39320611954  143.2331
3817.42872393132  121.7901
3818.46424174309  125.36
3819.49975955487  131.9827
3820.53527736664  136.1603
3821.57079517842  115.4665
3822.60631299019  108.5734
3823.64183080197  122.9766
3824.67734861374  142.4123
3825.71286642552  156.5624
3826.74838423729  108.1288
3827.78390204907  99.43421
3828.81941986084  99.92773
3829.85493767262  87.7395
3830.89045548439  103.6353
3831.92597329617  119.4932
3832.96149110795  125.7656
3833.99700891972  133.1128
3835.0325267315  125.5261
3836.06804454327  116.8516
3837.10356235505  144.3826
3838.13908016682  142.5634
3839.1745979786  125.2373
3840.21011579037  110.0698
3841.24563360215  110.2898
3842.28115141392  130.1343
3843.3166692257  142.6902
3844.35218703747  167.4487
3845.38770484925  182.451
3846.42322266102  196.2858
3847.4587404728  204.5415
3848.49425828457  194.4484
3849.52977609635  199.246
3850.56529390812  192.2471
3851.6008117199  175.966
3852.63632953167  192.3886
3853.67184734345  173.1789
3854.70736515522  189.9669
3855.742882967  192.7772
3856.77840077877  176.8085
3857.81391859055  164.8784
3858.84943640233  162.6046
3859.8849542141  157.5607
3860.92047202588  129.757
3861.95598983765  117.5251
3862.99150764943  150.9165
3864.0270254612  206.6632
3865.06254327298  219.6615
3866.09806108475  198.9981
3867.13357889653  187.042
3868.1690967083  191.9208
3869.20461452008  186.5554
3870.24013233185  195.9533
3871.27565014363  200.2614
3872.3111679554  157.8729
3873.34668576718  134.2847
3874.38220357895  150.4536
3875.41772139073  185.3544
3876.4532392025  222.2394
3877.48875701428  240.3443
3878.52427482605  221.5755
3879.55979263783  191.687
3880.59531044961  192.6094
3881.63082826138  207.7992
3882.66634607316  212.2487
3883.70186388493  195.5022
3884.73738169671  216.1578
3885.77289950848  228.4819
3886.80841732026  209.5408
3887.84393513203  199.0505
3888.87945294381  196.9775
3889.91497075558  198.5479
3890.95048856736  229.1223
3891.98600637913  260.2518
3893.02152419091  244.8137
3894.05704200268  266.5797
3895.09255981446  290.6808
3896.12807762623  298.5052
3897.16359543801  298.1508
3898.19911324978  296.0167
3899.23463106156  309.4521
3900.27014887333  299.6222
3901.30566668511  264.1921
3902.34118449688  269.4153
3903.37670230866  285.5286
3904.41222012043  265.4182
3905.44773793221  262.7974
3906.48325574399  246.8604
3907.51877355576  251.3118
3908.55429136754  282.0337
3909.58980917931  326.0044
3910.62532699109  328.6909
3911.66084480286  316.6025
3912.69636261464  339.1584
3913.73188042641  359.1518
3914.76739823819  347.3178
3915.80291604996  345.1479
3916.83843386174  348.1428
3917.87395167351  335.3682
3918.90946948529  334.1685
3919.94498729706  332.2678
3920.98050510884  304.3062
3922.01602292061  290.7155
3923.05154073239  278.7545
3924.08705854416  259.3593
3925.12257635594  239.9642
3926.15809416771  220.569
3927.19361197949  201.1739
3928.22912979126  181.7787
3929.26464760304  162.3836
3930.30016541481  182.176
3931.33568322659  144.6137
3932.37120103837  111.6869
3933.40671885014  77.15685
3934.44223666192  63.22807
3935.47775447369  55.90077
3936.51327228547  72.49265
3937.54879009724  92.66411
3938.58430790902  120.081
3939.61982572079  164.9369
3940.65534353257  190.8254
3941.69086134434  207.5425
3942.72637915612  251.8407
3943.76189696789  288.6449
3944.79741477967  256.9674
3945.83293259144  248.1883
3946.86845040322  278.1805
3947.90396821499  337.9818
3948.93948602677  361.6182
3949.97500383854  382.9989
3951.01052165032  393.6767
3952.04603946209  395.6102
3953.08155727387  390.5479
3954.11707508565  385.037
3955.15259289742  414.0554
3956.1881107092  421.3002
3957.22362852097  435.159
3958.25914633275  419.7812
3959.29466414452  406.303
3960.3301819563  407.4096
3961.36569976807  393.5812
3962.40121757985  350.2796
3963.43673539162  312.8057
3964.4722532034  272.1147
3965.50777101517  244.8582
3966.54328882695  234.094
3967.57880663872  173.6525
3968.6143244505  119.8875
3969.64984226227  88.24531
3970.68536007405  95.16143
3971.72087788582  123.1042
3972.7563956976  142.1745
3973.79191350937  180.9181
3974.82743132115  225.7923
3975.86294913292  302.1638
3976.8984669447  363.0434
3977.93398475647  406.6517
3978.96950256825  462.8784
3980.00502038003  493.7547
3981.0405381918  510.6407
3982.07605600358  546.163
3983.11157381535  528.4033
3984.14709162713  508.9427
3985.1826094389  511.6829
3986.21812725068  531.3158
3987.25364506245  545.1331
3988.28916287423  534.093
3989.324680686  561.9595
3990.36019849778  578.5638
3991.39571630955  585.6575
3992.43123412133  651.3782
3993.4667519331  679.9395
3994.50226974488  659.8381
3995.53778755665  611.6397
3996.57330536843  605.7728
3997.6088231802  594.9877
3998.64434099198  564.6874
3999.67985880375  587.9243
4000.71537661553  649.2536
4001.75089442731  673.4321
4002.78641223908  654.5338
4003.82193005085  689.3353
4004.85744786263  708.9342
4005.89296567441  618.9969
4006.92848348618  602.5081
4007.96400129796  624.4354
4008.99951910973  637.9758
4010.03503692151  672.917
4011.07055473328  745.4698
4012.10607254506  735.0929
4013.14159035683  731.7482
4014.17710816861  734.8455
4015.21262598038  705.571
4016.24814379216  726.1651
4017.28366160393  706.8865
4018.31917941571  715.7151
4019.35469722748  715.2012
4020.39021503926  712.089
4021.42573285103  737.9789
4022.46125066281  731.2332
4023.49676847458  753.0607
4024.53228628636  776.0021
4025.56780409813  749.3997
4026.60332190991  728.8852
4027.63883972168  781.9678
4028.67435753346  832.1086
4029.70987534524  852.593
4030.74539315701  819.9922
4031.78091096879  755.5959
4032.81642878056  694.1876
4033.85194659234  690.7125
4034.88746440411  697.2239
4035.92298221589  719.0087
4036.95850002766  740.9694
4037.99401783944  803.1279
4039.02953565121  857.4034
4040.06505346299  860.5946
4041.10057127476  832.3577
4042.13608908654  828.3754
4043.17160689831  861.7217
4044.20712471009  870.6384
4045.24264252186  810.713
4046.27816033364  703.0967
4047.31367814541  624.4824
4048.34919595719  632.4875
4049.38471376897  705.3448
4050.42023158074  783.2543
4051.45574939252  841.6059
4052.49126720429  878.0033
4053.52678501606  873.7185
4054.56230282784  855.8526
4055.59782063962  835.447
4056.63333845139  822.4937
4057.66885626317  808.3204
4058.70437407494  805.7012
4059.73989188672  797.8705
4060.77540969849  801.4628
4061.81092751027  874.7334
4062.84644532204  908.8826
4063.88196313382  796.9375
4064.91748094559  715.6675
4065.95299875737  737.4926
4066.98851656914  772.7679
4068.02403438092  803.194
4069.05955219269  863.7874
4070.09507000447  902.4103
4071.13058781624  912.8246
4072.16610562802  915.7659
4073.20162343979  866.7596
4074.23714125157  814.2996
4075.27265906335  858.5424
4076.30817687512  888.5236
4077.3436946869  859.8819
4078.37921249867  796.6009
4079.41473031045  788.4548
4080.45024812222  800.5822
4081.485765934  860.6736
4082.52128374577  978.4636
4083.55680155755  1022.083
4084.59231936932  974.8688
4085.6278371811  932.7083
4086.66335499287  897.9584
4087.69887280465  938.827
4088.73439061642  1060.769
4089.7699084282  1160.197
4090.80542623997  1207.479
4091.84094405175  1174.383
4092.87646186352  1080.426
4093.9119796753  1048.721
4094.94749748707  1052.713
4095.98301529885  1055.622
4097.01853311062  1056.511
4098.0540509224  1031.972
4099.08956873417  988.9491
4100.12508654595  973.713
4101.16060435773  949.9354
4102.1961221695  878.276
4103.23163998128  858.4369
4104.26715779305  851.2881
4105.30267560483  891.8855
4106.3381934166  972.5547
4107.37371122838  1018.151
4108.40922904015  1044.286
4109.44474685193  1073.068
4110.4802646637  1075.043
4111.51578247548  1010.966
4112.55130028725  1003.862
4113.58681809903  1085.999
4114.6223359108  1115.428
4115.65785372258  1142.377
4116.69337153435  1117.048
4117.72888934613  1162.214
4118.7644071579  1114.261
4119.79992496968  1118.724
4120.83544278145  1102.908
4121.87096059323  1116.661
4122.906478405  1072.27
4123.94199621678  1090.635
4124.97751402855  1158.639
4126.01303184033  1167.644
4127.04854965211  1148.464
4128.08406746388  1170.599
4129.11958527566  1118.813
4130.15510308743  1118.856
4131.19062089921  1103.469
4132.22613871098  1108.215
4133.26165652276  1044.589
4134.29717433453  1033.17
4135.33269214631  1031.544
4136.36820995808  1055.808
4137.40372776986  1105.157
4138.43924558163  1173.699
4139.47476339341  1229.766
4140.51028120518  1248.604
4141.54579901696  1279.548
4142.58131682873  1220.58
4143.61683464051  1113.682
4144.65235245228  1024.357
4145.68787026406  1033.2
4146.72338807583  1031.462
4147.75890588761  1120.029
4148.79442369938  1168.3
4149.82994151116  1208.853
4150.86545932294  1203.243
4151.90097713471  1182.513
4152.93649494649  1154.698
4153.97201275826  1178.474
4155.00753057004  1183.605
4156.04304838181  1154.936
4157.07856619359  1140.922
4158.11408400536  1185.71
4159.14960181714  1255.556
4160.18511962891  1232.944
4161.22063744069  1282.044
4162.25615525246  1278.922
4163.29167306424  1336.422
4164.32719087601  1347.986
4165.36270868779  1345.264
4166.39822649956  1319.288
4167.43374431134  1314.634
4168.46926212311  1250.405
4169.50477993489  1227.518
4170.54029774666  1302.672
4171.57581555844  1277.453
4172.61133337022  1312.332
4173.64685118199  1182.079
4174.68236899376  1050.56
4175.71788680554  1097.164
4176.75340461731  1190.932
4177.78892242909  1211.583
4178.82444024087  1196.896
4179.85995805264  1248.62
4180.89547586442  1274.019
4181.93099367619  1280.436
4182.96651148797  1295.427
4184.00202929974  1293.015
4185.03754711152  1332.919
4186.07306492329  1347.787
4187.10858273507  1341.204
4188.14410054684  1300.004
4189.17961835862  1269.697
4190.21513617039  1252.507
4191.25065398217  1266.807
4192.28617179394  1300.819
4193.32168960572  1359.965
4194.35720741749  1411.553
4195.39272522927  1437.944
4196.42824304104  1417.533
4197.46376085282  1380.045
4198.49927866459  1302.663
4199.53479647637  1236.661
4200.57031428814  1214.252
4201.60583209992  1238.058
4202.64134991169  1254.167
4203.67686772347  1255.52
4204.71238553525  1268.954
4205.74790334702  1300.338
4206.7834211588  1334.064
4207.81893897057  1403.185
4208.85445678235  1468.931
4209.88997459412  1468.997
4210.9254924059  1458.039
4211.96101021767  1474.042
4212.99652802945  1470.49
4214.03204584122  1455.42
4215.067563653  1439.276
4216.10308146477  1420.819
4217.13859927655  1355.728
4218.17411708832  1355.752
4219.2096349001  1460.064
4220.24515271187  1515.104
4221.28067052365  1543.654
4222.31618833543  1601.292
4223.3517061472  1569.904
4224.38722395898  1490.74
4225.42274177075  1381.728
4226.45825958252  1228.374
4227.4937773943  1025.274
4228.52929520608  925.5888
4229.56481301785  1069.638
4230.60033082963  1289.598
4231.6358486414  1474.068
4232.67136645318  1524.001
4233.70688426495  1510.355
4234.74240207673  1528.755
4235.7779198885  1536.494
4236.81343770028  1475.401
4237.84895551205  1390.619
4238.88447332383  1341.145
4239.9199911356  1377.329
4240.95550894738  1435.281
4241.99102675915  1471.113
4243.02654457093  1504.51
4244.06206238271  1543.484
4245.09758019448  1580.39
4246.13309800626  1590.166
4247.16861581803  1622.911
4248.20413362981  1613.646
4249.23965144158  1511.529
4250.27516925336  1412.513
4251.31068706513  1332.157
4252.34620487691  1364.233
4253.38172268868  1479.062
4254.41724050046  1528.435
4255.45275831223  1489.082
4256.48827612401  1460.814
4257.52379393578  1445.933
4258.55931174756  1525.752
4259.59482955933  1590.094
4260.63034737111  1591.111
4261.66586518288  1482.144
4262.70138299466  1389.887
4263.73690080643  1438.414
4264.77241861821  1582.079
4265.80793642998  1672.704
4266.84345424176  1727.513
4267.87897205353  1694.613
4268.91448986531  1608.456
4269.95000767708  1556.644
4270.98552548886  1517.755
4272.02104330063  1389.731
4273.05656111241  1321.715
4274.09207892419  1319.844
4275.12759673596  1309.828
4276.16311454774  1322.983
4277.19863235951  1418.702
4278.23415017129  1547.718
4279.26966798306  1608.841
4280.30518579484  1646.896
4281.34070360661  1583.053
4282.37622141839  1509.721
4283.41173923016  1528.92
4284.44725704194  1599.802
4285.48277485371  1601.724
4286.51829266549  1554.153
4287.55381047726  1523.942
4288.58932828904  1488.492
4289.62484610081  1450.561
4290.66036391259  1421.224
4291.69588172436  1358.887
4292.73139953614  1367.88
4293.76691734792  1496.635
4294.80243515969  1629.746
4295.83795297147  1613.84
4296.87347078324  1541.363
4297.90898859501  1506.588
4298.94450640679  1429.824
4299.98002421856  1225.166
4301.01554203034  1104.871
4302.05105984212  1063.802
4303.08657765389  1045.172
4304.12209546567  1135.171
4305.15761327744  1138.863
4306.19313108922  1177.042
4307.22864890099  1134.174
4308.26416671277  1109.944
4309.29968452454  1107.331
4310.33520233632  1012.545
4311.37072014809  985.5965
4312.40623795987  996.8389
4313.44175577164  1078.452
4314.47727358342  1248.49
4315.51279139519  1412.017
4316.54830920697  1582.775
4317.58382701874  1849.642
4318.61934483052  2061.011
4319.65486264229  2202.174
4320.69038045407  2211.076
4321.72589826584  2165.157
4322.76141607762  2131.818
4323.7969338894  1960.505
4324.83245170117  1720.454
4325.86796951295  1490.853
4326.90348732472  1331.284
4327.9390051365  1436.515
4328.97452294827  1658.304
4330.01004076005  1944.265
4331.04555857182  2065.47
4332.0810763836  2063.844
4333.11659419537  2080.941
4334.15211200715  2074.007
4335.18762981892  2100.874
4336.2231476307  2155.8
4337.25866544247  2233.274
4338.29418325425  2102.471
4339.32970106602  1873.812
4340.3652188778  1763.421
4341.40073668957  1612.02
4342.43625450135  1586.8
4343.47177231312  1711.393
4344.5072901249  1914.605
4345.54280793667  2030.725
4346.57832574845  2072.955
4347.61384356023  2171.637
4348.649361372  2306.082
4349.68487918378  2433.229
4350.72039699555  2374.966
4351.75591480733  2224.516
4352.7914326191  2056.611
4353.82695043088  1861.265
4354.86246824265  1806.151
4355.89798605443  1858.509
4356.9335038662  1961.868
4357.96902167798  2043.439
4359.00453948975  2119.665
4360.04005730153  2063.827
4361.0755751133  2042.096
4362.11109292508  2172.448
4363.14661073685  2285.264
4364.18212854863  2288.256
4365.2176463604  2205.583
4366.25316417218  2273.918
4367.28868198395  2338.35
4368.32419979573  2284.022
4369.3597176075  2130.236
4370.39523541928  2164.552
4371.43075323105  2170.674
4372.46627104283  2147.178
4373.50178885461  2155.529
4374.53730666638  2053.975
4375.57282447816  1921.118
4376.60834228993  1902.52
4377.64386010171  1984.689
4378.67937791348  2063.132
4379.71489572526  2130.528
4380.75041353703  2215.406
4381.78593134881  2227.588
4382.82144916058  2178.884
4383.85696697236  1978.401
4384.89248478413  1690.385
4385.92800259591  1564.781
4386.96352040768  1689.183
4387.99903821946  1932.035
4389.03455603123  2127.282
4390.07007384301  2184.322
4391.10559165478  2128.328
4392.14110946656  2093.012
4393.17662727833  2145.534
4394.21214509011  2199.966
4395.24766290189  2211.504
4396.28318071366  2164.449
4397.31869852544  2150.205
4398.35421633721  2249.149
4399.38973414898  2353.848
4400.42525196076  2366.488
4401.46076977254  2273.786
4402.49628758431  2197.359
4403.53180539609  2259.252
4404.56732320786  2266.03
4405.60284101964  2210.031
4406.63835883141  2111.852
4407.67387664319  2084.103
4408.70939445496  2158.892
4409.74491226674  2179.373
4410.78043007851  2250.322
4411.81594789029  2453.203
4412.85146570206  2637.366
4413.88698351384  2673.208
4414.92250132561  2613.368
4415.95801913739  2530.857
4416.99353694916  2415.05
4418.02905476094  2354.696
4419.06457257271  2456.44
4420.10009038449  2581.154
4421.13560819626  2660.139
4422.17112600804  2715.438
4423.20664381982  2612.909
4424.24216163159  2552.411
4425.27767944337  2591.535
4426.31319725514  2614.69
4427.34871506692  2562.717
4428.38423287869  2559.588
4429.41975069047  2686.481
4430.45526850224  2679.327
4431.49078631402  2577.187
4432.52630412579  2571.551
4433.56182193757  2632.362
4434.59733974934  2680.72
4435.63285756112  2598.829
4436.66837537289  2436.085
4437.70389318467  2448.271
4438.73941099644  2663.971
4439.77492880822  2820.575
4440.81044661999  2835.244
4441.84596443177  2831.82
4442.88148224354  2743.055
4443.91700005532  2594.968
4444.9525178671  2537.974
4445.98803567887  2634.725
4447.02355349065  2790.78
4448.05907130242  2840.12
4449.0945891142  2914.654
4450.13010692597  2861.573
4451.16562473775  2798.582
4452.20114254952  2822.823
4453.2366603613  2847.721
4454.27217817307  2845.086
4455.30769598485  2758.889
4456.34321379662  2588.453
4457.3787316084  2476.522
4458.41424942017  2502.256
4459.44976723195  2599.714
4460.48528504372  2661.136
4461.5208028555  2597.524
4462.55632066727  2520.183
4463.59183847905  2540.993
4464.62735629082  2652.199
4465.6628741026  2814.598
4466.69839191438  2914.707
4467.73390972615  2895.336
4468.76942753793  2877.746
4469.8049453497  2825.817
4470.84046316147  2793.315
4471.87598097325  2753.308
4472.91149878503  2713.301
4473.9470165968  2673.294
4474.98253440858  2633.288
4476.01805222035  2593.281
4477.05357003213  2553.274
4478.0890878439  3362.334
4479.12460565568  3307.73
4480.16012346745  3259.994
4481.19564127923  3152.396
4482.231159091  3020.241
4483.26667690278  2848.052
4484.30219471455  2885.917
4485.33771252633  3074.71
4486.3732303381  3183.704
4487.40874814988  3277.22
4488.44426596165  3303.095
4489.47978377343  3229.063
4490.5153015852  3069.168
4491.55081939698  3038.487
4492.58633720876  3042.717
4493.62185502053  3162.452
4494.65737283231  3145.942
4495.69289064408  3128.789
4496.72840845586  3048.046
4497.76392626763  3009.92
4498.79944407941  3169.203
4499.83496189118  3270.401
4500.87047970296  3349.981
4501.90599751473  3349.566
4502.94151532651  3194.547
4503.97703313828  3283.54
4505.01255095006  3451.423
4506.04806876183  3600.302
4507.08358657361  3604.867
4508.11910438538  3520.939
4509.15462219716  3506.183
4510.19014000893  3518.914
4511.22565782071  3467.771
4512.26117563248  3517.849
4513.29669344426  3446.715
4514.33221125603  3386.192
4515.36772906781  3282.025
4516.40324687958  3367.356
4517.43876469136  3409.145
4518.47428250314  3364.368
4519.50980031491  3348.509
4520.54531812669  3312.389
4521.58083593846  3407.978
4522.61635375024  3480.648
4523.65187156201  3388.488
4524.68738937379  3288.386
4525.72290718556  3311.262
4526.75842499734  3247.202
4527.79394280911  3083.361
4528.82946062089  3071.101
4529.86497843266  2999.665
4530.90049624444  2944.582
4531.93601405621  3008.051
4532.97153186799  3096.597
4534.00704967976  3147.61
4535.04256749154  3123.873
4536.07808530331  2976.325
4537.11360311509  3012.273
4538.14912092687  3187.632
4539.18463873864  3379.462
4540.22015655041  3530.52
4541.25567436219  3547.298
4542.29119217396  3536.668
4543.32670998574  3532.754
4544.36222779752  3530.35
4545.39774560929  3414.891
4546.43326342107  3380.573
4547.46878123284  3381.387
4548.50429904462  3437.964
4549.53981685639  3453.516
4550.57533466817  3366.355
4551.61085247994  3294.776
4552.64637029172  3391.244
4553.68188810349  3428.076
4554.71740591527  3431.564
4555.75292372704  3393.853
4556.78844153882  3356.41
4557.82395935059  3466.576
4558.85947716237  3631.214
4559.89499497414  3664.44
4560.93051278592  3759.484
4561.96603059769  3773.09
4563.00154840947  3734.193
4564.03706622124  3690.615
4565.07258403302  3720.078
4566.10810184479  3548.13
4567.14361965657  3455.07
4568.17913746835  3507.985
4569.21465528012  3688.734
4570.2501730919  3826.336
4571.28569090367  3761.892
4572.32120871545  3580.158
4573.35672652722  3537.156
4574.392244339  3549.109
4575.42776215077  3671.858
4576.46327996255  3790.739
4577.49879777432  3810.801
4578.5343155861  3799.649
4579.56983339787  3713.135
4580.60535120965  3645.631
4581.64086902142  3546.905
4582.6763868332  3471.638
4583.71190464497  3494.14
4584.74742245675  3575.89
4585.78294026852  3525.388
4586.8184580803  3502.619
4587.85397589207  3562.984
4588.88949370385  3671.819
4589.92501151563  3725.385
4590.9605293274  3829.052
4591.99604713917  3796.841
4593.03156495095  3719.474
4594.06708276273  3683.947
4595.1026005745  3664.696
4596.13811838628  3668.904
4597.17363619805  3678.586
4598.20915400983  3650.143
4599.2446718216  3716.701
4600.28018963338  3760.698
4601.31570744515  3783.266
4602.35122525693  3701.934
4603.3867430687  3673.934
4604.42226088048  3759.6
4605.45777869225  3759.064
4606.49329650403  3725.823
4607.5288143158  3801.465
4608.56433212758  3947.291
4609.59984993935  4031.815
4610.63536775113  4064.865
4611.6708855629  4038.956
4612.70640337468  3987.945
4613.74192118645  3931.235
4614.77743899823  3910.152
4615.81295681001  3843.414
4616.84847462178  3853.969
4617.88399243355  3984.873
4618.91951024533  3994.864
4619.9550280571  3973.241
4620.99054586888  3916.229
4622.02606368066  3911.6
4623.06158149243  4040.178
4624.09709930421  4079.98
4625.13261711598  4035.42
4626.16813492776  4017.047
4627.20365273953  3963.86
4628.23917055131  3998.449
4629.27468836308  4033.038
4630.31020617486  4067.626
4631.34572398663  4102.215
4632.38124179841  4136.804
4633.41675961018  4171.393
4634.45227742196  4205.981
4635.48779523373  4240.57
4636.52331304551  4275.159
4637.55883085728  4040.092
4638.59434866906  4005.171
4639.62986648084  3893.243
4640.66538429261  3828.638
4641.70090210439  3966.885
4642.73641991616  4085.007
4643.77193772793  4097.74
4644.80745553971  4145.837
4645.84297335149  4171.807
4646.87849116326  4077.504
4647.91400897504  3878.597
4648.94952678681  3832.92
4649.98504459859  3843.896
4651.02056241036  3714.214
4652.05608022214  3584.531
4653.09159803391  3454.848
4654.12711584569  3325.165
4655.16263365746  3195.482
4656.19815146924  3065.8
4657.23366928101  4051.639
4658.26918709279  3930.523
4659.30470490456  3799.173
4660.34022271634  3667.822
4661.37574052811  3536.472
4662.41125833989  3405.121
4663.44677615166  3273.771
4664.48229396344  3142.42
4665.51781177522  4239.178
4666.55332958699  4009.186
4667.58884739877  3939.999
4668.62436521054  3856.211
4669.65988302232  3695.413
4670.69540083409  3726.177
4671.73091864587  4004.742
4672.76643645764  4120.731
4673.80195426942  4111.209
4674.83747208119  4116.5
4675.87298989297  4031.118
4676.90850770474  4133.743
4677.94402551652  4318.092
4678.97954332829  4342.542
4680.01506114007  4274.955
4681.05057895184  4127.026
4682.08609676362  4063.869
4683.12161457539  4059.88
4684.15713238717  4104.508
4685.19265019894  4186.345
4686.22816801072  4244.125
4687.26368582249  4312.071
4688.29920363427  4301.323
4689.33472144604  4226.883
4690.37023925782  4213.558
4691.40575706959  4270.837
4692.44127488137  4240.897
4693.47679269315  4157.358
4694.51231050492  4223.892
4695.5478283167  4308.841
4696.58334612847  4382.416
4697.61886394025  4453.819
4698.65438175202  4419.381
4699.6898995638  4260.264
4700.72541737557  4144.941
4701.76093518735  4092.022
4702.79645299912  4060.92
4703.8319708109  4075.618
4704.86748862267  4045.488
4705.90300643445  4055.306
4706.93852424622  4220.416
4707.974042058  4276.397
4709.00955986977  4176.336
4710.04507768155  4099.569
4711.08059549332  4066.572
4712.1161133051  4208.216
4713.15163111687  4386.984
4714.18714892865  4389.291
4715.22266674042  4307.59
4716.2581845522  4270.826
4717.29370236398  4333.798
4718.32922017575  4460.74
4719.36473798753  4538.632
4720.4002557993  4550.31
4721.43577361108  4588.752
4722.47129142285  4643.174
4723.50680923463  4586.5
4724.5423270464  4561.557
4725.57784485818  4626.855
4726.61336266995  4622.717
4727.64888048173  4615.31
4728.6843982935  4386.947
4729.71991610528  4204.171
4730.75543391705  4241.06
4731.79095172883  4277.966
4732.8264695406  4322.183
4733.86198735238  4371.82
4734.89750516415  4461.033
4735.93302297593  4479.051
4736.96854078771  4452.375
4738.00405859948  4395.838
4739.03957641126  4386.665
4740.07509422303  4458.694
4741.11061203481  4582.267
4742.14612984658  4613.04
4743.18164765836  4609.446
4744.21716547013  4614.319
4745.25268328191  4679.995
4746.28820109368  4691.036
4747.32371890546  4724.85
4748.35923671723  4713.436
4749.39475452901  4758.058
4750.43027234078  4757.664
4751.46579015256  4668.965
4752.50130796433  4611.428
4753.53682577611  4651.839
4754.57234358788  4670.165
4755.60786139966  4626.96
4756.64337921143  4649.009
4757.67889702321  4604.939
4758.71441483498  4592.34
4759.74993264676  4601.829
4760.78545045853  4612.646
4761.82096827031  4616.597
4762.85648608208  4581.86
4763.89200389386  4540.388
4764.92752170564  4430.467
4765.96303951741  4373.545
4766.99855732919  4371.253
4768.03407514096  4384.839
4769.06959295274  4520.479
4770.10511076451  4667.952
4771.14062857629  4771.021
4772.17614638806  4758.101
4773.21166419984  4719.206
4774.24718201161  4691.019
4775.28269982339  4789.737
4776.31821763516  4932.479
4777.35373544694  4904.696
4778.38925325871  4753.978
4779.42477107049  4787.633
4780.46028888226  4831.067
4781.49580669404  4795.876
4782.53132450581  4789.573
4783.56684231759  4823.246
4784.60236012936  4721.354
4785.63787794114  4634.254
4786.67339575291  4679.585
4787.70891356469  4756.55
4788.74443137646  4677.223
4789.77994918824  4625.318
4790.81546700002  4685.075
4791.85098481179  4742.051
4792.88650262357  4779.877
4793.92202043534  4757.317
4794.95753824712  4849.653
4795.99305605889  4992.394
4797.02857387067  5025.187
4798.06409168244  5052.991
4799.09960949422  4993.763
4800.13512730599  4799.388
4801.17064511777  4720.584
4802.20616292954  4842.225
4803.24168074132  4927.421
4804.27719855309  5016.735
4805.31271636487  4968.875
4806.34823417664  4897.575
4807.38375198842  4866.164
4808.41926980019  4912.081
4809.45478761197  4879.702
4810.49030542375  4969.472
4811.52582323552  5005.093
4812.5613410473  4977.275
4813.59685885907  4973.997
4814.63237667085  5032.102
4815.66789448262  4947.933
4816.7034122944  4965.266
4817.73893010617  5037.018
4818.77444791795  5087.749
4819.80996572972  5143.744
4820.8454835415  5122.53
4821.88100135327  5108.307
4822.91651916505  5014.508
4823.95203697682  4959.505
4824.9875547886  4860.028
4826.02307260037  4864.731
4827.05859041215  4916.875
4828.09410822392  5097.38
4829.1296260357  5090.214
4830.16514384747  5093.044
4831.20066165925  5033.353
4832.23617947102  4842.859
4833.2716972828  4901.768
4834.30721509457  5045.336
4835.34273290635  5032.821
4836.37825071813  5046.732
4837.4137685299  5042.545
4838.44928634168  5128.342
4839.48480415345  5127.801
4840.52032196523  5017.711
4841.555839777  4936.375
4842.59135758878  4925.846
4843.62687540055  4870.507
4844.66239321233  4977.01
4845.6979110241  5069.065
4846.73342883588  5214.052
4847.76894664765  5130.572
4848.80446445943  5108.218
4849.8399822712  5040.653
4850.87550008298  5081.086
4851.91101789475  5081.798
4852.94653570653  5163.135
4853.9820535183  5132.687
4855.01757133008  5112.51
4856.05308914185  4959.125
4857.08860695363  4914.859
4858.1241247654  4872.843
4859.15964257718  5013.36
4860.19516038895  4885.283
4861.23067820073  4562.791
4862.2661960125  4048.953
4863.30171382428  3823.866
4864.33723163606  3934.781
4865.37274944783  4405.75
4866.40826725961  4803.562
4867.44378507138  4938.218
4868.47930288316  5009.789
4869.51482069493  5028.002
4870.55033850671  5058.31
4871.58585631848  5000.159
4872.62137413026  4680.488
4873.65689194203  4646.029
4874.69240975381  4731.653
4875.72792756558  4919.561
4876.76344537736  5042.283
4877.79896318913  5010.553
4878.83448100091  5055.926
4879.86999881268  5188.783
4880.90551662446  5266.78
4881.94103443623  5234.939
4882.97655224801  5217.568
4884.01207005978  5150.164
4885.04758787156  5164.902
4886.08310568334  5140.63
4887.11862349511  5052.372
4888.15414130688  5034.437
4889.18965911866  4999.742
4890.22517693044  4933.496
4891.26069474221  4933.637
4892.29621255399  4724.189
4893.33173036576  4750.843
4894.36724817754  4995.32
4895.40276598931  5180.526
4896.43828380109  5607.026
4897.47380161286  5827.294
4898.50931942464  5603.208
4899.54483723641  5554.742
4900.58035504819  5470.014
4901.61587285996  5400.323
4902.65139067174  5396.991
4903.68690848351  5352.77
4904.72242629529  5352.189
4905.75794410706  5319.569
4906.79346191884  5503.454
4907.82897973062  5617.979
4908.86449754239  5502.014
4909.90001535417  5375.393
4910.93553316594  5261.976
4911.97105097772  5192.074
4913.00656878949  5134.41
4914.04208660127  5180.021
4915.07760441304  5274.163
4916.11312222482  5402.468
4917.14864003659  5633.73
4918.18415784837  5560.037
4919.21967566014  5344.279
4920.25519347192  4985.002
4921.29071128369  4728.677
4922.32622909547  4628.464
4923.36174690724  4892.717
4924.39726471902  5045.807
4925.43278253079  5234.759
4926.46830034257  5229.953
4927.50381815434  5330.962
4928.53933596612  5392.356
4929.57485377789  5389.731
4930.61037158967  5529.231
4931.64588940144  5540.059
4932.68140721322  5638.351
4933.71692502499  5558.785
4934.75244283677  5364.903
4935.78796064855  5179.387
4936.82347846032  5279.021
4937.8589962721  5391.264
4938.89451408387  5338.591
4939.93003189565  5167.679
4940.96554970742  5076.091
4942.0010675192  5219.766
4943.03658533097  5413.071
4944.07210314275  5581.871
4945.10762095452  5620.217
4946.1431387663  5687.214
4947.17865657807  5595.024
4948.21417438985  5570.32
4949.24969220162  5823.083
4950.2852100134  5869.482
4951.32072782517  5732.578
4952.35624563695  5788.354
4953.39176344872  5734.103
4954.4272812605  5679.261
4955.46279907228  5770.114
4956.49831688405  5682.056
4957.53383469583  5565.823
4958.5693525076  5321.99
4959.60487031937  5077.6
4960.64038813115  5159.406
4961.67590594293  5702.711
4962.7114237547  5934.899
4963.74694156648  5872.683
4964.78245937825  5877.872
4965.81797719003  5746.876
4966.8534950018  5608.956
4967.88901281358  5542.505
4968.92453062535  5594.863
4969.96004843713  5565.671
4970.9955662489  5559.742
4972.03108406068  5636.219
4973.06660187245  5632.542
4974.10211968423  5722.141
4975.137637496  5755.261
4976.17315530778  5830.53
4977.20867311955  5926.143
4978.24419093133  5778.351
4979.27970874311  5748.767
4980.31522655488  5522.18
4981.35074436666  5589.725
4982.38626217843  5549.343
4983.42177999021  5445.908
4984.45729780198  5222.874
4985.49281561376  5063.978
4986.52833342553  5283.413
4987.56385123731  5414.993
4988.59936904908  5666.563
4989.63488686086  5772.853
4990.67040467263  5786.421
4991.70592248441  5677.816
4992.74144029618  5550.713
4993.77695810796  5610.777
4994.81247591973  5653.747
4995.84799373151  5690.835
4996.88351154328  5698.122
4997.91902935506  5752.71
4998.95454716683  5797.102
4999.99006497861  5679.342
5001.02558279038  5581.646
5002.06110060216  5517.383
5003.09661841393  5543.456
5004.13213622571  5512.222
5005.16765403749  5539.224
5006.20317184926  5390.767
5007.23868966104  5305.147
5008.27420747281  5267.043
5009.30972528459  5414.979
5010.34524309636  5723.891
5011.38076090814  5771.701
5012.41627871991  5571.639
5013.45179653169  5453.291
5014.48731434346  5389.803
5015.52283215524  5233.44
5016.55834996701  5182.2
5017.59386777879  5278.064
5018.62938559056  5442.966
5019.66490340234  5390.248
5020.70042121411  5415.012
5021.73593902589  5552.661
5022.77145683766  5613.099
5023.80697464944  5635.189
5024.84249246121  5530.729
5025.87801027299  5559.004
5026.91352808477  5646.952
5027.94904589654  5696.017
5028.98456370832  5722.374
5030.02008152009  5768.845
5031.05559933187  5793.345
5032.09111714364  5799.844
5033.12663495542  5924.13
5034.16215276719  5995.551
5035.19767057897  5939.583
5036.23318839074  5904.478
5037.26870620252  5782.855
5038.30422401429  5589.58
5039.33974182607  5646.748
5040.37525963784  5598.091
5041.41077744962  5236.742
5042.44629526139  5034.958
5043.48181307317  4992.476
5044.51733088494  5298.273
5045.55284869672  5616.699
5046.58836650849  5900.681
5047.62388432027  6142.935
5048.65940213204  6191.323
5049.69491994382  5846.531
5050.73043775559  5645.143
5051.76595556737  5630.048
5052.80147337914  5692.689
5053.83699119092  5740.948
5054.8725090027  5960.868
5055.90802681447  6112.927
5056.94354462625  6106.037
5057.97906243802  6153.683
5059.0145802498  6258.763
5060.05009806157  6214.011
5061.08561587335  6117.173
5062.12113368512  6142.604
5063.1566514969  6311.464
5064.19216930867  6240.643
5065.22768712045  6091.818
5066.26320493222  5831.929
5067.298722744  5684.942
5068.33424055577  5795.588
5069.36975836755  5802.574
5070.40527617932  5832.02
5071.4407939911  5913.113
5072.47631180287  5986.579
5073.51182961465  5877.436
5074.54734742642  5936.393
5075.5828652382  5911.842
5076.61838304997  5889.229
5077.65390086175  5934.526
5078.68941867353  5976.324
5079.7249364853  5882.953
5080.76045429708  5739.201
5081.79597210885  5456.934
5082.83148992063  5524.64
5083.8670077324  5749.797
5084.90252554418  5790.005
5085.93804335595  5793.875
5086.97356116773  5957.641
5088.0090789795  6031.469
5089.04459679128  5975.458
5090.08011460305  5948.752
5091.11563241483  6056.551
5092.1511502266  6106.117
5093.18666803838  6232.268
5094.22218585015  6290.012
5095.25770366193  6235.056
5096.2932214737  6271.075
5097.32873928548  6217.855
5098.36425709726  6089.001
5099.39977490903  5861.923
5100.4352927208  5562.365
5101.47081053258  5595.62
5102.50632834435  5941.547
5103.54184615613  6149.
5104.5773639679  6134.774
5105.61288177968  6160.769
5106.64839959146  6095.877
5107.68391740323  5992.755
5108.71943521501  5918.931
5109.75495302678  5903.582
5110.79047083856  5912.75
5111.82598865033  5902.955
5112.86150646211  5938.316
5113.89702427388  6138.346
5114.93254208566  6255.064
5115.96805989743  6350.041
5117.00357770921  6299.163
5118.03909552098  6233.162
5119.07461333276  6321.215
5120.11013114453  6432.135
5121.14564895631  6390.84
5122.18116676808  6257.632
5123.21668457986  6150.021
5124.25220239163  6007.202
5125.28772020341  5865.076
5126.32323801518  5892.969
5127.35875582696  5798.74
5128.39427363874  5800.43
5129.42979145051  5894.577
5130.46530926228  5870.045
5131.50082707406  5850.939
5132.53634488584  5971.48
5133.57186269761  6094.917
5134.60738050939  6125.234
5135.64289832116  6263.986
5136.67841613294  6359.668
5137.71393394471  6268.154
5138.74945175649  6140.886
5139.78496956826  5962.761
5140.82048738004  5862.768
5141.85600519181  5861.766
5142.89152300359  5968.209
5143.92704081536  5930.074
5144.96255862714  5834.986
5145.99807643891  5908.844
5147.03359425069  5997.783
5148.06911206246  5948.634
5149.10462987424  5948.173
5150.14014768601  5893.36
5151.17566549779  6065.79
5152.21118330956  6164.281
5153.24670112134  6046.292
5154.28221893312  5951.979
5155.31773674489  5957.646
5156.35325455667  6066.331
5157.38877236844  6137.903
5158.42429018022  6219.41
5159.45980799199  6420.485
5160.49532580377  6535.38
5161.53084361554  6489.312
5162.56636142732  6360.084
5163.60187923909  6274.358
5164.63739705087  6201.895
5165.67291486264  6140.438
5166.70843267442  5901.132
5167.74395048619  5331.063
5168.77946829797  4730.658
5169.81498610974  4590.326
5170.85050392152  4911.167
5171.88602173329  5237.843
5172.92153954507  5061.158
5173.95705735684  4560.131
5174.99257516862  4436.311
5176.02809298039  5000.913
5177.06361079217  5758.002
5178.09912860395  6200.25
5179.13464641572  6433.629
5180.1701642275  6467.124
5181.20568203927  6422.684
5182.24119985104  6252.669
5183.27671766282  5728.048
5184.3122354746  4957.523
5185.34775328637  4445.195
5186.38327109815  4573.424
5187.41878890992  5230.438
5188.4543067217  5986.124
5189.48982453347  6315.395
5190.52534234525  6303.886
5191.56086015702  6297.52
5192.5963779688  6265.192
5193.63189578057  6094.826
5194.66741359235  5949.356
5195.70293140412  5950.021
5196.7384492159  6133.24
5197.77396702767  6264.051
5198.80948483945  6381.846
5199.84500265123  6529.755
5200.880520463  6662.668
5201.91603827478  6710.278
5202.95155608655  6622.534
5203.98707389833  6447.67
5205.0225917101  6332.73
5206.05810952188  6206.632
5207.09362733365  5986.545
5208.12914514543  5867.153
5209.1646629572  5843.134
5210.20018076898  5876.138
5211.23569858075  5933.869
5212.27121639253  6107.365
5213.3067342043  6334.174
5214.34225201608  6624.419
5215.37776982785  6799.957
5216.41328763963  6727.528
5217.4488054514  6546.144
5218.48432326318  6418.53
5219.51984107495  6448.891
5220.55535888673  6659.52
5221.59087669851  6838.233
5222.62639451028  6937.855
5223.66191232205  6864.35
5224.69743013383  6668.693
5225.73294794561  6635.2
5226.76846575738  6261.714
5227.80398356916  5898.727
5228.83950138093  5935.553
5229.87501919271  6112.956
5230.91053700448  6365.579
5231.94605481626  6591.502
5232.98157262803  6706.009
5234.01709043981  6631.849
5235.05260825158  6645.515
5236.08812606336  6659.18
5237.12364387513  6672.846
5238.15916168691  6686.512
5239.19467949868  6700.177
5240.23019731046  6713.843
5241.26571512223  6727.508
5242.30123293401  6741.174
5243.33675074578  6754.84
5244.37226855756  6768.505
5245.40778636933  6782.171
5246.44330418111  6795.836
5247.47882199288  6809.502
5248.51433980466  6823.168
5249.54985761644  6836.833
5250.58537542821  6850.499
5251.62089323999  6864.165
5252.65641105176  6877.831
5253.69192886354  6891.496
5254.72744667531  6905.162
5255.76296448709  6669.889
5256.79848229886  6720.292
5257.83400011064  6835.529
5258.86951792241  6886.886
5259.90503573419  7144.972
5260.94055354596  7244.621
5261.97607135774  7060.025
5263.01158916951  6776.771
5264.04710698129  6519.882
5265.08262479306  6220.615
5266.11814260484  6022.838
5267.15366041661  6077.638
5268.18917822839  6132.437
5269.22469604016  6187.237
5270.26021385194  6242.036
5271.29573166372  6296.836
5272.33124947549  6351.635
5273.36676728726  6406.435
5274.40228509904  6637.931
5275.43780291081  6727.621
5276.47332072259  6648.272
5277.50883853437  6445.638
5278.54435634614  6719.917
5279.57987415792  7083.126
5280.61539196969  7250.012
5281.65090978147  7288.216
5282.68642759324  7085.758
5283.72194540502  6810.194
5284.75746321679  6594.456
5285.79298102857  6671.677
5286.82849884034  7002.286
5287.86401665212  7171.103
5288.89953446389  7327.82
5289.93505227567  7343.344
5290.97057008744  7361.657
5292.00608789922  7387.68
5293.041605711  7400.57
5294.07712352277  7329.183
5295.11264133454  7301.594
5296.14815914632  7169.785
5297.1836769581  7330.583
5298.21919476987  7002.819
5299.25471258165  6613.368
5300.29023039342  6513.409
5301.3257482052  6696.919
5302.36126601697  6826.25
5303.39678382875  6976.425
5304.43230164052  7046.847
5305.4678194523  7150.411
5306.50333726407  7414.337
5307.53885507585  7470.663
5308.57437288762  7305.437
5309.6098906994  7210.034
5310.64540851117  7227.819
5311.68092632295  7336.061
5312.71644413472  7421.791
5313.7519619465  7465.866
5314.78747975827  7440.049
5315.82299757005  7357.326
5316.85851538182  7263.904
5317.8940331936  7347.596
5318.92955100537  7305.209
5319.96506881715  7270.13
5321.00058662892  7173.317
5322.0361044407  7206.607
5323.07162225248  7302.921
5324.10714006425  7198.976
5325.14265787602  7115.185
5326.1781756878  6885.304
5327.21369349958  6836.409
5328.24921131135  6782.623
5329.28472912313  6330.792
5330.3202469349  6073.312
5331.35576474668  6302.568
5332.39128255845  6763.157
5333.42680037023  7043.061
5334.462318182  7122.758
5335.49783599378  7250.191
5336.53335380555  7377.392
5337.56887161733  7348.5
5338.6043894291  7286.569
5339.63990724088  7272.245
5340.67542505265  7206.033
5341.71094286443  6991.571
5342.7464606762  6824.333
5343.78197848798  6880.989
5344.81749629975  7056.496
5345.85301411153  7244.401
5346.8885319233  7281.069
5347.92404973508  7202.514
5348.95956754685  7119.534
5349.99508535863  7046.123
5351.03060317041  6999.308
5352.06612098218  7162.187
5353.10163879396  7351.183
5354.13715660573  7415.528
5355.17267441751  7453.953
5356.20819222928  7399.366
5357.24371004106  7509.545
5358.27922785283  7661.031
5359.31474566461  7609.482
5360.35026347638  7563.34
5361.38578128816  7575.636
5362.42129909993  7501.967
5363.45681691171  7393.149
5364.49233472348  7330.272
5365.52785253526  7232.763
5366.56337034703  7229.65
5367.59888815881  7734.876
5368.63440597059  7826.214
5369.66992378236  7335.527
5370.70544159413  7022.61
5371.74095940591  6909.531
5372.77647721769  6786.909
5373.81199502946  6761.877
5374.84751284124  7047.853
5375.88303065301  7328.065
5376.91854846479  7478.562
5377.95406627656  7542.878
5378.98958408834  7517.813
5380.02510190011  7423.184
5381.06061971189  7446.866
5382.09613752366  7463.239
5383.13165533544  7374.884
5384.16717314721  7295.286
5385.20269095899  7257.144
5386.23820877076  7328.34
5387.27372658254  7463.183
5388.30924439431  7566.932
5389.34476220609  7425.077
5390.38028001786  7438.832
5391.41579782964  7387.477
5392.45131564141  7281.052
5393.48683345319  7236.089
5394.52235126497  7146.039
5395.55786907674  7221.582
5396.59338688851  7171.25
5397.62890470029  6947.6
5398.66442251207  6810.52
5399.69994032384  6822.327
5400.73545813562  6913.773
5401.77097594739  6985.583
5402.80649375917  7253.75
5403.84201157094  7297.474
5404.87752938272  7233.867
5405.91304719449  6933.042
5406.94856500627  6739.916
5407.98408281804  6771.85
5409.01960062982  6892.089
5410.05511844159  6905.667
5411.09063625337  6900.027
5412.12615406514  6866.771
5413.16167187692  7050.107
5414.1971896887  7281.559
5415.23270750047  7304.78
5416.26822531224  7355.711
5417.30374312402  7368.272
5418.33926093579  7390.123
5419.37477874757  7504.404
5420.41029655934  7467.294
5421.44581437112  7325.875
5422.4813321829  7289.162
5423.51684999467  7369.648
5424.55236780645  7287.672
5425.58788561822  7151.581
5426.62340343  7082.623
5427.65892124177  7329.565
5428.69443905355  7444.926
5429.72995686532  7363.467
5430.7654746771  7107.644
5431.80099248887  6895.822
5432.83651030065  6894.162
5433.87202811242  7107.032
5434.9075459242  7069.645
5435.94306373597  6971.727
5436.97858154775  6907.313
5438.01409935952  7020.397
5439.0496171713  7297.577
5440.08513498307  7384.118
5441.12065279485  7577.504
5442.15617060662  7619.253
5443.1916884184  7687.72
5444.22720623018  7642.268
5445.26272404195  7570.269
5446.29824185373  7402.677
5447.3337596655  7112.881
5448.36927747727  6909.774
5449.40479528905  6932.969
5450.44031310083  7167.861
5451.4758309126  7417.842
5452.51134872438  7556.252
5453.54686653615  7623.163
5454.58238434793  7655.104
5455.6179021597  7367.585
5456.65341997148  7009.738
5457.68893778325  6936.987
5458.72445559503  7111.062
5459.7599734068  7398.858
5460.79549121858  7549.337
5461.83100903035  7578.222
5462.86652684213  7531.351
5463.9020446539  7321.212
5464.93756246568  7158.331
5465.97308027745  7285.604
5467.00859808923  7331.03
5468.044115901  7361.592
5469.07963371278  7392.73
5470.11515152456  7354.138
5471.15066933633  7428.824
5472.18618714811  7367.286
5473.22170495988  7353.911
5474.25722277166  7421.212
5475.29274058343  7424.503
5476.32825839521  7238.184
5477.36377620698  6993.015
5478.39929401876  6894.564
5479.43481183053  6817.184
5480.47032964231  6986.645
5481.50584745408  7269.825
5482.54136526586  7286.316
5483.57688307763  7113.543
5484.61240088941  7020.98
5485.64791870118  7192.43
5486.68343651296  7404.866
5487.71895432473  7384.021
5488.75447213651  7354.286
5489.78998994828  7243.028
5490.82550776006  7142.448
5491.86102557183  7238.815
5492.89654338361  7378.718
5493.93206119539  7434.839
5494.96757900716  7500.959
5496.00309681894  7341.309
5497.03861463071  7214.045
5498.07413244249  7236.624
5499.10965025426  7199.439
5500.14516806604  7224.675
5501.18068587781  7267.198
5502.21620368959  7251.203
5503.25172150136  7217.592
5504.28723931314  7124.795
5505.32275712491  7382.565
5506.35827493669  7587.125
5507.39379274846  7390.558
5508.42931056024  7193.857
5509.46482837201  6980.354
5510.50034618379  7150.993
5511.53586399556  7419.989
5512.57138180734  7336.709
5513.60689961911  7095.304
5514.64241743089  6917.313
5515.67793524266  6805.473
5516.71345305444  7006.824
5517.74897086621  7210.905
5518.78448867799  7239.399
5519.82000648976  7382.716
5520.85552430154  7566.381
5521.89104211332  7515.638
5522.92655992509  7356.513
5523.96207773687  7280.686
5524.99759554864  7355.06
5526.03311336042  7359.439
5527.06863117219  7433.824
5528.10414898397  7240.232
5529.13966679574  6894.091
5530.17518460752  6803.51
5531.21070241929  6794.077
5532.24622023107  7077.045
5533.28173804284  7271.114
5534.31725585462  7297.472
5535.35277366639  7281.604
5536.38829147817  7141.143
5537.42380928994  7075.171
5538.45932710172  7179.734
5539.49484491349  7230.669
5540.53036272527  7207.617
5541.56588053704  7166.432
5542.60139834882  7246.886
5543.6369161606  7279.239
5544.67243397237  7242.827
5545.70795178415  7231.396
5546.74346959592  7209.105
5547.77898740769  7157.105
5548.81450521947  7183.829
5549.85002303125  7265.845
5550.88554084302  7428.771
5551.9210586548  7455.075
5552.95657646657  7420.871
5553.99209427835  7305.612
5555.02761209012  7182.649
5556.0631299019  7165.314
5557.09864771367  7200.649
5558.13416552545  7164.22
5559.16968333722  7111.221
5560.205201149  7189.138
5561.24071896077  7225.64
5562.27623677255  7156.472
5563.31175458432  7104.865
5564.3472723961  7070.429
5565.38279020787  7023.647
5566.41830801965  7093.192
5567.45382583142  7103.633
5568.4893436432  6954.931
5569.52486145497  6895.244
5570.56037926675  6951.864
5571.59589707853  7021.121
5572.6314148903  6971.829
5573.66693270208  6886.571
5574.70245051385  6289.261
5575.73796832563  6348.963
5576.7734861374  6401.328
5577.80900394918  6066.657
5578.84452176095  6128.84
5579.88003957273  6273.39
5580.9155573845  6727.7
5581.95107519628  7411.417
5582.98659300805  7175.844
5584.02211081983  7150.314
5585.0576286316  7089.075
5586.09314644338  7062.999
5587.12866425516  6863.123
5588.16418206693  6700.983
5589.1996998787  6444.072
5590.23521769048  6318.128
5591.27073550225  6486.038
5592.30625331403  6556.903
5593.3417711258  6616.921
5594.37728893758  6711.16
5595.41280674936  6637.016
5596.44832456113  6488.132
5597.48384237291  6707.241
5598.51936018468  6955.96
5599.55487799646  6679.183
5600.59039580823  6494.348
5601.62591362001  6535.254
5602.66143143178  6483.122
5603.69694924356  6369.389
5604.73246705533  6337.359
5605.76798486711  6513.332
5606.80350267888  6719.761
5607.83902049066  6882.459
5608.87453830243  6994.384
5609.91005611421  7003.596
5610.94557392598  6921.082
5611.98109173776  6930.036
5613.01660954954  6882.531
5614.05212736131  6859.702
5615.08764517308  6806.895
5616.12316298486  6701.494
5617.15868079664  6394.734
5618.19419860841  6136.71
5619.22971642018  6300.708
5620.26523423196  6488.489
5621.30075204374  6585.953
5622.33626985551  6563.378
5623.37178766729  6603.923
5624.40730547906  6606.351
5625.44282329084  6516.54
5626.47834110261  6372.267
5627.51385891439  6245.532
5628.54937672616  6288.719
5629.58489453794  6441.377
5630.62041234971  6442.868
5631.65593016149  6509.123
5632.69144797326  6601.643
5633.72696578504  6569.587
5634.76248359681  6531.387
5635.79800140859  6531.189
5636.83351922036  6492.586
5637.86903703214  6361.729
5638.90455484392  6240.164
5639.94007265569  6098.179
5640.97559046746  6165.401
5642.01110827924  6260.816
5643.04662609102  6209.804
5644.08214390279  6119.696
5645.11766171456  6073.467
5646.15317952634  6120.396
5647.18869733812  6159.314
5648.22421514989  6142.116
5649.25973296167  6138.833
5650.29525077344  6164.235
5651.33076858522  6201.758
5652.36628639699  6167.666
5653.40180420877  6127.844
5654.43732202054  6027.631
5655.47283983232  5974.746
5656.50835764409  6017.419
5657.54387545587  5915.333
5658.57939326764  5822.554
5659.61491107942  5694.828
5660.65042889119  5517.975
5661.68594670297  5547.067
5662.72146451474  5639.866
5663.75698232652  5679.343
5664.7925001383  5662.471
5665.82801795007  5694.532
5666.86353576185  5655.703
5667.89905357362  5811.625
5668.9345713854  5793.931
5669.97008919717  5605.839
5671.00560700895  5658.79
5672.04112482072  5704.201
5673.0766426325  5718.188
5674.11216044427  5682.467
5675.14767825605  5864.825
5676.18319606782  5750.53
5677.2187138796  5603.408
5678.25423169137  5585.105
5679.28974950315  5654.354
5680.32526731492  5542.137
5681.3607851267  5463.214
5682.39630293847  5428.211
5683.43182075025  5326.378
5684.46733856202  5345.775
5685.5028563738  5278.319
5686.53837418557  5151.779
5687.57389199735  5143.471
5688.60940980912  5111.629
5689.6449276209  5048.793
5690.68044543267  5022.662
5691.71596324445  4981.325
5692.75148105623  5002.209
5693.786998868  4956.162
5694.82251667978  4947.159
5695.85803449155  5034.483
5696.89355230333  4976.214
5697.9290701151  4985.075
5698.96458792688  5003.404
5700.00010573865  4935.104
