3630.00000000001  0.73906
3631.03551781178  0.73731
3632.07103562356  0.73263
3633.10655343533  0.72308
3634.14207124711  0.70697
3635.17758905888  0.68375
3636.21310687066  0.65474
3637.24862468243  0.62319
3638.28414249421  0.59341
3639.31966030598  0.56949
3640.35517811776  0.55387
3641.39069592954  0.54638
3642.42621374131  0.54436
3643.46173155308  0.54349
3644.49724936486  0.53928
3645.53276717664  0.52826
3646.56828498841  0.50867
3647.60380280019  0.48069
3648.63932061196  0.44623
3649.67483842374  0.40871
3650.71035623551  0.37244
3651.74587404729  0.34197
3652.78139185906  0.32112
3653.81690967084  0.31204
3654.85242748261  0.31458
3655.88794529439  0.32619
3656.92346310616  0.34253
3657.95898091794  0.35862
3658.99449872971  0.37023
3660.03001654149  0.37505
3661.06553435326  0.37328
3662.10105216504  0.36715
3663.13656997681  0.35990
3664.17208778859  0.35419
3665.20760560036  0.35123
3666.24312341214  0.35075
3667.27864122391  0.35185
3668.31415903569  0.35426
3669.34967684747  0.35900
3670.38519465924  0.36813
3671.42071247102  0.38370
3672.45623028279  0.40653
3673.49174809457  0.43553
3674.52726590634  0.46789
3675.56278371812  0.50010
3676.59830152989  0.52908
3677.63381934167  0.55309
3678.66933715344  0.57187
3679.70485496522  0.58622
3680.74037277699  0.59729
3681.77589058877  0.60585
3682.81140840054  0.61203
3683.84692621232  0.61550
3684.88244402409  0.61597
3685.91796183587  0.61368
3686.95347964764  0.60968
3687.98899745942  0.60540
3689.02451527119  0.60223
3690.06003308297  0.60088
3691.09555089475  0.60125
3692.13106870652  0.60262
3693.16658651829  0.60416
3694.20210433007  0.60536
3695.23762214185  0.60607
3696.27313995362  0.60648
3697.30865776540  0.60697
3698.34417557717  0.60795
3699.37969338895  0.61008
3700.41521120072  0.61418
3701.45072901250  0.62112
3702.48624682427  0.63152
3703.52176463605  0.64539
3704.55728244782  0.66200
3705.59280025960  0.67998
3706.62831807137  0.69783
3707.66383588315  0.71421
3708.69935369492  0.72849
3709.73487150670  0.74054
3710.77038931847  0.75060
3711.80590713025  0.75869
3712.84142494203  0.76419
3713.87694275380  0.76572
3714.91246056557  0.76155
3715.94797837735  0.75040
3716.98349618913  0.73235
3718.01901400090  0.70938
3719.05453181267  0.68531
3720.09004962445  0.66494
3721.12556743623  0.65287
3722.16108524800  0.65233
3723.19660305978  0.66440
3724.23212087155  0.68793
3725.26763868333  0.72004
3726.30315649510  0.75685
3727.33867430688  0.79434
3728.37419211865  0.82890
3729.40970993043  0.85766
3730.44522774220  0.87858
3731.48074555398  0.89050
3732.51626336575  0.89298
3733.55178117753  0.88637
3734.58729898930  0.87170
3735.62281680108  0.85066
3736.65833461285  0.82550
3737.69385242463  0.79894
3738.72937023640  0.77393
3739.76488804818  0.75341
3740.80040585996  0.73982
3741.83592367173  0.73471
3742.87144148351  0.73827
3743.90695929528  0.74911
3744.94247710706  0.76437
3745.97799491883  0.78007
3747.01351273061  0.79195
3748.04903054238  0.79645
3749.08454835416  0.79179
3750.12006616593  0.77864
3751.15558397771  0.76020
3752.19110178948  0.74153
3753.22661960126  0.72807
3754.26213741303  0.72400
3755.29765522481  0.73079
3756.33317303658  0.74669
3757.36869084836  0.76730
3758.40420866013  0.78702
3759.43972647191  0.80081
3760.47524428368  0.80560
3761.51076209546  0.80084
3762.54627990723  0.78814
3763.58179771901  0.77020
3764.61731553078  0.74947
3765.65283334256  0.72715
3766.68835115434  0.70275
3767.72386896611  0.67480
3768.75938677789  0.64206
3769.79490458966  0.60522
3770.83042240144  0.56764
3771.86594021321  0.53511
3772.90145802499  0.51419
3773.93697583676  0.50974
3774.97249364854  0.52289
3776.00801146031  0.55027
3777.04352927209  0.58477
3778.07904708386  0.61778
3779.11456489564  0.64184
3780.15008270741  0.65277
3781.18560051919  0.65057
3782.22111833096  0.63892
3783.25663614274  0.62333
3784.29215395451  0.60889
3785.32767176629  0.59841
3786.36318957806  0.59155
3787.39870738984  0.58571
3788.43422520161  0.57762
3789.46974301339  0.56543
3790.50526082516  0.54990
3791.54077863694  0.53432
3792.57629644872  0.52309
3793.61181426049  0.51983
3794.64733207227  0.52590
3795.68284988404  0.54009
3796.71836769582  0.55941
3797.75388550759  0.58054
3798.78940331937  0.60117
3799.82492113114  0.62037
3800.86043894292  0.63824
3801.89595675469  0.65489
3802.93147456647  0.66988
3803.96699237824  0.68185
3805.00251019002  0.68913
3806.03802800179  0.69042
3807.07354581357  0.68543
3808.10906362534  0.67497
3809.14458143712  0.66068
3810.18009924889  0.64451
3811.21561706067  0.62818
3812.25113487244  0.61285
3813.28665268422  0.59907
3814.32217049600  0.58707
3815.35768830777  0.57717
3816.39320611954  0.57027
3817.42872393132  0.56804
3818.46424174310  0.57279
3819.49975955487  0.58675
3820.53527736665  0.61123
3821.57079517842  0.64577
3822.60631299020  0.68791
3823.64183080197  0.73366
3824.67734861375  0.77859
3825.71286642552  0.81892
3826.74838423730  0.85243
3827.78390204907  0.87854
3828.81941986085  0.89792
3829.85493767262  0.91180
3830.89045548440  0.92132
3831.92597329617  0.92719
3832.96149110795  0.92972
3833.99700891972  0.92915
3835.03252673150  0.92589
3836.06804454327  0.92081
3837.10356235505  0.91518
3838.13908016682  0.91050
3839.17459797860  0.90810
3840.21011579037  0.90873
3841.24563360215  0.91240
3842.28115141393  0.91836
3843.31666922570  0.92542
3844.35218703748  0.93231
3845.38770484925  0.93810
3846.42322266103  0.94239
3847.45874047280  0.94534
3848.49425828458  0.94746
3849.52977609635  0.94931
3850.56529390813  0.95122
3851.60081171990  0.95319
3852.63632953168  0.95485
3853.67184734345  0.95573
3854.70736515523  0.95534
3855.74288296700  0.95330
3856.77840077878  0.94929
3857.81391859055  0.94294
3858.84943640233  0.93390
3859.88495421410  0.92194
3860.92047202588  0.90727
3861.95598983765  0.89076
3862.99150764943  0.87386
3864.02702546120  0.85832
3865.06254327298  0.84576
3866.09806108475  0.83717
3867.13357889653  0.83280
3868.16909670831  0.83223
3869.20461452008  0.83475
3870.24013233186  0.83967
3871.27565014363  0.84651
3872.31116795541  0.85489
3873.34668576718  0.86430
3874.38220357896  0.87401
3875.41772139073  0.88312
3876.45323920251  0.89099
3877.48875701428  0.89740
3878.52427482606  0.90271
3879.55979263783  0.90749
3880.59531044961  0.91204
3881.63082826138  0.91594
3882.66634607316  0.91799
3883.70186388493  0.91651
3884.73738169671  0.91012
3885.77289950849  0.89845
3886.80841732026  0.88268
3887.84393513203  0.86546
3888.87945294381  0.85027
3889.91497075558  0.84038
3890.95048856736  0.83780
3891.98600637914  0.84261
3893.02152419091  0.85308
3894.05704200269  0.86640
3895.09255981446  0.87961
3896.12807762624  0.89058
3897.16359543801  0.89820
3898.19911324979  0.90226
3899.23463106156  0.90300
3900.27014887334  0.90079
3901.30566668511  0.89603
3902.34118449689  0.88930
3903.37670230866  0.88151
3904.41222012044  0.87384
3905.44773793221  0.86753
3906.48325574399  0.86355
3907.51877355576  0.86247
3908.55429136754  0.86426
3909.58980917931  0.86839
3910.62532699109  0.87383
3911.66084480286  0.87923
3912.69636261464  0.88324
3913.73188042642  0.88479
3914.76739823819  0.88352
3915.80291604997  0.87991
3916.83843386174  0.87507
3917.87395167352  0.87034
3918.90946948529  0.86672
3919.94498729707  0.86454
3920.98050510884  0.86341
3922.01602292062  0.86261
3923.05154073239  0.86149
3924.08705854417  0.85993
3925.12257635594  0.85833
3926.15809416772  0.85741
3927.19361197949  0.85783
3928.22912979127  0.85978
3929.26464760304  0.86283
3930.30016541482  0.86611
3931.33568322659  0.86855
3932.37120103837  0.86938
3933.40671885014  0.86828
3934.44223666192  0.86548
3935.47775447369  0.86144
3936.51327228547  0.85650
3937.54879009724  0.85055
3938.58430790902  0.84288
3939.61982572080  0.83221
3940.65534353257  0.81714
3941.69086134435  0.79656
3942.72637915612  0.77022
3943.76189696790  0.73926
3944.79741477967  0.70634
3945.83293259145  0.67527
3946.86845040322  0.65038
3947.90396821500  0.63529
3948.93948602677  0.63195
3949.97500383855  0.63997
3951.01052165032  0.65670
3952.04603946210  0.67796
3953.08155727387  0.69916
3954.11707508565  0.71650
3955.15259289742  0.72792
3956.18811070920  0.73351
3957.22362852097  0.73518
3958.25914633275  0.73592
3959.29466414452  0.73855
3960.33018195630  0.74460
3961.36569976807  0.75367
3962.40121757985  0.76345
3963.43673539163  0.77048
3964.47225320340  0.77137
3965.50777101518  0.76394
3966.54328882695  0.74794
3967.57880663873  0.72511
3968.61432445050  0.69872
3969.64984226228  0.67261
3970.68536007405  0.65016
3971.72087788583  0.63358
3972.75639569760  0.62349
3973.79191350938  0.61902
3974.82743132115  0.61824
3975.86294913293  0.61867
3976.89846694470  0.61784
3977.93398475648  0.61397
3978.96950256825  0.60637
3980.00502038003  0.59574
3981.04053819180  0.58390
3982.07605600358  0.57320
3983.11157381535  0.56537
3984.14709162713  0.56083
3985.18260943891  0.55852
3986.21812725068  0.55654
3987.25364506246  0.55332
3988.28916287423  0.54859
3989.32468068601  0.54373
3990.36019849778  0.54115
3991.39571630956  0.54327
3992.43123412133  0.55148
3993.46675193311  0.56545
3994.50226974488  0.58330
3995.53778755666  0.60240
3996.57330536843  0.62049
3997.60882318021  0.63656
3998.64434099198  0.65116
3999.67985880376  0.66596
4000.71537661553  0.68277
4001.75089442731  0.70242
4002.78641223908  0.72412
4003.82193005086  0.74548
4004.85744786263  0.76347
4005.89296567441  0.77557
4006.92848348619  0.78097
4007.96400129796  0.78083
4008.99951910973  0.77786
4010.03503692151  0.77503
4011.07055473329  0.77420
4012.10607254506  0.77526
4013.14159035684  0.77638
4014.17710816861  0.77501
4015.21262598039  0.76945
4016.24814379216  0.75996
4017.28366160394  0.74885
4018.31917941571  0.73983
4019.35469722749  0.73639
4020.39021503926  0.74056
4021.42573285104  0.75191
4022.46125066281  0.76775
4023.49676847459  0.78383
4024.53228628636  0.79555
4025.56780409814  0.79912
4026.60332190991  0.79230
4027.63883972169  0.77491
4028.67435753346  0.74865
4029.70987534524  0.71681
4030.74539315701  0.68359
4031.78091096879  0.65339
4032.81642878057  0.62998
4033.85194659234  0.61582
4034.88746440412  0.61175
4035.92298221589  0.61700
4036.95850002767  0.62943
4037.99401783944  0.64620
4039.02953565122  0.66420
4040.06505346299  0.68049
4041.10057127477  0.69243
4042.13608908654  0.69789
4043.17160689832  0.69537
4044.20712471009  0.68413
4045.24264252187  0.66432
4046.27816033364  0.63689
4047.31367814542  0.60324
4048.34919595719  0.56472
4049.38471376897  0.52234
4050.42023158074  0.47664
4051.45574939252  0.42808
4052.49126720429  0.37741
4053.52678501607  0.32614
4054.56230282784  0.27653
4055.59782063962  0.23127
4056.63333845139  0.19296
4057.66885626317  0.16351
4058.70437407495  0.14369
4059.73989188672  0.13302
4060.77540969849  0.12984
4061.81092751027  0.13173
4062.84644532205  0.13600
4063.88196313382  0.14046
4064.91748094560  0.14391
4065.95299875737  0.14667
4066.98851656915  0.15053
4068.02403438092  0.15838
4069.05955219270  0.17347
4070.09507000447  0.19852
4071.13058781625  0.23494
4072.16610562802  0.28235
4073.20162343980  0.33856
4074.23714125157  0.40001
4075.27265906335  0.46239
4076.30817687512  0.52146
4077.34369468690  0.57371
4078.37921249867  0.61685
4079.41473031045  0.65000
4080.45024812222  0.67367
4081.48576593400  0.68954
4082.52128374578  0.69994
4083.55680155755  0.70740
4084.59231936933  0.71409
4085.62783718110  0.72155
4086.66335499288  0.73060
4087.69887280465  0.74149
4088.73439061643  0.75402
4089.76990842820  0.76765
4090.80542623998  0.78148
4091.84094405175  0.79427
4092.87646186353  0.80464
4093.91197967530  0.81150
4094.94749748708  0.81440
4095.98301529885  0.81374
4097.01853311063  0.81062
4098.05405092240  0.80631
4099.08956873418  0.80177
4100.12508654595  0.79726
4101.16060435773  0.79237
4102.19612216950  0.78644
4103.23163998128  0.77896
4104.26715779305  0.76983
4105.30267560483  0.75942
4106.33819341660  0.74832
4107.37371122838  0.73712
4108.40922904015  0.72626
4109.44474685193  0.71613
4110.48026466371  0.70721
4111.51578247548  0.70009
4112.55130028726  0.69541
4113.58681809903  0.69352
4114.62233591081  0.69429
4115.65785372258  0.69708
4116.69337153436  0.70093
4117.72888934613  0.70496
4118.76440715791  0.70862
4119.79992496968  0.71167
4120.83544278146  0.71394
4121.87096059323  0.71497
4122.90647840501  0.71385
4123.94199621678  0.70923
4124.97751402856  0.69974
4126.01303184033  0.68433
4127.04854965211  0.66256
4128.08406746388  0.63455
4129.11958527566  0.60075
4130.15510308743  0.56180
4131.19062089921  0.51830
4132.22613871098  0.47094
4133.26165652276  0.42072
4134.29717433453  0.36913
4135.33269214631  0.31817
4136.36820995809  0.27026
4137.40372776986  0.22790
4138.43924558164  0.19345
4139.47476339341  0.16883
4140.51028120519  0.15540
4141.54579901696  0.15384
4142.58131682874  0.16421
4143.61683464051  0.18589
4144.65235245229  0.21765
4145.68787026406  0.25768
4146.72338807584  0.30373
4147.75890588761  0.35323
4148.79442369939  0.40363
4149.82994151116  0.45249
4150.86545932294  0.49781
4151.90097713471  0.53816
4152.93649494649  0.57271
4153.97201275826  0.60121
4155.00753057004  0.62392
4156.04304838181  0.64144
4157.07856619359  0.65479
4158.11408400537  0.66520
4159.14960181714  0.67416
4160.18511962892  0.68317
4161.22063744069  0.69347
4162.25615525247  0.70574
4163.29167306424  0.71991
4164.32719087602  0.73511
4165.36270868779  0.74991
4166.39822649957  0.76283
4167.43374431134  0.77270
4168.46926212312  0.77900
4169.50477993489  0.78181
4170.54029774667  0.78159
4171.57581555844  0.77878
4172.61133337022  0.77360
4173.64685118199  0.76612
4174.68236899377  0.75630
4175.71788680554  0.74420
4176.75340461732  0.72997
4177.78892242909  0.71384
4178.82444024087  0.69615
4179.85995805264  0.67777
4180.89547586442  0.66032
4181.93099367620  0.64629
4182.96651148797  0.63866
4184.00202929975  0.63992
4185.03754711152  0.65120
4186.07306492330  0.67168
4187.10858273507  0.69885
4188.14410054685  0.72936
4189.17961835862  0.75997
4190.21513617040  0.78831
4191.25065398217  0.81302
4192.28617179395  0.83353
4193.32168960572  0.84965
4194.35720741750  0.86127
4195.39272522927  0.86830
4196.42824304105  0.87077
4197.46376085282  0.86904
4198.49927866460  0.86384
4199.53479647637  0.85627
4200.57031428815  0.84763
4201.60583209992  0.83913
4202.64134991170  0.83161
4203.67686772347  0.82539
4204.71238553525  0.82028
4205.74790334702  0.81593
4206.78342115880  0.81215
4207.81893897057  0.80925
4208.85445678235  0.80804
4209.88997459413  0.80956
4210.92549240590  0.81454
4211.96101021768  0.82303
4212.99652802945  0.83412
4214.03204584123  0.84608
4215.06756365300  0.85676
4216.10308146478  0.86407
4217.13859927655  0.86652
4218.17411708833  0.86357
4219.20963490010  0.85580
4220.24515271188  0.84478
4221.28067052365  0.83264
4222.31618833543  0.82154
4223.35170614720  0.81320
4224.38722395898  0.80863
4225.42274177075  0.80820
4226.45825958253  0.81182
4227.49377739430  0.81913
4228.52929520608  0.82953
4229.56481301785  0.84208
4230.60033082963  0.85544
4231.63584864141  0.86810
4232.67136645318  0.87874
4233.70688426496  0.88673
4234.74240207673  0.89231
4235.77791988851  0.89652
4236.81343770028  0.90056
4237.84895551206  0.90522
4238.88447332383  0.91044
4239.91999113561  0.91521
4240.95550894738  0.91797
4241.99102675916  0.91704
4243.02654457093  0.91128
4244.06206238271  0.90040
4245.09758019448  0.88512
4246.13309800626  0.86717
4247.16861581803  0.84887
4248.20413362981  0.83265
4249.23965144158  0.82047
4250.27516925336  0.81347
4251.31068706513  0.81171
4252.34620487691  0.81440
4253.38172268869  0.82018
4254.41724050046  0.82755
4255.45275831224  0.83505
4256.48827612401  0.84142
4257.52379393579  0.84559
4258.55931174756  0.84672
4259.59482955934  0.84439
4260.63034737111  0.83875
4261.66586518289  0.83072
4262.70138299466  0.82183
4263.73690080644  0.81397
4264.77241861821  0.80884
4265.80793642999  0.80745
4266.84345424176  0.80998
4267.87897205354  0.81558
4268.91448986531  0.82272
4269.95000767709  0.82952
4270.98552548886  0.83418
4272.02104330064  0.83532
4273.05656111241  0.83230
4274.09207892419  0.82523
4275.12759673596  0.81501
4276.16311454774  0.80315
4277.19863235951  0.79164
4278.23415017129  0.78267
4279.26966798307  0.77829
4280.30518579484  0.77983
4281.34070360662  0.78743
4282.37622141839  0.79983
4283.41173923017  0.81466
4284.44725704194  0.82921
4285.48277485372  0.84134
4286.51829266549  0.85004
4287.55381047727  0.85551
4288.58932828904  0.85876
4289.62484610082  0.86097
4290.66036391259  0.86305
4291.69588172437  0.86543
4292.73139953614  0.86815
4293.76691734792  0.87102
4294.80243515969  0.87374
4295.83795297147  0.87589
4296.87347078324  0.87688
4297.90898859502  0.87600
4298.94450640679  0.87240
4299.98002421857  0.86519
4301.01554203034  0.85374
4302.05105984212  0.83789
4303.08657765390  0.81823
4304.12209546567  0.79602
4305.15761327745  0.77299
4306.19313108922  0.75101
4307.22864890100  0.73179
4308.26416671277  0.71665
4309.29968452455  0.70662
4310.33520233632  0.70236
4311.37072014810  0.70426
4312.40623795987  0.71227
4313.44175577165  0.72586
4314.47727358342  0.74405
4315.51279139520  0.76564
4316.54830920697  0.78924
4317.58382701875  0.81325
4318.61934483052  0.83585
4319.65486264230  0.85483
4320.69038045407  0.86786
4321.72589826585  0.87281
4322.76141607762  0.86840
4323.79693388940  0.85452
4324.83245170117  0.83243
4325.86796951295  0.80460
4326.90348732472  0.77428
4327.93900513650  0.74488
4328.97452294828  0.71951
4330.01004076005  0.70054
4331.04555857183  0.68934
4332.08107638360  0.68636
4333.11659419538  0.69125
4334.15211200715  0.70327
4335.18762981893  0.72141
4336.22314763070  0.74453
4337.25866544248  0.77123
4338.29418325425  0.79967
4339.32970106603  0.82738
4340.36521887780  0.85145
4341.40073668958  0.86904
4342.43625450135  0.87806
4343.47177231313  0.87803
4344.50729012490  0.87034
4345.54280793668  0.85806
4346.57832574845  0.84517
4347.61384356023  0.83529
4348.64936137200  0.83043
4349.68487918378  0.83050
4350.72039699555  0.83340
4351.75591480733  0.83591
4352.79143261911  0.83500
4353.82695043088  0.82886
4354.86246824266  0.81742
4355.89798605443  0.80231
4356.93350386621  0.78622
4357.96902167798  0.77206
4359.00453948976  0.76222
4360.04005730153  0.75797
4361.07557511331  0.75927
4362.11109292508  0.76501
4363.14661073686  0.77354
4364.18212854863  0.78326
4365.21764636041  0.79313
4366.25316417218  0.80270
4367.28868198396  0.81187
4368.32419979573  0.82054
4369.35971760751  0.82843
4370.39523541928  0.83516
4371.43075323106  0.84049
4372.46627104283  0.84449
4373.50178885461  0.84739
4374.53730666639  0.84930
4375.57282447816  0.84981
4376.60834228993  0.84790
4377.64386010171  0.84200
4378.67937791348  0.83048
4379.71489572526  0.81232
4380.75041353704  0.78774
4381.78593134881  0.75864
4382.82144916059  0.72856
4383.85696697236  0.70201
4384.89248478414  0.68322
4385.92800259591  0.67472
4386.96352040769  0.67655
4387.99903821946  0.68642
4389.03455603124  0.70078
4390.07007384301  0.71640
4391.10559165479  0.73170
4392.14110946656  0.74690
4393.17662727834  0.76336
4394.21214509011  0.78229
4395.24766290189  0.80386
4396.28318071366  0.82694
4397.31869852544  0.84957
4398.35421633721  0.86982
4399.38973414899  0.88632
4400.42525196076  0.89844
4401.46076977254  0.90608
4402.49628758432  0.90920
4403.53180539609  0.90777
4404.56732320787  0.90176
4405.60284101964  0.89150
4406.63835883142  0.87806
4407.67387664319  0.86332
4408.70939445497  0.84968
4409.74491226674  0.83935
4410.78043007852  0.83361
4411.81594789029  0.83238
4412.85146570207  0.83434
4413.88698351384  0.83757
4414.92250132562  0.84039
4415.95801913739  0.84195
4416.99353694917  0.84213
4418.02905476094  0.84127
4419.06457257272  0.83960
4420.10009038449  0.83716
4421.13560819627  0.83390
4422.17112600804  0.83004
4423.20664381982  0.82631
4424.24216163160  0.82388
4425.27767944337  0.82389
4426.31319725515  0.82704
4427.34871506692  0.83315
4428.38423287869  0.84134
4429.41975069047  0.85015
4430.45526850225  0.85805
4431.49078631402  0.86372
4432.52630412580  0.86620
4433.56182193757  0.86490
4434.59733974935  0.85954
4435.63285756112  0.85027
4436.66837537290  0.83786
4437.70389318467  0.82380
4438.73941099645  0.81034
4439.77492880822  0.79988
4440.81044662000  0.79408
4441.84596443177  0.79287
4442.88148224355  0.79421
4443.91700005532  0.79444
4444.95251786710  0.78954
4445.98803567888  0.77658
4447.02355349065  0.75485
4448.05907130242  0.72607
4449.09458911420  0.69384
4450.13010692598  0.66256
4451.16562473775  0.63636
4452.20114254953  0.61844
4453.23666036130  0.61059
4454.27217817308  0.61331
4455.30769598485  0.62587
4456.34321379663  0.64667
4457.37873160840  0.67350
4458.41424942018  0.70376
4459.44976723195  0.73474
4460.48528504373  0.76374
4461.52080285550  0.78838
4462.55632066728  0.80676
4463.59183847905  0.81787
4464.62735629083  0.82167
4465.66287410260  0.81918
4466.69839191438  0.81216
4467.73390972615  0.80271
4468.76942753793  0.79276
4469.80494534970  0.78386
4470.84046316148  0.77696
4471.87598097325  0.77250
4472.91149878503  0.77060
4473.94701659681  0.77105
4474.98253440858  0.77348
4476.01805222036  0.77718
4477.05357003213  0.78121
4478.08908784391  0.78444
4479.12460565568  0.78563
4480.16012346746  0.78362
4481.19564127923  0.77744
4482.23115909101  0.76656
4483.26667690278  0.75118
4484.30219471456  0.73243
4485.33771252633  0.71244
4486.37323033811  0.69401
4487.40874814988  0.68002
4488.44426596166  0.67238
4489.47978377343  0.67144
4490.51530158521  0.67570
4491.55081939698  0.68223
4492.58633720876  0.68763
4493.62185502053  0.68906
4494.65737283231  0.68501
4495.69289064409  0.67555
4496.72840845586  0.66220
4497.76392626764  0.64737
4498.79944407941  0.63402
4499.83496189119  0.62512
4500.87047970296  0.62311
4501.90599751474  0.62933
4502.94151532651  0.64352
4503.97703313829  0.66376
4505.01255095006  0.68695
4506.04806876184  0.70982
4507.08358657361  0.72992
4508.11910438539  0.74641
4509.15462219716  0.75986
4510.19014000894  0.77154
4511.22565782071  0.78241
4512.26117563249  0.79241
4513.29669344426  0.80030
4514.33221125604  0.80421
4515.36772906781  0.80238
4516.40324687959  0.79407
4517.43876469136  0.77995
4518.47428250314  0.76205
4519.50980031491  0.74318
4520.54531812669  0.72617
4521.58083593846  0.71311
4522.61635375024  0.70496
4523.65187156201  0.70163
4524.68738937379  0.70242
4525.72290718557  0.70644
4526.75842499734  0.71283
4527.79394280912  0.72071
4528.82946062089  0.72904
4529.86497843267  0.73662
4530.90049624444  0.74229
4531.93601405622  0.74532
4532.97153186799  0.74550
4534.00704967977  0.74326
4535.04256749154  0.73934
4536.07808530332  0.73461
4537.11360311509  0.72994
4538.14912092687  0.72617
4539.18463873864  0.72412
4540.22015655042  0.72449
4541.25567436219  0.72762
4542.29119217397  0.73313
4543.32670998574  0.73985
4544.36222779752  0.74607
4545.39774560929  0.75011
4546.43326342107  0.75097
4547.46878123285  0.74883
4548.50429904462  0.74500
4549.53981685639  0.74140
4550.57533466817  0.73985
4551.61085247994  0.74135
4552.64637029172  0.74578
4553.68188810350  0.75203
4554.71740591527  0.75834
4555.75292372705  0.76278
4556.78844153882  0.76356
4557.82395935060  0.75918
4558.85947716237  0.74873
4559.89499497415  0.73214
4560.93051278592  0.71052
4561.96603059770  0.68628
4563.00154840947  0.66303
4564.03706622125  0.64480
4565.07258403302  0.63508
4566.10810184480  0.63576
4567.14361965657  0.64665
4568.17913746835  0.66563
4569.21465528012  0.68948
4570.25017309190  0.71483
4571.28569090367  0.73906
4572.32120871545  0.76059
4573.35672652722  0.77876
4574.39224433900  0.79335
4575.42776215078  0.80416
4576.46327996255  0.81071
4577.49879777433  0.81227
4578.53431558610  0.80818
4579.56983339788  0.79832
4580.60535120965  0.78347
4581.64086902143  0.76543
4582.67638683320  0.74657
4583.71190464498  0.72918
4584.74742245675  0.71468
4585.78294026853  0.70329
4586.81845808030  0.69434
4587.85397589208  0.68710
4588.88949370385  0.68158
4589.92501151563  0.67883
4590.96052932740  0.68059
4591.99604713918  0.68844
4593.03156495095  0.70290
4594.06708276273  0.72299
4595.10260057450  0.74643
4596.13811838628  0.77033
4597.17363619805  0.79200
4598.20915400983  0.80971
4599.24467182161  0.82290
4600.28018963338  0.83208
4601.31570744516  0.83827
4602.35122525693  0.84240
4603.38674306871  0.84487
4604.42226088048  0.84557
4605.45777869226  0.84424
4606.49329650403  0.84096
4607.52881431581  0.83650
4608.56433212758  0.83219
4609.59984993936  0.82945
4610.63536775113  0.82911
4611.67088556291  0.83101
4612.70640337468  0.83408
4613.74192118646  0.83667
4614.77743899823  0.83724
4615.81295681001  0.83481
4616.84847462178  0.82918
4617.88399243356  0.82086
4618.91951024533  0.81081
4619.95502805711  0.80014
4620.99054586888  0.78987
4622.02606368066  0.78091
4623.06158149243  0.77410
4624.09709930421  0.77014
4625.13261711599  0.76963
4626.16813492776  0.77267
4627.20365273954  0.77872
4628.23917055131  0.78631
4629.27468836309  0.79326
4630.31020617486  0.79719
4631.34572398664  0.79639
4632.38124179841  0.79046
4633.41675961019  0.78060
4634.45227742196  0.76915
4635.48779523374  0.75876
4636.52331304551  0.75154
4637.55883085729  0.74841
4638.59434866906  0.74923
4639.62986648084  0.75309
4640.66538429261  0.75882
4641.70090210439  0.76529
4642.73641991616  0.77150
4643.77193772794  0.77666
4644.80745553971  0.78024
4645.84297335149  0.78219
4646.87849116327  0.78295
4647.91400897504  0.78341
4648.94952678682  0.78465
4649.98504459859  0.78772
4651.02056241036  0.79334
4652.05608022214  0.80182
4653.09159803392  0.81296
4654.12711584569  0.82594
4655.16263365747  0.83932
4656.19815146924  0.85122
4657.23366928102  0.85958
4658.26918709279  0.86273
4659.30470490457  0.85981
4660.34022271634  0.85114
4661.37574052812  0.83824
4662.41125833989  0.82357
4663.44677615167  0.80998
4664.48229396344  0.80008
4665.51781177522  0.79558
4666.55332958699  0.79676
4667.58884739877  0.80252
4668.62436521054  0.81069
4669.65988302232  0.81890
4670.69540083409  0.82538
4671.73091864587  0.82962
4672.76643645764  0.83241
4673.80195426942  0.83542
4674.83747208120  0.84043
4675.87298989297  0.84850
4676.90850770475  0.85954
4677.94402551652  0.87230
4678.97954332830  0.88481
4680.01506114007  0.89499
4681.05057895185  0.90136
4682.08609676362  0.90338
4683.12161457540  0.90159
4684.15713238717  0.89730
4685.19265019895  0.89209
4686.22816801072  0.88725
4687.26368582250  0.88327
4688.29920363427  0.87962
4689.33472144605  0.87498
4690.37023925782  0.86767
4691.40575706960  0.85639
4692.44127488137  0.84097
4693.47679269315  0.82272
4694.51231050492  0.80422
4695.54782831670  0.78875
4696.58334612847  0.77914
4697.61886394025  0.77698
4698.65438175203  0.78214
4699.68989956380  0.79312
4700.72541737558  0.80766
4701.76093518735  0.82360
4702.79645299913  0.83932
4703.83197081090  0.85377
4704.86748862268  0.86628
4705.90300643445  0.87621
4706.93852424623  0.88288
4707.97404205800  0.88565
4709.00955986978  0.88416
4710.04507768155  0.87864
4711.08059549333  0.87016
4712.11611330510  0.86060
4713.15163111688  0.85240
4714.18714892865  0.84802
4715.22266674043  0.84917
4716.25818455220  0.85627
4717.29370236398  0.86823
4718.32922017575  0.88287
4719.36473798753  0.89762
4720.40025579931  0.91037
4721.43577361108  0.92001
4722.47129142286  0.92653
4723.50680923463  0.93067
4724.54232704641  0.93354
4725.57784485818  0.93608
4726.61336266996  0.93888
4727.64888048173  0.94207
4728.68439829351  0.94542
4729.71991610528  0.94853
4730.75543391706  0.95105
4731.79095172883  0.95278
4732.82646954061  0.95377
4733.86198735238  0.95429
4734.89750516416  0.95469
4735.93302297593  0.95536
4736.96854078771  0.95650
4738.00405859948  0.95809
4739.03957641126  0.95980
4740.07509422303  0.96110
4741.11061203481  0.96122
4742.14612984658  0.95934
4743.18164765836  0.95475
4744.21716547013  0.94705
4745.25268328191  0.93640
4746.28820109369  0.92361
4747.32371890546  0.91009
4748.35923671724  0.89757
4749.39475452901  0.88759
4750.43027234079  0.88111
4751.46579015256  0.87822
4752.50130796434  0.87817
4753.53682577611  0.87965
4754.57234358789  0.88131
4755.60786139966  0.88211
4756.64337921144  0.88165
4757.67889702321  0.88020
4758.71441483499  0.87853
4759.74993264676  0.87755
4760.78545045854  0.87793
4761.82096827031  0.87977
4762.85648608209  0.88257
4763.89200389386  0.88537
4764.92752170564  0.88708
4765.96303951741  0.88688
4766.99855732919  0.88457
4768.03407514096  0.88062
4769.06959295274  0.87611
4770.10511076452  0.87238
4771.14062857629  0.87068
4772.17614638807  0.87175
4773.21166419984  0.87571
4774.24718201162  0.88204
4775.28269982339  0.88991
4776.31821763517  0.89846
4777.35373544694  0.90711
4778.38925325872  0.91557
4779.42477107049  0.92372
4780.46028888227  0.93136
4781.49580669404  0.93809
4782.53132450582  0.94328
4783.56684231759  0.94627
4784.60236012937  0.94665
4785.63787794114  0.94446
4786.67339575292  0.94027
4787.70891356469  0.93497
4788.74443137647  0.92952
4789.77994918825  0.92464
4790.81546700002  0.92058
4791.85098481180  0.91703
4792.88650262357  0.91333
4793.92202043534  0.90865
4794.95753824712  0.90225
4795.99305605890  0.89379
4797.02857387067  0.88342
4798.06409168245  0.87188
4799.09960949422  0.86043
4800.13512730600  0.85055
4801.17064511777  0.84368
4802.20616292955  0.84084
4803.24168074132  0.84243
4804.27719855310  0.84813
4805.31271636487  0.85689
4806.34823417665  0.86718
4807.38375198842  0.87726
4808.41926980020  0.88553
4809.45478761197  0.89080
4810.49030542375  0.89247
4811.52582323552  0.89053
4812.56134104730  0.88548
4813.59685885907  0.87805
4814.63237667085  0.86906
4815.66789448262  0.85921
4816.70341229440  0.84893
4817.73893010618  0.83847
4818.77444791795  0.82797
4819.80996572973  0.81776
4820.84548354150  0.80856
4821.88100135328  0.80159
4822.91651916505  0.79821
4823.95203697683  0.79942
4824.98755478860  0.80526
4826.02307260038  0.81452
4827.05859041215  0.82496
4828.09410822393  0.83387
4829.12962603570  0.83906
4830.16514384748  0.83945
4831.20066165925  0.83543
4832.23617947103  0.82848
4833.27169728280  0.82060
4834.30721509458  0.81343
4835.34273290635  0.80775
4836.37825071813  0.80334
4837.41376852990  0.79934
4838.44928634168  0.79502
4839.48480415345  0.79035
4840.52032196523  0.78626
4841.55583977701  0.78449
4842.59135758878  0.78688
4843.62687540056  0.79466
4844.66239321233  0.80789
4845.69791102411  0.82538
4846.73342883588  0.84494
4847.76894664766  0.86402
4848.80446445943  0.88031
4849.83998227121  0.89239
4850.87550008298  0.89982
4851.91101789476  0.90316
4852.94653570653  0.90344
4853.98205351831  0.90164
4855.01757133008  0.89821
4856.05308914186  0.89294
4857.08860695363  0.88525
4858.12412476541  0.87475
4859.15964257718  0.86181
4860.19516038896  0.84788
4861.23067820073  0.83516
4862.26619601251  0.82597
4863.30171382428  0.82183
4864.33723163606  0.82280
4865.37274944783  0.82749
4866.40826725961  0.83345
4867.44378507139  0.83795
4868.47930288316  0.83856
4869.51482069494  0.83335
4870.55033850671  0.82086
4871.58585631848  0.80005
4872.62137413026  0.77053
4873.65689194204  0.73310
4874.69240975381  0.69030
4875.72792756559  0.64656
4876.76344537736  0.60775
4877.79896318914  0.57991
4878.83448100091  0.56777
4879.86999881269  0.57328
4880.90551662446  0.59512
4881.94103443624  0.62889
4882.97655224801  0.66822
4884.01207005979  0.70635
4885.04758787156  0.73751
4886.08310568334  0.75789
4887.11862349511  0.76606
4888.15414130689  0.76279
4889.18965911866  0.75066
4890.22517693044  0.73345
4891.26069474222  0.71552
4892.29621255399  0.70119
4893.33173036577  0.69400
4894.36724817754  0.69619
4895.40276598931  0.70824
4896.43828380109  0.72878
4897.47380161287  0.75487
4898.50931942464  0.78263
4899.54483723642  0.80803
4900.58035504819  0.82769
4901.61587285997  0.83944
4902.65139067174  0.84263
4903.68690848352  0.83808
4904.72242629529  0.82789
4905.75794410707  0.81492
4906.79346191884  0.80213
4907.82897973062  0.79202
4908.86449754239  0.78604
4909.90001535417  0.78451
4910.93553316594  0.78669
4911.97105097772  0.79132
4913.00656878950  0.79710
4914.04208660127  0.80295
4915.07760441305  0.80824
4916.11312222482  0.81261
4917.14864003660  0.81589
4918.18415784837  0.81787
4919.21967566015  0.81824
4920.25519347192  0.81673
4921.29071128370  0.81331
4922.32622909547  0.80858
4923.36174690725  0.80388
4924.39726471902  0.80115
4925.43278253080  0.80245
4926.46830034257  0.80917
4927.50381815435  0.82140
4928.53933596612  0.83777
4929.57485377790  0.85566
4930.61037158967  0.87206
4931.64588940145  0.88424
4932.68140721322  0.89048
4933.71692502500  0.89034
4934.75244283677  0.88450
4935.78796064855  0.87442
4936.82347846032  0.86186
4937.85899627210  0.84845
4938.89451408388  0.83550
4939.93003189565  0.82398
4940.96554970743  0.81468
4942.00106751920  0.80834
4943.03658533098  0.80564
4944.07210314275  0.80706
4945.10762095453  0.81263
4946.14313876630  0.82170
4947.17865657808  0.83296
4948.21417438985  0.84472
4949.24969220163  0.85526
4950.28521001340  0.86322
4951.32072782518  0.86782
4952.35624563695  0.86892
4953.39176344873  0.86701
4954.42728126050  0.86303
4955.46279907228  0.85809
4956.49831688405  0.85330
4957.53383469583  0.84955
4958.56935250760  0.84741
4959.60487031938  0.84721
4960.64038813115  0.84903
4961.67590594293  0.85273
4962.71142375471  0.85779
4963.74694156648  0.86318
4964.78245937826  0.86739
4965.81797719003  0.86876
4966.85349500180  0.86606
4967.88901281358  0.85905
4968.92453062536  0.84879
4969.96004843713  0.83746
4970.99556624891  0.82773
4972.03108406068  0.82211
4973.06660187246  0.82212
4974.10211968423  0.82811
4975.13763749601  0.83920
4976.17315530778  0.85357
4977.20867311956  0.86882
4978.24419093133  0.88239
4979.27970874311  0.89202
4980.31522655488  0.89627
4981.35074436666  0.89493
4982.38626217843  0.88912
4983.42177999021  0.88090
4984.45729780198  0.87264
4985.49281561376  0.86617
4986.52833342553  0.86218
4987.56385123731  0.86007
4988.59936904909  0.85831
4989.63488686086  0.85501
4990.67040467264  0.84861
4991.70592248441  0.83835
4992.74144029619  0.82452
4993.77695810796  0.80841
4994.81247591974  0.79198
4995.84799373151  0.77743
4996.88351154329  0.76669
4997.91902935506  0.76113
4998.95454716684  0.76145
4999.99006497861  0.76774
5001.02558279039  0.77955
5002.06110060216  0.79584
5003.09661841394  0.81517
5004.13213622571  0.83558
5005.16765403749  0.85481
5006.20317184926  0.87059
5007.23868966104  0.88091
5008.27420747281  0.88464
5009.30972528459  0.88183
5010.34524309637  0.87395
5011.38076090814  0.86371
5012.41627871992  0.85438
5013.45179653169  0.84877
5014.48731434347  0.84833
5015.52283215524  0.85260
5016.55834996702  0.85957
5017.59386777879  0.86653
5018.62938559057  0.87124
5019.66490340234  0.87258
5020.70042121412  0.87079
5021.73593902589  0.86705
5022.77145683767  0.86293
5023.80697464944  0.85976
5024.84249246122  0.85836
5025.87801027299  0.85899
5026.91352808477  0.86150
5027.94904589654  0.86557
5028.98456370832  0.87093
5030.02008152010  0.87755
5031.05559933187  0.88557
5032.09111714364  0.89512
5033.12663495542  0.90601
5034.16215276720  0.91751
5035.19767057897  0.92844
5036.23318839074  0.93737
5037.26870620252  0.94309
5038.30422401430  0.94478
5039.33974182607  0.94216
5040.37525963785  0.93540
5041.41077744962  0.92506
5042.44629526140  0.91206
5043.48181307317  0.89789
5044.51733088495  0.88456
5045.55284869672  0.87435
5046.58836650850  0.86932
5047.62388432027  0.87065
5048.65940213205  0.87810
5049.69491994382  0.89001
5050.73043775560  0.90370
5051.76595556737  0.91628
5052.80147337915  0.92552
5053.83699119092  0.93047
5054.87250900270  0.93164
5055.90802681448  0.93062
5056.94354462625  0.92933
5057.97906243802  0.92932
5059.01458024980  0.93101
5060.05009806158  0.93361
5061.08561587335  0.93532
5062.12113368512  0.93409
5063.15665149690  0.92827
5064.19216930868  0.91734
5065.22768712045  0.90218
5066.26320493223  0.88485
5067.29872274400  0.86803
5068.33424055578  0.85414
5069.36975836755  0.84460
5070.40527617933  0.83938
5071.44079399110  0.83712
5072.47631180288  0.83580
5073.51182961465  0.83373
5074.54734742643  0.83041
5075.58286523820  0.82689
5076.61838304998  0.82538
5077.65390086175  0.82833
5078.68941867353  0.83731
5079.72493648530  0.85225
5080.76045429708  0.87136
5081.79597210886  0.89171
5082.83148992063  0.91014
5083.86700773240  0.92411
5084.90252554418  0.93217
5085.93804335595  0.93410
5086.97356116773  0.93070
5088.00907897951  0.92345
5089.04459679128  0.91424
5090.08011460306  0.90500
5091.11563241483  0.89732
5092.15115022661  0.89221
5093.18666803838  0.88997
5094.22218585016  0.89008
5095.25770366193  0.89144
5096.29322147371  0.89269
5097.32873928548  0.89258
5098.36425709726  0.89047
5099.39977490903  0.88663
5100.43529272081  0.88223
5101.47081053258  0.87897
5102.50632834436  0.87845
5103.54184615613  0.88146
5104.57736396791  0.88757
5105.61288177968  0.89513
5106.64839959146  0.90187
5107.68391740323  0.90554
5108.71943521501  0.90467
5109.75495302678  0.89884
5110.79047083856  0.88863
5111.82598865033  0.87539
5112.86150646211  0.86073
5113.89702427389  0.84630
5114.93254208566  0.83360
5115.96805989744  0.82390
5117.00357770921  0.81824
5118.03909552099  0.81723
5119.07461333276  0.82104
5120.11013114454  0.82921
5121.14564895631  0.84083
5122.18116676809  0.85463
5123.21668457986  0.86933
5124.25220239164  0.88382
5125.28772020341  0.89736
5126.32323801519  0.90958
5127.35875582696  0.92038
5128.39427363874  0.92979
5129.42979145051  0.93788
5130.46530926229  0.94467
5131.50082707406  0.95014
5132.53634488584  0.95425
5133.57186269761  0.95693
5134.60738050939  0.95818
5135.64289832117  0.95801
5136.67841613294  0.95644
5137.71393394472  0.95361
5138.74945175649  0.94980
5139.78496956827  0.94554
5140.82048738004  0.94153
5141.85600519182  0.93848
5142.89152300359  0.93690
5143.92704081537  0.93692
5144.96255862714  0.93826
5145.99807643892  0.94040
5147.03359425069  0.94280
5148.06911206247  0.94505
5149.10462987424  0.94686
5150.14014768602  0.94801
5151.17566549779  0.94822
5152.21118330957  0.94703
5153.24670112134  0.94385
5154.28221893312  0.93817
5155.31773674489  0.92969
5156.35325455667  0.91867
5157.38877236844  0.90601
5158.42429018022  0.89320
5159.45980799200  0.88203
5160.49532580377  0.87414
5161.53084361555  0.87055
5162.56636142732  0.87151
5163.60187923910  0.87657
5164.63739705087  0.88486
5165.67291486265  0.89531
5166.70843267442  0.90674
5167.74395048620  0.91774
5168.77946829797  0.92658
5169.81498610975  0.93131
5170.85050392152  0.93001
5171.88602173330  0.92141
5172.92153954507  0.90543
5173.95705735685  0.88348
5174.99257516862  0.85833
5176.02809298040  0.83346
5177.06361079217  0.81208
5178.09912860395  0.79620
5179.13464641572  0.78625
5180.17016422750  0.78134
5181.20568203927  0.78007
5182.24119985105  0.78149
5183.27671766282  0.78545
5184.31223547460  0.79256
5185.34775328638  0.80350
5186.38327109815  0.81834
5187.41878890993  0.83611
5188.45430672170  0.85490
5189.48982453348  0.87238
5190.52534234525  0.88627
5191.56086015703  0.89485
5192.59637796880  0.89704
5193.63189578058  0.89246
5194.66741359235  0.88151
5195.70293140413  0.86546
5196.73844921590  0.84638
5197.77396702768  0.82697
5198.80948483945  0.80987
5199.84500265123  0.79684
5200.88052046300  0.78820
5201.91603827478  0.78288
5202.95155608655  0.77905
5203.98707389833  0.77531
5205.02259171010  0.77140
5206.05810952188  0.76850
5207.09362733366  0.76860
5208.12914514543  0.77358
5209.16466295721  0.78424
5210.20018076898  0.79995
5211.23569858076  0.81875
5212.27121639253  0.83801
5213.30673420431  0.85524
5214.34225201608  0.86875
5215.37776982786  0.87796
5216.41328763963  0.88331
5217.44880545141  0.88599
5218.48432326318  0.88733
5219.51984107496  0.88856
5220.55535888673  0.89059
5221.59087669851  0.89405
5222.62639451028  0.89922
5223.66191232206  0.90601
5224.69743013383  0.91377
5225.73294794561  0.92136
5226.76846575738  0.92735
5227.80398356916  0.93029
5228.83950138093  0.92927
5229.87501919271  0.92408
5230.91053700449  0.91528
5231.94605481626  0.90402
5232.98157262804  0.89166
5234.01709043981  0.87938
5235.05260825159  0.86793
5236.08812606336  0.85757
5237.12364387514  0.84833
5238.15916168691  0.84037
5239.19467949869  0.83431
5240.23019731046  0.83118
5241.26571512224  0.83219
5242.30123293401  0.83805
5243.33675074579  0.84860
5244.37226855756  0.86261
5245.40778636934  0.87800
5246.44330418111  0.89224
5247.47882199289  0.90295
5248.51433980466  0.90836
5249.54985761644  0.90779
5250.58537542821  0.90185
5251.62089323999  0.89232
5252.65641105176  0.88182
5253.69192886354  0.87303
5254.72744667531  0.86795
5255.76296448709  0.86739
5256.79848229887  0.87084
5257.83400011064  0.87703
5258.86951792242  0.88446
5259.90503573419  0.89210
5260.94055354597  0.89953
5261.97607135774  0.90675
5263.01158916952  0.91373
5264.04710698129  0.92004
5265.08262479307  0.92474
5266.11814260484  0.92664
5267.15366041662  0.92479
5268.18917822839  0.91898
5269.22469604017  0.91004
5270.26021385194  0.89970
5271.29573166372  0.89013
5272.33124947549  0.88321
5273.36676728727  0.87990
5274.40228509904  0.88001
5275.43780291082  0.88241
5276.47332072259  0.88556
5277.50883853437  0.88811
5278.54435634615  0.88935
5279.57987415792  0.88925
5280.61539196969  0.88835
5281.65090978147  0.88745
5282.68642759325  0.88738
5283.72194540502  0.88876
5284.75746321680  0.89186
5285.79298102857  0.89652
5286.82849884035  0.90209
5287.86401665212  0.90756
5288.89953446390  0.91176
5289.93505227567  0.91369
5290.97057008745  0.91277
5292.00608789922  0.90910
5293.04160571100  0.90344
5294.07712352277  0.89710
5295.11264133455  0.89156
5296.14815914632  0.88808
5297.18367695810  0.88738
5298.21919476987  0.88954
5299.25471258165  0.89405
5300.29023039342  0.90017
5301.32574820520  0.90717
5302.36126601697  0.91447
5303.39678382875  0.92172
5304.43230164053  0.92870
5305.46781945230  0.93524
5306.50333726407  0.94116
5307.53885507585  0.94629
5308.57437288763  0.95044
5309.60989069940  0.95347
5310.64540851118  0.95527
5311.68092632295  0.95580
5312.71644413473  0.95508
5313.75196194650  0.95326
5314.78747975828  0.95053
5315.82299757005  0.94720
5316.85851538183  0.94363
5317.89403319360  0.94022
5318.92955100538  0.93735
5319.96506881715  0.93525
5321.00058662893  0.93389
5322.03610444070  0.93294
5323.07162225248  0.93191
5324.10714006425  0.93035
5325.14265787603  0.92803
5326.17817568780  0.92511
5327.21369349958  0.92205
5328.24921131135  0.91944
5329.28472912313  0.91774
5330.32024693491  0.91711
5331.35576474668  0.91745
5332.39128255845  0.91841
5333.42680037023  0.91958
5334.46231818201  0.92051
5335.49783599378  0.92084
5336.53335380556  0.92032
5337.56887161733  0.91890
5338.60438942911  0.91682
5339.63990724088  0.91448
5340.67542505266  0.91236
5341.71094286443  0.91072
5342.74646067621  0.90950
5343.78197848798  0.90824
5344.81749629976  0.90624
5345.85301411153  0.90273
5346.88853192331  0.89715
5347.92404973508  0.88930
5348.95956754686  0.87957
5349.99508535863  0.86905
5351.03060317041  0.85939
5352.06612098218  0.85260
5353.10163879396  0.85049
5354.13715660573  0.85406
5355.17267441751  0.86310
5356.20819222929  0.87612
5357.24371004106  0.89076
5358.27922785284  0.90456
5359.31474566461  0.91560
5360.35026347639  0.92311
5361.38578128816  0.92733
5362.42129909994  0.92930
5363.45681691171  0.93021
5364.49233472349  0.93100
5365.52785253526  0.93204
5366.56337034704  0.93319
5367.59888815881  0.93396
5368.63440597059  0.93377
5369.66992378236  0.93214
5370.70544159414  0.92878
5371.74095940591  0.92362
5372.77647721769  0.91676
5373.81199502946  0.90838
5374.84751284124  0.89880
5375.88303065302  0.88847
5376.91854846479  0.87815
5377.95406627656  0.86886
5378.98958408834  0.86182
5380.02510190012  0.85804
5381.06061971189  0.85805
5382.09613752367  0.86166
5383.13165533544  0.86810
5384.16717314722  0.87635
5385.20269095899  0.88554
5386.23820877077  0.89518
5387.27372658254  0.90508
5388.30924439432  0.91512
5389.34476220609  0.92493
5390.38028001787  0.93372
5391.41579782964  0.94036
5392.45131564142  0.94344
5393.48683345319  0.94149
5394.52235126497  0.93328
5395.55786907674  0.91805
5396.59338688852  0.89592
5397.62890470029  0.86816
5398.66442251207  0.83738
5399.69994032384  0.80722
5400.73545813562  0.78180
5401.77097594740  0.76482
5402.80649375917  0.75870
5403.84201157095  0.76396
5404.87752938272  0.77914
5405.91304719450  0.80116
5406.94856500627  0.82619
5407.98408281805  0.85046
5409.01960062982  0.87111
5410.05511844160  0.88650
5411.09063625337  0.89608
5412.12615406515  0.89987
5413.16167187692  0.89792
5414.19718968870  0.88999
5415.23270750047  0.87562
5416.26822531225  0.85456
5417.30374312402  0.82739
5418.33926093580  0.79583
5419.37477874757  0.76282
5420.41029655935  0.73203
5421.44581437112  0.70727
5422.48133218290  0.69179
5423.51684999467  0.68758
5424.55236780645  0.69505
5425.58788561822  0.71297
5426.62340343000  0.73860
5427.65892124178  0.76819
5428.69443905355  0.79762
5429.72995686533  0.82304
5430.76547467710  0.84146
5431.80099248888  0.85099
5432.83651030065  0.85095
5433.87202811243  0.84173
5434.90754592420  0.82464
5435.94306373598  0.80168
5436.97858154775  0.77532
5438.01409935953  0.74828
5439.04961717130  0.72332
5440.08513498308  0.70316
5441.12065279485  0.69037
5442.15617060663  0.68716
5443.19168841840  0.69506
5444.22720623018  0.71429
5445.26272404195  0.74334
5446.29824185373  0.77896
5447.33375966551  0.81665
5448.36927747728  0.85165
5449.40479528905  0.87989
5450.44031310083  0.89877
5451.47583091261  0.90760
5452.51134872438  0.90745
5453.54686653616  0.90089
5454.58238434793  0.89134
5455.61790215971  0.88215
5456.65341997148  0.87587
5457.68893778326  0.87341
5458.72445559503  0.87400
5459.75997340681  0.87571
5460.79549121858  0.87643
5461.83100903036  0.87487
5462.86652684213  0.87107
5463.90204465391  0.86625
5464.93756246568  0.86205
5465.97308027746  0.85983
5467.00859808923  0.86010
5468.04411590101  0.86260
5469.07963371278  0.86663
5470.11515152456  0.87156
5471.15066933633  0.87709
5472.18618714811  0.88333
5473.22170495989  0.89059
5474.25722277166  0.89921
5475.29274058343  0.90927
5476.32825839521  0.92044
5477.36377620699  0.93201
5478.39929401876  0.94301
5479.43481183054  0.95250
5480.47032964231  0.95979
5481.50584745409  0.96463
5482.54136526586  0.96729
5483.57688307764  0.96838
5484.61240088941  0.96874
5485.64791870119  0.96910
5486.68343651296  0.96991
5487.71895432474  0.97121
5488.75447213651  0.97254
5489.78998994829  0.97308
5490.82550776006  0.97183
5491.86102557184  0.96791
5492.89654338361  0.96089
5493.93206119539  0.95095
5494.96757900716  0.93902
5496.00309681894  0.92661
5497.03861463071  0.91549
5498.07413244249  0.90725
5499.10965025427  0.90287
5500.14516806604  0.90255
5501.18068587782  0.90568
5502.21620368959  0.91102
5503.25172150137  0.91708
5504.28723931314  0.92228
5505.32275712492  0.92525
5506.35827493669  0.92498
5507.39379274847  0.92088
5508.42931056024  0.91289
5509.46482837202  0.90142
5510.50034618379  0.88742
5511.53586399557  0.87236
5512.57138180734  0.85818
5513.60689961912  0.84715
5514.64241743089  0.84147
5515.67793524267  0.84268
5516.71345305444  0.85112
5517.74897086622  0.86571
5518.78448867799  0.88410
5519.82000648977  0.90326
5520.85552430154  0.92031
5521.89104211332  0.93313
5522.92655992510  0.94086
5523.96207773687  0.94381
5524.99759554865  0.94320
5526.03311336042  0.94062
5527.06863117219  0.93753
5528.10414898397  0.93469
5529.13966679574  0.93199
5530.17518460752  0.92847
5531.21070241930  0.92270
5532.24622023107  0.91342
5533.28173804285  0.90006
5534.31725585462  0.88322
5535.35277366640  0.86459
5536.38829147817  0.84662
5537.42380928995  0.83189
5538.45932710172  0.82232
5539.49484491350  0.81872
5540.53036272527  0.82041
5541.56588053705  0.82557
5542.60139834882  0.83175
5543.63691616060  0.83666
5544.67243397237  0.83881
5545.70795178415  0.83755
5546.74346959592  0.83289
5547.77898740770  0.82490
5548.81450521947  0.81355
5549.85002303125  0.79892
5550.88554084302  0.78173
5551.92105865480  0.76367
5552.95657646658  0.74717
5553.99209427835  0.73478
5555.02761209013  0.72813
5556.06312990190  0.72737
5557.09864771368  0.73109
5558.13416552545  0.73699
5559.16968333723  0.74266
5560.20520114900  0.74636
5561.24071896078  0.74739
5562.27623677255  0.74618
5563.31175458433  0.74402
5564.34727239610  0.74254
5565.38279020788  0.74319
5566.41830801965  0.74678
5567.45382583143  0.75329
5568.48934364320  0.76200
5569.52486145498  0.77189
5570.56037926675  0.78218
5571.59589707853  0.79258
5572.63141489030  0.80351
5573.66693270208  0.81574
5574.70245051385  0.82999
5575.73796832563  0.84653
5576.77348613741  0.86491
5577.80900394918  0.88409
5578.84452176096  0.90268
5579.88003957273  0.91926
5580.91555738451  0.93270
5581.95107519628  0.94230
5582.98659300806  0.94767
5584.02211081983  0.94869
5585.05762863161  0.94547
5586.09314644338  0.93853
5587.12866425516  0.92897
5588.16418206693  0.91851
5589.19969987871  0.90920
5590.23521769048  0.90285
5591.27073550226  0.90039
5592.30625331403  0.90137
5593.34177112581  0.90406
5594.37728893758  0.90608
5595.41280674936  0.90521
5596.44832456113  0.90016
5597.48384237291  0.89085
5598.51936018468  0.87832
5599.55487799646  0.86430
5600.59039580823  0.85086
5601.62591362001  0.84013
5602.66143143179  0.83406
5603.69694924356  0.83414
5604.73246705534  0.84100
5605.76798486711  0.85409
5606.80350267889  0.87158
5607.83902049066  0.89083
5608.87453830244  0.90910
5609.91005611421  0.92422
5610.94557392599  0.93511
5611.98109173776  0.94171
5613.01660954954  0.94469
5614.05212736131  0.94484
5615.08764517309  0.94264
5616.12316298486  0.93813
5617.15868079664  0.93111
5618.19419860841  0.92152
5619.22971642019  0.90982
5620.26523423196  0.89714
5621.30075204374  0.88493
5622.33626985551  0.87444
5623.37178766729  0.86602
5624.40730547907  0.85890
5625.44282329084  0.85156
5626.47834110261  0.84257
5627.51385891439  0.83161
5628.54937672617  0.82003
5629.58489453794  0.81059
5630.62041234972  0.80644
5631.65593016149  0.80970
5632.69144797327  0.82044
5633.72696578504  0.83639
5634.76248359682  0.85360
5635.79800140859  0.86768
5636.83351922037  0.87509
5637.86903703214  0.87393
5638.90455484392  0.86431
5639.94007265569  0.84806
5640.97559046747  0.82817
5642.01110827924  0.80820
5643.04662609102  0.79165
5644.08214390279  0.78134
5645.11766171457  0.77895
5646.15317952634  0.78472
5647.18869733812  0.79728
5648.22421514989  0.81393
5649.25973296167  0.83121
5650.29525077345  0.84567
5651.33076858522  0.85474
5652.36628639700  0.85737
5653.40180420877  0.85423
5654.43732202055  0.84739
5655.47283983232  0.83963
5656.50835764410  0.83355
5657.54387545587  0.83086
5658.57939326765  0.83195
5659.61491107942  0.83594
5660.65042889120  0.84114
5661.68594670297  0.84568
5662.72146451475  0.84808
5663.75698232652  0.84771
5664.79250013830  0.84477
5665.82801795007  0.84012
5666.86353576185  0.83490
5667.89905357362  0.83031
5668.93457138540  0.82747
5669.97008919717  0.82742
5671.00560700895  0.83091
5672.04112482072  0.83826
5673.07664263250  0.84900
5674.11216044428  0.86196
5675.14767825605  0.87538
5676.18319606783  0.88743
5677.21871387960  0.89666
5678.25423169137  0.90216
5679.28974950315  0.90367
5680.32526731493  0.90144
5681.36078512670  0.89610
5682.39630293848  0.88868
5683.43182075025  0.88034
5684.46733856203  0.87227
5685.50285637380  0.86531
5686.53837418558  0.85974
5687.57389199735  0.85520
5688.60940980913  0.85089
5689.64492762090  0.84604
5690.68044543268  0.84031
5691.71596324445  0.83417
5692.75148105623  0.82880
5693.78699886800  0.82569
5694.82251667978  0.82604
5695.85803449156  0.83020
5696.89355230333  0.83740
5697.92907011510  0.84584
5698.96458792688  0.85325
5700.00010573866  0.85757
