# log(age/yr)   M_ini       M_act   logL/Lo logTe   logG    mbol    u       g       r       i       z   C/O M_hec   period  pmode   logMdot int_IMF
    10.00   0.1500000060    0.1500  -2.3850 3.5614  5.1905  10.733  16.153  12.889  11.326  10.692  10.334  0.4787  0.0000  0.0 1   -17.817 1.9609395266
    10.00   0.2000000030    0.2000  -2.1017 3.5807  5.1097  10.024  14.583  11.883  10.472  9.927   9.613   0.4787  0.0000  0.0 1   -17.692 2.2217822075
    10.00   0.2500000000    0.2500  -1.8644 3.6028  5.0576  9.431   13.202  10.965  9.754   9.289   9.019   0.4787  0.0000  0.0 1   -17.573 2.4080901146
    10.00   0.3000000119    0.3000  -1.6968 3.6187  5.0326  9.012   12.483  10.379  9.279   8.856   8.613   0.4787  0.0000  0.0 1   -16.636 2.5475041866
    10.00   0.3499999940    0.3500  -1.5445 3.6317  4.9993  8.631   11.863  9.867   8.852   8.463   8.242   0.4787  0.0000  0.0 1   -15.843 2.6555202007
    10.00   0.4000000060    0.4000  -1.4126 3.6432  4.9715  8.301   11.325  9.426   8.482   8.123   7.923   0.4787  0.0000  0.0 1   -15.157 2.7413372993
    10.00   0.4499999881    0.4500  -1.2576 3.6565  4.9209  7.914   10.695  8.918   8.053   7.727   7.549   0.4787  0.0000  0.0 1   -14.551 2.8109800816
    10.00   0.5000000000    0.5000  -1.1011 3.6717  4.8709  7.523   10.026  8.400   7.619   7.329   7.176   0.4787  0.0000  0.0 1   -14.009 2.8684780598
    10.00   0.5500000119    0.5500  -0.9236 3.6928  4.8190  7.079   9.218   7.810   7.132   6.885   6.762   0.4787  0.0000  0.0 1   -13.519 2.9166350365
    10.00   0.6000000238    0.5998  -0.7335 3.7186  4.7701  6.604   8.353   7.192   6.627   6.428   6.339   0.4787  0.0000  0.0 1   -13.074 2.9573988914
    10.00   0.6094477773    0.6092  -0.6964 3.7234  4.7589  6.511   8.191   7.075   6.531   6.340   6.257   0.4787  0.0000  0.0 1   -12.993 2.9644122124
    10.00   0.6367899776    0.6365  -0.5884 3.7373  4.7255  6.241   7.762   6.748   6.261   6.093   6.026   0.4787  0.0000  0.0 1   -12.768 2.9836318493
    10.00   0.6613465548    0.6610  -0.4911 3.7495  4.6934  5.998   7.383   6.457   6.019   5.871   5.818   0.4787  0.0000  0.0 1   -12.574 2.9996027946
    10.00   0.6838245988    0.6834  -0.4009 3.7606  4.6617  5.772   7.071   6.198   5.800   5.669   5.628   0.4787  0.0000  0.0 1   -12.403 3.0132462978
    10.00   0.6999999881    0.6995  -0.3349 3.7683  4.6370  5.607   6.847   6.009   5.640   5.521   5.489   0.4787  0.0000  0.0 1   -12.283 3.0225379467
    10.00   0.7119945288    0.7114  -0.2840 3.7742  4.6169  5.480   6.676   5.864   5.516   5.406   5.381   0.4787  0.0000  0.0 1   -12.200 3.0291638374
    10.00   0.7300385833    0.7294  -0.2052 3.7830  4.5842  5.283   6.439   5.645   5.325   5.229   5.214   0.4787  0.0000  0.0 1   -12.072 3.0387332439
    10.00   0.7471057177    0.7464  -0.1281 3.7912  4.5498  5.090   6.213   5.431   5.139   5.054   5.048   0.4787  0.0000  0.0 1   -11.950 3.0473721027
    10.00   0.7639614344    0.7631  -0.0481 3.7991  4.5110  4.890   5.982   5.211   4.944   4.872   4.875   0.4787  0.0000  0.0 1   -11.834 3.0555362701
    10.00   0.7825741768    0.7815  0.0472  3.8077  4.4604  4.652   5.729   4.951   4.710   4.651   4.664   0.4787  0.0000  0.0 1   -11.716 3.0641551018
    10.00   0.7939890623    0.7928  0.1091  3.8127  4.4249  4.497   5.567   4.782   4.557   4.507   4.526   0.4787  0.0000  0.0 1   -11.652 3.0692470074
    10.00   0.8000000119    0.7987  0.1429  3.8153  4.4046  4.413   5.480   4.690   4.473   4.427   4.449   0.4787  0.0000  0.0 1   -11.622 3.0718705654
    10.00   0.8136278987    0.8122  0.2263  3.8216  4.3538  4.204   5.264   4.463   4.266   4.231   4.260   0.4787  0.0000  0.0 1   -11.565 3.0776720047
    10.00   0.8306519985    0.8289  0.3460  3.8298  4.2758  3.905   4.965   4.139   3.968   3.947   3.986   0.4787  0.0000  0.0 1   -11.519 3.0846450329
    10.00   0.8347801566    0.8329  0.3779  3.8316  4.2532  3.825   4.887   4.053   3.888   3.871   3.912   0.4787  0.0000  0.0 1   -11.513 3.0862922668
    10.00   0.8384223580    0.8365  0.4075  3.8328  4.2301  3.751   4.814   3.974   3.814   3.799   3.842   0.4787  0.0000  0.0 1   -11.510 3.0877315998
    10.00   0.8390126824    0.8370  0.4125  3.8330  4.2262  3.739   4.802   3.961   3.802   3.787   3.830   0.4787  0.0000  0.0 1   -11.509 3.0879635811
    10.00   0.8415398002    0.8395  0.4354  3.8333  4.2058  3.682   4.747   3.902   3.744   3.730   3.773   0.4787  0.0000  0.0 1   -11.508 3.0889532566
    10.00   0.8531218767    0.8507  0.5480  3.8327  4.0966  3.400   4.477   3.614   3.458   3.445   3.488   0.4787  0.0000  0.1 1   -11.513 3.0934126377
    10.00   0.8589919209    0.8563  0.6261  3.8233  3.9838  3.205   4.299   3.436   3.256   3.229   3.261   0.4787  0.0000  0.1 1   -11.522 3.0956256390
    10.00   0.8629534841    0.8600  0.6935  3.8080  3.8569  3.036   4.166   3.303   3.079   3.029   3.043   0.4787  0.0000  0.1 1   -11.531 3.0971016884
    10.00   0.8656615615    0.8625  0.7479  3.7839  3.7074  2.900   4.106   3.231   2.936   2.847   2.834   0.4787  0.0000  0.1 1   -11.538 3.0981028080
    10.00   0.8673405051    0.8640  0.7804  3.7623  3.5895  2.819   4.131   3.217   2.852   2.729   2.690   0.4787  0.0000  0.1 1   -11.543 3.0987200737
    10.00   0.8683997989    0.8650  0.8226  3.7508  3.5017  2.713   4.093   3.151   2.746   2.605   2.553   0.4787  0.0000  0.2 1   -11.546 3.0991084576
    10.00   0.8692122698    0.8657  0.8705  3.7440  3.4267  2.594   4.036   3.057   2.627   2.475   2.415   0.4787  0.0000  0.2 1   -11.549 3.0994055271
    10.00   0.8699548841    0.8663  0.9313  3.7395  3.3484  2.442   3.927   2.922   2.477   2.317   2.251   0.4787  0.0000  0.2 1   -11.551 3.0996766090
    10.00   0.8705489039    0.8667  0.9883  3.7367  3.2805  2.299   3.812   2.790   2.335   2.171   2.102   0.4787  0.0000  0.2 1   -11.552 3.0998930931
    10.00   0.8710948825    0.8671  1.0463  3.7346  3.2140  2.154   3.688   2.653   2.190   2.023   1.951   0.4787  0.0000  0.2 1   -11.554 3.1000919342
    10.00   0.8716035485    0.8674  1.1050  3.7328  3.1484  2.007   3.559   2.512   2.044   1.874   1.800   0.4787  0.0000  0.3 1   -11.555 3.1002769470
    10.00   0.8720783591    0.8677  1.1659  3.7311  3.0807  1.855   3.423   2.366   1.892   1.719   1.643   0.4787  0.0000  0.3 1   -11.556 3.1004493237
    10.00   0.8724898100    0.8679  1.2242  3.7295  3.0161  1.710   3.293   2.227   1.747   1.572   1.494   0.4787  0.0000  0.3 1   -11.557 3.1005985737
    10.00   0.8728973866    0.8680  1.2855  3.7278  2.9483  1.556   3.158   2.079   1.594   1.416   1.336   0.4787  0.0000  0.4 1   -11.558 3.1007461548
    10.00   0.8732574582    0.8681  1.3469  3.7261  2.8800  1.403   3.024   1.932   1.441   1.260   1.178   0.4787  0.0000  0.4 1   -11.558 3.1008765697
    10.00   0.8735701442    0.8681  1.4079  3.7243  2.8118  1.250   2.893   1.787   1.289   1.105   1.020   0.4787  0.0000  0.5 1   -11.559 3.1009898186
    10.00   0.8738477826    0.8680  1.4671  3.7225  2.7456  1.102   2.772   1.647   1.142   0.955   0.868   0.4787  0.0000  0.6 1   -11.559 3.1010901928
    10.00   0.8741025329    0.8679  1.5268  3.7208  2.6787  0.953   2.649   1.507   0.995   0.804   0.715   0.4787  0.0000  0.6 1   -11.558 3.1011822224
    10.00   0.8743362427    0.8676  1.5860  3.7189  2.6119  0.805   2.528   1.368   0.848   0.655   0.563   0.4787  0.0000  0.7 1   -11.558 3.1012666225
    10.00   0.8745263219    0.8674  1.6397  3.7172  2.5512  0.671   2.419   1.243   0.715   0.519   0.424   0.4787  0.0000  0.8 1   -11.557 3.1013352871
    10.00   0.8746988773    0.8670  1.6952  3.7153  2.4881  0.532   2.307   1.114   0.578   0.378   0.281   0.4787  0.0000  0.9 1   -11.556 3.1013975143
    10.00   0.8748452067    0.8667  1.7459  3.7136  2.4304  0.405   2.207   0.996   0.452   0.249   0.150   0.4787  0.0000  1.0 1   -11.555 3.1014502048
    10.00   0.8749845624    0.8662  1.7992  3.7118  2.3695  0.272   2.103   0.873   0.320   0.114   0.013   0.4787  0.0000  1.1 1   -11.554 3.1015005112
    10.00   0.8750994802    0.8657  1.8482  3.7100  2.3133  0.150   2.008   0.760   0.199   -0.010  -0.114  0.4787  0.0000  1.2 1   -11.553 3.1015419960
    10.00   0.8752056956    0.8652  1.8968  3.7083  2.2574  0.028   1.914   0.648   0.079   -0.134  -0.240  0.4787  0.0000  1.3 1   -11.552 3.1015801430
    10.00   0.8752996922    0.8646  1.9421  3.7065  2.2049  -0.085  1.827   0.545   -0.032  -0.249  -0.357  0.4787  0.0000  1.4 1   -11.551 3.1016139984
    10.00   0.8753867149    0.8639  1.9875  3.7049  2.1525  -0.199  1.740   0.441   -0.144  -0.364  -0.475  0.4787  0.0000  1.5 1   -11.549 3.1016454697
    10.00   0.8754633069    0.8632  2.0243  3.7035  2.1099  -0.291  1.669   0.357   -0.235  -0.457  -0.570  0.4787  0.0000  1.7 1   -11.548 3.1016728878
    10.00   0.8755572438    0.8622  2.0604  3.7023  2.0682  -0.381  1.598   0.274   -0.324  -0.549  -0.663  0.4787  0.0000  1.8 1   -11.546 3.1017067432
    10.00   0.8755642176    0.8622  2.0625  3.7022  2.0658  -0.386  1.594   0.270   -0.329  -0.554  -0.669  0.4787  0.0000  1.8 1   -11.546 3.1017093658
    10.00   0.8756400347    0.8614  2.0407  3.7034  2.0923  -0.332  1.631   0.317   -0.276  -0.499  -0.611  0.4787  0.0000  1.7 1   -11.543 3.1017365456
    10.00   0.8757388592    0.8602  2.1091  3.7006  2.0121  -0.503  1.502   0.162   -0.444  -0.672  -0.789  0.4787  0.0000  2.0 1   -11.541 3.1017720699
    10.00   0.8758263588    0.8589  2.1768  3.6979  1.9327  -0.672  1.391   0.013   -0.609  -0.843  -0.964  0.4787  0.0000  2.3 1   -11.540 3.1018035412
    10.00   0.8759054542    0.8573  2.2438  3.6952  1.8541  -0.839  1.285   -0.133  -0.771  -1.011  -1.136  0.4787  0.0000  2.6 1   -11.538 3.1018321514
    10.00   0.8759732246    0.8556  2.3077  3.6925  1.7787  -0.999  1.185   -0.272  -0.926  -1.172  -1.301  0.4787  0.0000  2.9 1   -11.538 3.1018564701
    10.00   0.8760381937    0.8535  2.3771  3.6896  1.6966  -1.173  1.079   -0.422  -1.094  -1.346  -1.480  0.4787  0.0000  3.4 1   -11.537 3.1018798351
    10.00   0.8760918975    0.8513  2.4413  3.6868  1.6200  -1.333  0.984   -0.559  -1.248  -1.508  -1.645  0.4787  0.0000  3.9 1   -11.538 3.1018991470
    10.00   0.8761399388    0.8487  2.5066  3.6838  1.5415  -1.496  0.890   -0.696  -1.405  -1.672  -1.814  0.4787  0.0000  4.6 1   -11.539 3.1019163132
    10.00   0.8761851192    0.8456  2.5740  3.6806  1.4595  -1.665  0.799   -0.836  -1.567  -1.841  -1.989  0.4787  0.0000  5.3 1   -11.543 3.1019325256
    10.00   0.8762274981    0.8418  2.6487  3.6769  1.3680  -1.852  0.707   -0.988  -1.745  -2.029  -2.183  0.4787  0.0000  6.2 1   -11.550 3.1019477844
    10.00   0.8762614131    0.8378  2.7155  3.6736  1.2860  -2.019  0.631   -1.121  -1.903  -2.196  -2.355  0.4787  0.0000  7.2 1   -11.560 3.1019599438
    10.00   0.8762925267    0.8331  2.7829  3.6702  1.2025  -2.187  0.566   -1.251  -2.059  -2.362  -2.527  0.4787  0.0000  8.3 1   -11.576 3.1019711494
    10.00   0.8763207793    0.8275  2.8528  3.6665  1.1148  -2.362  0.507   -1.383  -2.220  -2.533  -2.705  0.4787  0.0000  9.7 1   -11.598 3.1019814014
    10.00   0.8763490319    0.8201  2.9317  3.6619  1.0136  -2.559  0.453   -1.526  -2.399  -2.727  -2.907  0.4787  0.0000  11.5    1   -11.636 3.1019916534
    10.00   0.8763716817    0.8121  3.0020  3.6581  0.9239  -2.735  0.408   -1.653  -2.560  -2.899  -3.087  0.4787  0.0000  13.5    1   -11.683 3.1019997597
    10.00   0.8763914704    0.8030  3.0714  3.6543  0.8345  -2.908  0.367   -1.775  -2.717  -3.070  -3.265  0.4787  0.0000  15.8    1   -11.747 3.1020066738
    10.00   0.8764112592    0.7908  3.1473  3.6498  0.7339  -3.098  0.339   -1.902  -2.887  -3.256  -3.460  0.4787  0.0000  18.8    1   -11.745 3.1020138264
    10.00   0.8764281869    0.7764  3.2191  3.6456  0.6373  -3.278  0.325   -2.015  -3.041  -3.426  -3.640  0.4787  0.0000  22.2    1   -11.102 3.1020200253
    10.00   0.8764309883    0.7739  3.2310  3.6449  0.6211  -3.307  0.324   -2.033  -3.067  -3.454  -3.670  0.4787  0.0000  22.8    1   -10.997 3.1020209789
    10.00   0.8764309883    0.7721  1.6881  3.7718  2.6708  0.550   1.891   0.870   0.558   0.459   0.433   0.4787  0.0000  0.6 1   -11.777 3.1020209789
    10.00   0.8764807582    0.7721  1.6997  3.7674  2.6417  0.521   1.887   0.858   0.531   0.424   0.393   0.4787  0.0000  0.7 1   -11.777 3.1020388603
    10.00   0.8765528798    0.7722  1.7083  3.7644  2.6213  0.499   1.882   0.848   0.510   0.398   0.364   0.4787  0.0000  0.7 1   -11.776 3.1020648479
    10.00   0.8766289353    0.7723  1.7117  3.7638  2.6154  0.491   1.877   0.842   0.502   0.389   0.353   0.4787  0.0000  0.7 1   -11.776 3.1020920277
    10.00   0.8766851425    0.7724  1.7140  3.7634  2.6115  0.485   1.874   0.838   0.496   0.382   0.346   0.4787  0.0000  0.7 1   -11.775 3.1021122932
    10.00   0.8767166734    0.7724  1.7146  3.7636  2.6114  0.484   1.872   0.836   0.494   0.381   0.345   0.4787  0.0000  0.7 1   -11.775 3.1021234989
    10.00   0.8768295050    0.7725  1.7166  3.7640  2.6114  0.478   1.864   0.829   0.489   0.377   0.341   0.4787  0.0000  0.7 1   -11.774 3.1021640301
    10.00   0.8769469261    0.7727  1.7173  3.7652  2.6154  0.477   1.856   0.822   0.487   0.377   0.343   0.4787  0.0000  0.7 1   -11.773 3.1022062302
    10.00   0.8770685792    0.7728  1.7172  3.7668  2.6222  0.477   1.848   0.816   0.487   0.379   0.347   0.4787  0.0000  0.7 1   -11.773 3.1022498608
    10.00   0.8771942854    0.7729  1.7172  3.7684  2.6286  0.477   1.840   0.810   0.486   0.381   0.351   0.4787  0.0000  0.7 1   -11.772 3.1022949219
    10.00   0.8773180842    0.7731  1.7176  3.7697  2.6333  0.476   1.832   0.804   0.485   0.382   0.354   0.4787  0.0000  0.7 1   -11.771 3.1023392677
    10.00   0.8774425387    0.7732  1.7187  3.7703  2.6348  0.473   1.826   0.798   0.481   0.380   0.352   0.4787  0.0000  0.7 1   -11.770 3.1023838520
    10.00   0.8774806261    0.7733  1.7192  3.7705  2.6351  0.472   1.824   0.796   0.480   0.379   0.352   0.4787  0.0000  0.7 1   -11.769 3.1023976803
    10.00   0.8775675893    0.7734  1.7212  3.7699  2.6309  0.467   1.822   0.793   0.475   0.373   0.345   0.4787  0.0000  0.7 1   -11.769 3.1024286747
    10.00   0.8776966929    0.7735  1.7253  3.7685  2.6211  0.457   1.820   0.789   0.466   0.361   0.331   0.4787  0.0000  0.7 1   -11.768 3.1024749279
    10.00   0.8778273463    0.7737  1.7313  3.7661  2.6057  0.442   1.818   0.783   0.451   0.343   0.310   0.4787  0.0000  0.7 1   -11.767 3.1025218964
    10.00   0.8779633641    0.7739  1.7398  3.7629  2.5844  0.420   1.814   0.774   0.431   0.317   0.280   0.4787  0.0000  0.7 1   -11.766 3.1025705338
    10.00   0.8781062365    0.7740  1.7511  3.7594  2.5593  0.392   1.805   0.760   0.404   0.283   0.243   0.4787  0.0000  0.8 1   -11.765 3.1026215553
    10.00   0.8782537580    0.7742  1.7650  3.7558  2.5309  0.357   1.791   0.739   0.370   0.243   0.199   0.4787  0.0000  0.8 1   -11.764 3.1026744843
    10.00   0.8784898520    0.7745  1.7977  3.7488  2.4706  0.276   1.753   0.686   0.291   0.152   0.099   0.4787  0.0000  0.9 1   -11.763 3.1027588844
    10.00   0.8785442710    0.7745  1.8091  3.7470  2.4519  0.247   1.741   0.665   0.263   0.121   0.066   0.4787  0.0000  0.9 1   -11.763 3.1027784348
    10.00   0.8786195517    0.7746  1.8254  3.7443  2.4250  0.206   1.724   0.636   0.224   0.077   0.018   0.4787  0.0000  1.0 1   -11.762 3.1028051376
    10.00   0.8787409663    0.7748  1.8530  3.7400  2.3801  0.138   1.694   0.587   0.157   0.003   -0.062  0.4787  0.0000  1.1 1   -11.762 3.1028485298
    10.00   0.8787786961    0.7748  1.8761  3.7368  2.3443  0.080   1.665   0.544   0.101   -0.059  -0.127  0.4787  0.0000  1.1 1   -11.762 3.1028621197
    10.00   0.8787969947    0.7748  1.9218  3.7310  2.2755  -0.035  1.604   0.457   -0.010  -0.180  -0.256  0.4787  0.0000  1.3 1   -11.763 3.1028685570
    10.00   0.8788022995    0.7748  1.9581  3.7270  2.2230  -0.125  1.551   0.385   -0.098  -0.276  -0.357  0.4787  0.0000  1.4 1   -11.763 3.1028704643
    10.00   0.8788064122    0.7748  2.0332  3.7198  2.1191  -0.313  1.453   0.237   -0.279  -0.471  -0.561  0.4787  0.0000  1.7 1   -11.765 3.1028718948
    10.00   0.8788079619    0.7748  2.0896  3.7157  2.0466  -0.454  1.368   0.119   -0.416  -0.615  -0.711  0.4787  0.0000  1.9 1   -11.766 3.1028726101
    10.00   0.8788096309    0.7748  2.1486  3.7120  1.9725  -0.601  1.276   -0.006  -0.559  -0.766  -0.867  0.4787  0.0000  2.1 1   -11.768 3.1028730869
    10.00   0.8788111210    0.7748  2.1941  3.7092  1.9160  -0.715  1.204   -0.103  -0.670  -0.882  -0.987  0.4787  0.0000  2.4 1   -11.770 3.1028738022
    10.00   0.8788145781    0.7749  2.2542  3.7056  1.8416  -0.865  1.110   -0.231  -0.817  -1.036  -1.146  0.4787  0.0000  2.7 1   -11.772 3.1028749943
    10.00   0.8788284063    0.7749  2.1980  3.7092  1.9119  -0.725  1.196   -0.113  -0.680  -0.892  -0.997  0.4787  0.0000  2.4 1   -11.770 3.1028797626
    10.00   0.8788595796    0.7749  2.2645  3.7050  1.8288  -0.891  1.094   -0.253  -0.842  -1.063  -1.173  0.4787  0.0000  2.7 1   -11.772 3.1028909683
    10.00   0.8788744211    0.7749  2.3201  3.7017  1.7598  -1.030  1.007   -0.371  -0.978  -1.205  -1.320  0.4787  0.0000  3.1 1   -11.775 3.1028962135
    10.00   0.8788902164    0.7749  2.3901  3.6976  1.6734  -1.205  0.911   -0.516  -1.146  -1.382  -1.503  0.4787  0.0000  3.6 1   -11.778 3.1029019356
    10.00   0.8789021373    0.7750  2.4517  3.6941  1.5978  -1.359  0.833   -0.642  -1.293  -1.537  -1.663  0.4787  0.0000  4.1 1   -11.782 3.1029062271
    10.00   0.8789138794    0.7750  2.5249  3.6899  1.5079  -1.542  0.742   -0.790  -1.466  -1.720  -1.853  0.4787  0.0000  4.8 1   -11.788 3.1029102802
    10.00   0.8789259791    0.7750  2.6069  3.6846  1.4046  -1.747  0.661   -0.948  -1.660  -1.926  -2.068  0.4787  0.0000  5.7 1   -11.796 3.1029148102
    10.00   0.8789351583    0.7750  2.6777  3.6801  1.3162  -1.924  0.590   -1.084  -1.826  -2.104  -2.253  0.4787  0.0000  6.7 1   -11.805 3.1029179096
    10.00   0.8789422512    0.7750  2.7440  3.6764  1.2348  -2.090  0.517   -1.214  -1.984  -2.271  -2.426  0.4787  0.0000  7.7 1   -11.814 3.1029205322
    10.00   0.8789483309    0.7750  2.8118  3.6725  1.1515  -2.259  0.457   -1.343  -2.140  -2.439  -2.600  0.4787  0.0000  8.9 1   -11.826 3.1029226780
    10.00   0.8789532185    0.7750  2.8759  3.6684  1.0709  -2.420  0.419   -1.457  -2.285  -2.595  -2.764  0.4787  0.0000  10.3    1   -11.840 3.1029243469
    10.00   0.8789577484    0.7750  2.9391  3.6643  0.9914  -2.578  0.385   -1.567  -2.427  -2.749  -2.925  0.4787  0.0000  11.8    1   -11.857 3.1029260159
    10.00   0.8789632320    0.7750  3.0112  3.6598  0.9015  -2.758  0.351   -1.691  -2.590  -2.926  -3.111  0.4787  0.0000  13.9    1   -11.879 3.1029279232
    10.00   0.8789676428    0.7750  3.1116  3.6533  0.7749  -3.009  0.320   -1.856  -2.813  -3.171  -3.369  0.4787  0.0000  17.4    1   -11.919 3.1029295921
    10.00   0.8789679408    0.7750  3.1254  3.6525  0.7577  -3.044  0.315   -1.879  -2.844  -3.205  -3.404  0.4787  0.0000  17.9    1   -11.926 3.1029295921
    10.00   0.8789680004    0.7750  2.6078  3.6826  1.3958  -1.750  0.697   -0.934  -1.657  -1.928  -2.073  0.4697  0.0000  5.8 1   -11.797 3.1029298306
    10.00   0.8789823055    0.7508  2.7266  3.6752  1.2338  -2.047  0.583   -1.161  -1.937  -2.227  -2.384  3.0517  0.0000  7.7 1   -10.210 3.1029348373
    10.00   0.8789877295    0.7344  2.7715  3.6719  1.1659  -2.159  0.567   -1.237  -2.037  -2.337  -2.499  3.4588  0.5302  8.6 1   -9.870  3.1029367447
    10.00   0.8789926767    0.7053  2.8267  3.6686  1.0800  -2.297  0.534   -1.336  -2.163  -2.472  -2.641  3.6163  0.5344  9.9 1   -9.698  3.1029386520
    10.00   0.8789964914    0.6318  3.2706  3.6523  0.5231  -3.406  0.070   -2.207  -3.204  -3.575  -3.777  3.6906  0.5373  25.8    1   -9.288  3.1029398441
    10.00   0.8789967895    0.6255  3.1887  3.6623  0.6407  -3.202  -0.039  -2.130  -3.042  -3.382  -3.565  3.6906  0.5377  20.9    1   -9.510  3.1029400826
    10.00   0.8789983392    0.6045  3.3435  3.8919  1.3895  -3.589  -2.483  -3.710  -3.541  -3.384  -3.354  3.4653  0.5435  5.5 1   -99.999 3.1029405594
    10.00   0.8789984584    0.6026  3.2545  3.9064  1.5350  -3.366  -2.296  -3.475  -3.282  -3.109  -3.068  3.4667  0.5437  4.3 1   -99.999 3.1029405594
    10.00   0.8789994121    0.5946  3.3825  3.9269  1.4835  -3.686  -2.683  -3.746  -3.540  -3.349  -3.293  3.4765  0.5443  4.7 1   -99.999 3.1029410362
    10.00   0.8789997697    0.5891  3.2684  3.9494  1.6835  -3.401  -2.434  -3.382  -3.166  -2.967  -2.886  3.4767  0.5448  3.3 1   -99.999 3.1029410362
    10.00   0.8790004253    0.5821  3.3665  3.9637  1.6372  -3.646  -2.683  -3.581  -3.350  -3.143  -3.049  3.4767  0.5455  3.6 1   -99.999 3.1029412746
    10.00   0.8790009618    0.5592  3.3960  3.9897  1.6944  -3.720  -2.761  -3.553  -3.303  -3.084  -2.967  3.4767  0.5464  3.2 1   -99.999 3.1029415131
    10.00   0.8790013194    0.5531  3.4248  4.0051  1.7225  -3.792  -2.835  -3.553  -3.298  -3.075  -2.945  3.4767  0.5468  3.0 1   -99.999 3.1029415131
    10.00   0.8790016174    0.5491  3.4919  4.0289  1.7472  -3.960  -2.995  -3.607  -3.343  -3.113  -2.963  3.4767  0.5471  2.9 1   -99.999 3.1029417515
    10.00   0.8790023923    0.5491  3.4154  4.2927  2.8790  -3.769  -2.076  -2.049  -1.631  -1.313  -1.029  0.0030  0.5491  0.4 1   -13.528 3.1029419899
    10.00   0.8790032864    0.5491  3.4176  4.4070  3.3342  -3.774  -1.673  -1.452  -0.980  -0.631  -0.310  0.0001  0.5492  0.2 1   -13.528 3.1029422283
