# log(age/yr)   M_ini       M_act   logL/Lo logTe   logG    mbol    u       g       r       i       z   C/O M_hec   period  pmode   logMdot int_IMF
    10.00   0.1500000060    0.1500  -2.3331 3.5781  5.2056  10.603  15.233  12.512  11.076  10.512  10.185  0.4787  0.0000  0.0 1   -17.817 1.9609395266
    10.00   0.2000000030    0.2000  -2.0360 3.6003  5.1221  9.860   13.729  11.446  10.196  9.719   9.444   0.4787  0.0000  0.0 1   -17.692 2.2217822075
    10.00   0.2500000000    0.2500  -1.8409 3.6116  5.0693  9.372   13.055  10.846  9.668   9.223   8.968   0.4787  0.0000  0.0 1   -17.573 2.4080901146
    10.00   0.3000000119    0.3000  -1.6902 3.6205  5.0332  8.996   12.534  10.381  9.260   8.840   8.601   0.4787  0.0000  0.0 1   -16.636 2.5475041866
    10.00   0.3499999940    0.3500  -1.5647 3.6280  5.0047  8.682   12.096  9.993   8.919   8.520   8.295   0.4787  0.0000  0.0 1   -15.843 2.6555202007
    10.00   0.4000000060    0.4000  -1.4240 3.6353  4.9513  8.330   11.618  9.568   8.543   8.166   7.954   0.4787  0.0000  0.0 1   -15.157 2.7413372993
    10.00   0.4499999881    0.4500  -1.2940 3.6445  4.9092  8.005   11.134  9.150   8.186   7.836   7.641   0.4787  0.0000  0.0 1   -14.551 2.8109800816
    10.00   0.5000000000    0.5000  -1.1433 3.6567  4.8531  7.628   10.539  8.657   7.770   7.453   7.279   0.4787  0.0000  0.0 1   -14.009 2.8684780598
    10.00   0.5500000119    0.5500  -0.9711 3.6749  4.7950  7.198   9.778   8.061   7.283   7.011   6.868   0.4787  0.0000  0.0 1   -13.519 2.9166350365
    10.00   0.5732127428    0.5732  -0.8817 3.6866  4.7704  6.974   9.351   7.753   7.033   6.784   6.657   0.4787  0.0000  0.0 1   -13.307 2.9363682270
    10.00   0.6000000238    0.5998  -0.7851 3.6992  4.7438  6.733   8.892   7.422   6.763   6.539   6.430   0.4787  0.0000  0.0 1   -13.073 2.9573988914
    10.00   0.6231289506    0.6229  -0.6947 3.7120  4.7213  6.507   8.471   7.125   6.521   6.318   6.226   0.4787  0.0000  0.0 1   -12.879 2.9742228985
    10.00   0.6504932046    0.6502  -0.5883 3.7271  4.6937  6.241   7.985   6.781   6.239   6.061   5.988   0.4787  0.0000  0.0 1   -12.659 2.9926881790
    10.00   0.6749825478    0.6746  -0.4926 3.7405  4.6676  6.002   7.583   6.486   5.997   5.840   5.783   0.4787  0.0000  0.0 1   -12.469 3.0079846382
    10.00   0.6973566413    0.6969  -0.4044 3.7525  4.6416  5.781   7.224   6.217   5.775   5.638   5.594   0.4787  0.0000  0.0 1   -12.302 3.0210480690
    10.00   0.6999999881    0.6996  -0.3939 3.7539  4.6384  5.755   7.185   6.186   5.750   5.614   5.572   0.4787  0.0000  0.0 1   -12.282 3.0225379467
    10.00   0.7081880569    0.7077  -0.3607 3.7581  4.6269  5.672   7.066   6.090   5.669   5.540   5.502   0.4787  0.0000  0.0 1   -12.226 3.0270845890
    10.00   0.7274254560    0.7269  -0.2815 3.7670  4.5948  5.474   6.790   5.863   5.475   5.359   5.332   0.4787  0.0000  0.0 1   -12.090 3.0373759270
    10.00   0.7452796102    0.7446  -0.2060 3.7755  4.5639  5.285   6.529   5.646   5.291   5.188   5.169   0.4787  0.0000  0.0 1   -11.963 3.0464661121
    10.00   0.7621221542    0.7614  -0.1326 3.7833  4.5312  5.102   6.307   5.442   5.113   5.022   5.012   0.4787  0.0000  0.0 1   -11.846 3.0546624660
    10.00   0.7786174417    0.7777  -0.0577 3.7905  4.4946  4.914   6.084   5.235   4.931   4.851   4.849   0.4787  0.0000  0.0 1   -11.739 3.0623562336
    10.00   0.7964899540    0.7955  0.0288  3.7981  4.4480  4.698   5.834   4.997   4.719   4.650   4.657   0.4787  0.0000  0.0 1   -11.638 3.0703434944
    10.00   0.8000000119    0.7989  0.0466  3.7995  4.4379  4.654   5.783   4.948   4.676   4.609   4.618   0.4787  0.0000  0.0 1   -11.621 3.0718705654
    10.00   0.8077498674    0.8066  0.0861  3.8026  4.4148  4.555   5.677   4.841   4.578   4.517   4.529   0.4787  0.0000  0.0 1   -11.586 3.0751943588
    10.00   0.8187348247    0.8174  0.1453  3.8064  4.3768  4.407   5.523   4.682   4.432   4.377   4.393   0.4787  0.0000  0.0 1   -11.547 3.0797948837
    10.00   0.8303442597    0.8289  0.2134  3.8106  4.3314  4.236   5.346   4.500   4.263   4.215   4.236   0.4787  0.0000  0.0 1   -11.519 3.0845217705
    10.00   0.8409443498    0.8393  0.2795  3.8141  4.2847  4.071   5.177   4.323   4.099   4.057   4.082   0.4787  0.0000  0.0 1   -11.508 3.0887205601
    10.00   0.8441753983    0.8425  0.3006  3.8149  4.2688  4.019   5.124   4.268   4.047   4.006   4.032   0.4787  0.0000  0.0 1   -11.508 3.0899791718
    10.00   0.8449766040    0.8433  0.3058  3.8151  4.2645  4.005   5.111   4.254   4.033   3.993   4.020   0.4787  0.0000  0.0 1   -11.508 3.0902895927
    10.00   0.8491054177    0.8473  0.3342  3.8159  4.2414  3.935   5.040   4.180   3.962   3.924   3.951   0.4787  0.0000  0.0 1   -11.510 3.0918803215
    10.00   0.8526920080    0.8508  0.3598  3.8163  4.2193  3.871   4.977   4.113   3.898   3.860   3.888   0.4787  0.0000  0.0 1   -11.513 3.0932493210
    10.00   0.8655284643    0.8633  0.4653  3.8150  4.1147  3.607   4.726   3.848   3.631   3.593   3.619   0.4787  0.0000  0.1 1   -11.540 3.0980536938
    10.00   0.8722075224    0.8697  0.5331  3.8090  4.0264  3.437   4.577   3.690   3.457   3.410   3.430   0.4787  0.0000  0.1 1   -11.564 3.1004960537
    10.00   0.8768418431    0.8742  0.5896  3.7997  3.9350  3.296   4.464   3.570   3.310   3.249   3.258   0.4787  0.0000  0.1 1   -11.583 3.1021685600
    10.00   0.8798088431    0.8770  0.6310  3.7877  3.8466  3.193   4.417   3.499   3.201   3.121   3.117   0.4787  0.0000  0.1 1   -11.597 3.1032297611
    10.00   0.8819209933    0.8789  0.6563  3.7721  3.7599  3.129   4.432   3.482   3.133   3.029   3.007   0.4787  0.0000  0.1 1   -11.607 3.1039807796
    10.00   0.8837110400    0.8806  0.6768  3.7558  3.6750  3.078   4.500   3.488   3.080   2.950   2.910   0.4787  0.0000  0.1 1   -11.616 3.1046142578
    10.00   0.8850546479    0.8818  0.7076  3.7447  3.6004  3.001   4.521   3.455   3.005   2.858   2.804   0.4787  0.0000  0.1 1   -11.623 3.1050882339
    10.00   0.8860930204    0.8827  0.7549  3.7384  3.5286  2.883   4.469   3.364   2.890   2.733   2.671   0.4787  0.0000  0.1 1   -11.629 3.1054532528
    10.00   0.8869429231    0.8835  0.8058  3.7346  3.4626  2.755   4.384   3.253   2.764   2.601   2.534   0.4787  0.0000  0.2 1   -11.633 3.1057515144
    10.00   0.8878505826    0.8843  0.8695  3.7314  3.3866  2.596   4.260   3.106   2.606   2.438   2.368   0.4787  0.0000  0.2 1   -11.638 3.1060695648
    10.00   0.8886083364    0.8849  0.9313  3.7290  3.3155  2.442   4.132   2.962   2.453   2.280   2.207   0.4787  0.0000  0.2 1   -11.642 3.1063342094
    10.00   0.8892748356    0.8854  0.9928  3.7269  3.2460  2.288   4.001   2.817   2.300   2.124   2.049   0.4787  0.0000  0.2 1   -11.645 3.1065669060
    10.00   0.8899231553    0.8858  1.0577  3.7249  3.1732  2.126   3.862   2.663   2.139   1.960   1.882   0.4787  0.0000  0.3 1   -11.648 3.1067926884
    10.00   0.8904762268    0.8862  1.1236  3.7230  3.0999  1.961   3.725   2.507   1.976   1.794   1.714   0.4787  0.0000  0.3 1   -11.650 3.1069853306
    10.00   0.8909462094    0.8865  1.1833  3.7213  3.0335  1.812   3.600   2.367   1.829   1.644   1.561   0.4787  0.0000  0.3 1   -11.652 3.1071486473
    10.00   0.8913797140    0.8866  1.2465  3.7193  2.9626  1.654   3.472   2.219   1.673   1.485   1.400   0.4787  0.0000  0.4 1   -11.654 3.1072990894
    10.00   0.8917464018    0.8867  1.3048  3.7175  2.8968  1.508   3.356   2.083   1.529   1.338   1.250   0.4787  0.0000  0.4 1   -11.654 3.1074261665
    10.00   0.8920887113    0.8868  1.3647  3.7155  2.8293  1.358   3.236   1.943   1.382   1.187   1.096   0.4787  0.0000  0.5 1   -11.655 3.1075448990
    10.00   0.8924006224    0.8868  1.4264  3.7135  2.7593  1.204   3.115   1.801   1.230   1.031   0.938   0.4787  0.0000  0.5 1   -11.655 3.1076529026
    10.00   0.8926761150    0.8867  1.4892  3.7113  2.6877  1.047   2.992   1.656   1.075   0.873   0.777   0.4787  0.0000  0.6 1   -11.655 3.1077482700
    10.00   0.8929171562    0.8865  1.5501  3.7089  2.6173  0.895   2.875   1.516   0.926   0.719   0.620   0.4787  0.0000  0.7 1   -11.654 3.1078317165
    10.00   0.8931318521    0.8863  1.6096  3.7067  2.5488  0.746   2.760   1.380   0.779   0.569   0.467   0.4787  0.0000  0.8 1   -11.653 3.1079058647
    10.00   0.8933222294    0.8859  1.6679  3.7047  2.4824  0.600   2.645   1.246   0.636   0.422   0.317   0.4787  0.0000  0.9 1   -11.651 3.1079716682
    10.00   0.8934984803    0.8855  1.7277  3.7022  2.4122  0.451   2.538   1.112   0.489   0.271   0.162   0.4787  0.0000  1.0 1   -11.649 3.1080324650
    10.00   0.8936625123    0.8851  1.7888  3.6996  2.3406  0.298   2.429   0.975   0.340   0.117   0.004   0.4787  0.0000  1.1 1   -11.647 3.1080892086
    10.00   0.8938245773    0.8844  1.8453  3.6974  2.2748  0.157   2.334   0.850   0.204   -0.024  -0.140  0.4787  0.0000  1.3 1   -11.643 3.1081449986
    10.00   0.8939380050    0.8839  1.8731  3.6963  2.2423  0.087   2.286   0.788   0.136   -0.094  -0.211  0.4787  0.0000  1.3 1   -11.641 3.1081843376
    10.00   0.8940508962    0.8833  1.8229  3.6992  2.3039  0.213   2.355   0.893   0.255   0.031   -0.082  0.4787  0.0000  1.2 1   -11.637 3.1082231998
    10.00   0.8941785097    0.8827  1.8971  3.6957  2.2157  0.027   2.239   0.732   0.078   -0.154  -0.271  0.4787  0.0000  1.4 1   -11.634 3.1082673073
    10.00   0.8943061829    0.8818  1.9679  3.6925  2.1314  -0.150  2.127   0.579   -0.092  -0.330  -0.453  0.4787  0.0000  1.6 1   -11.630 3.1083111763
    10.00   0.8944097161    0.8809  2.0293  3.6896  2.0580  -0.303  2.033   0.447   -0.239  -0.482  -0.609  0.4787  0.0000  1.8 1   -11.626 3.1083469391
    10.00   0.8945088387    0.8798  2.0937  3.6864  1.9804  -0.464  1.937   0.309   -0.393  -0.643  -0.774  0.4787  0.0000  2.1 1   -11.622 3.1083810329
    10.00   0.8945925236    0.8786  2.1552  3.6835  1.9067  -0.618  1.848   0.178   -0.541  -0.796  -0.932  0.4787  0.0000  2.4 1   -11.617 3.1084098816
    10.00   0.8946674466    0.8772  2.2178  3.6803  1.8307  -0.775  1.763   0.048   -0.690  -0.952  -1.093  0.4787  0.0000  2.7 1   -11.612 3.1084356308
    10.00   0.8947335482    0.8756  2.2807  3.6769  1.7532  -0.932  1.683   -0.082  -0.839  -1.109  -1.255  0.4787  0.0000  3.1 1   -11.606 3.1084585190
    10.00   0.8947886229    0.8740  2.3369  3.6741  1.6848  -1.072  1.609   -0.197  -0.972  -1.248  -1.398  0.4787  0.0000  3.5 1   -11.602 3.1084773540
    10.00   0.8948436975    0.8719  2.4000  3.6703  1.6055  -1.230  1.544   -0.320  -1.116  -1.400  -1.557  0.4787  0.0000  4.0 1   -11.596 3.1084964275
    10.00   0.8948900104    0.8697  2.4595  3.6668  1.5313  -1.379  1.480   -0.436  -1.252  -1.544  -1.706  0.4787  0.0000  4.6 1   -11.591 3.1085124016
    10.00   0.8949297071    0.8673  2.5187  3.6635  1.4574  -1.527  1.422   -0.551  -1.388  -1.688  -1.856  0.4787  0.0000  5.2 1   -11.587 3.1085259914
    10.00   0.8949694037    0.8643  2.5812  3.6602  1.3803  -1.683  1.358   -0.673  -1.532  -1.840  -2.014  0.4787  0.0000  5.9 1   -11.583 3.1085395813
    10.00   0.8950002789    0.8615  2.6352  3.6566  1.3106  -1.818  1.321   -0.771  -1.653  -1.970  -2.150  0.4787  0.0000  6.7 1   -11.582 3.1085503101
    10.00   0.8950310946    0.8579  2.6953  3.6528  1.2333  -1.968  1.279   -0.881  -1.789  -2.116  -2.302  0.4787  0.0000  7.6 1   -11.582 3.1085608006
    10.00   0.8950597644    0.8536  2.7575  3.6489  1.1535  -2.124  1.237   -0.993  -1.928  -2.265  -2.458  0.4787  0.0000  8.7 1   -11.585 3.1085708141
    10.00   0.8950840831    0.8490  2.8159  3.6452  1.0778  -2.270  1.206   -1.094  -2.054  -2.401  -2.602  0.4787  0.0000  10.4    1   -11.592 3.1085791588
    10.00   0.8951038718    0.8444  2.8685  3.6415  1.0078  -2.401  1.189   -1.179  -2.166  -2.523  -2.732  0.4787  0.0000  11.8    1   -11.603 3.1085858345
    10.00   0.8951259255    0.8379  2.9320  3.6372  0.9242  -2.560  1.173   -1.282  -2.301  -2.672  -2.888  0.4787  0.0000  13.6    1   -11.625 3.1085934639
    10.00   0.8951457739    0.8306  2.9939  3.6329  0.8409  -2.715  1.167   -1.378  -2.432  -2.816  -3.041  0.4787  0.0000  15.7    1   -11.657 3.1086003780
    10.00   0.8951590061    0.8243  3.0406  3.6293  0.7767  -2.831  1.173   -1.446  -2.528  -2.923  -3.156  0.4787  0.0000  17.6    1   -11.692 3.1086049080
    10.00   0.8951744437    0.8155  3.0978  3.6250  0.6977  -2.975  1.180   -1.530  -2.647  -3.055  -3.297  0.4787  0.0000  20.2    1   -11.621 3.1086101532
    10.00   0.8951876760    0.8061  3.1510  3.6215  0.6253  -3.108  1.187   -1.604  -2.754  -3.176  -3.426  0.4787  0.0000  22.9    1   -11.123 3.1086146832
    10.00   0.8952009082    0.7942  3.2111  3.6180  0.5447  -3.258  1.184   -1.694  -2.879  -3.313  -3.572  0.4787  0.0000  26.4    1   -10.584 3.1086192131
    10.00   0.8952141404    0.7790  3.2689  3.6138  0.4618  -3.402  1.211   -1.766  -2.992  -3.442  -3.712  0.4787  0.0000  30.5    1   -10.053 3.1086237431
    10.00   0.8952163458    0.7761  3.2808  3.6130  0.4453  -3.432  1.214   -1.782  -3.016  -3.469  -3.741  0.4787  0.0000  31.4    1   -9.949  3.1086246967
    10.00   0.8952163458    0.7749  1.6943  3.7365  2.5252  0.534   2.200   1.002   0.533   0.376   0.312   0.4787  0.0000  0.8 1   -11.760 3.1086246967
    10.00   0.8952873349    0.7750  1.7058  3.7350  2.5077  0.506   2.187   0.981   0.505   0.345   0.279   0.4787  0.0000  0.8 1   -11.759 3.1086490154
    10.00   0.8953883648    0.7751  1.7135  3.7343  2.4971  0.486   2.175   0.965   0.486   0.325   0.258   0.4787  0.0000  0.9 1   -11.759 3.1086838245
    10.00   0.8954572082    0.7752  1.7169  3.7341  2.4930  0.478   2.169   0.957   0.478   0.316   0.249   0.4787  0.0000  0.9 1   -11.758 3.1087074280
    10.00   0.8955000639    0.7753  1.7177  3.7342  2.4925  0.476   2.166   0.955   0.476   0.314   0.247   0.4787  0.0000  0.9 1   -11.758 3.1087222099
    10.00   0.8956276774    0.7754  1.7183  3.7349  2.4948  0.474   2.158   0.950   0.474   0.314   0.248   0.4787  0.0000  0.9 1   -11.757 3.1087660789
    10.00   0.8957605958    0.7756  1.7169  3.7361  2.5012  0.478   2.149   0.947   0.476   0.318   0.254   0.4787  0.0000  0.9 1   -11.756 3.1088116169
    10.00   0.8958996534    0.7758  1.7155  3.7373  2.5076  0.481   2.141   0.944   0.479   0.323   0.260   0.4787  0.0000  0.8 1   -11.754 3.1088595390
    10.00   0.8960435390    0.7760  1.7148  3.7383  2.5124  0.483   2.133   0.941   0.480   0.326   0.264   0.4787  0.0000  0.8 1   -11.753 3.1089088917
    10.00   0.8961907029    0.7761  1.7146  3.7392  2.5160  0.483   2.125   0.937   0.480   0.327   0.267   0.4787  0.0000  0.8 1   -11.752 3.1089594364
    10.00   0.8963386416    0.7763  1.7153  3.7398  2.5178  0.482   2.118   0.933   0.478   0.326   0.266   0.4787  0.0000  0.8 1   -11.751 3.1090102196
    10.00   0.8964819908    0.7765  1.7168  3.7401  2.5180  0.478   2.111   0.927   0.474   0.323   0.264   0.4787  0.0000  0.8 1   -11.750 3.1090593338
    10.00   0.8965694904    0.7766  1.7179  3.7403  2.5174  0.475   2.107   0.924   0.471   0.320   0.261   0.4787  0.0000  0.8 1   -11.749 3.1090893745
    10.00   0.8966174126    0.7767  1.7190  3.7402  2.5159  0.472   2.105   0.921   0.468   0.317   0.258   0.4787  0.0000  0.8 1   -11.749 3.1091058254
    10.00   0.8967387080    0.7768  1.7224  3.7398  2.5112  0.464   2.100   0.915   0.460   0.308   0.249   0.4787  0.0000  0.8 1   -11.748 3.1091473103
    10.00   0.8968602419    0.7770  1.7269  3.7392  2.5045  0.453   2.095   0.906   0.449   0.297   0.236   0.4787  0.0000  0.9 1   -11.747 3.1091890335
    10.00   0.8969871998    0.7771  1.7331  3.7384  2.4949  0.437   2.088   0.895   0.434   0.280   0.219   0.4787  0.0000  0.9 1   -11.746 3.1092324257
    10.00   0.8971190453    0.7773  1.7413  3.7373  2.4823  0.417   2.080   0.880   0.414   0.258   0.195   0.4787  0.0000  0.9 1   -11.745 3.1092777252
    10.00   0.8972502947    0.7774  1.7517  3.7358  2.4661  0.391   2.069   0.861   0.389   0.230   0.166   0.4787  0.0000  0.9 1   -11.744 3.1093225479
    10.00   0.8974012136    0.7776  1.7658  3.7339  2.4445  0.355   2.054   0.835   0.355   0.193   0.126   0.4787  0.0000  0.9 1   -11.743 3.1093742847
    10.00   0.8974816799    0.7777  1.7738  3.7329  2.4325  0.336   2.045   0.820   0.335   0.172   0.103   0.4787  0.0000  1.0 1   -11.743 3.1094017029
    10.00   0.8975793123    0.7779  1.7902  3.7311  2.4090  0.295   2.023   0.788   0.295   0.129   0.058   0.4787  0.0000  1.0 1   -11.742 3.1094353199
    10.00   0.8978319764    0.7782  1.8500  3.7242  2.3219  0.145   1.951   0.673   0.150   -0.029  -0.108  0.4787  0.0000  1.2 1   -11.741 3.1095216274
    10.00   0.8978540897    0.7782  1.8791  3.7211  2.2806  0.072   1.923   0.618   0.082   -0.103  -0.186  0.4787  0.0000  1.3 1   -11.742 3.1095292568
    10.00   0.8978706598    0.7782  1.9312  3.7165  2.2099  -0.058  1.863   0.515   -0.043  -0.236  -0.326  0.4787  0.0000  1.4 1   -11.743 3.1095347404
    10.00   0.8978755474    0.7782  1.9720  3.7129  2.1547  -0.160  1.814   0.435   -0.140  -0.340  -0.434  0.4787  0.0000  1.6 1   -11.743 3.1095364094
    10.00   0.8978794813    0.7782  2.0529  3.7059  2.0459  -0.362  1.718   0.276   -0.333  -0.546  -0.650  0.4787  0.0000  1.9 1   -11.745 3.1095378399
    10.00   0.8978814483    0.7782  2.1207  3.7000  1.9543  -0.532  1.641   0.144   -0.495  -0.720  -0.831  0.4787  0.0000  2.2 1   -11.748 3.1095385551
    10.00   0.8978835344    0.7782  2.1913  3.6951  1.8643  -0.708  1.564   0.004   -0.661  -0.895  -1.014  0.4787  0.0000  2.6 1   -11.750 3.1095392704
    10.00   0.8978865147    0.7782  2.2519  3.6912  1.7879  -0.860  1.496   -0.117  -0.803  -1.045  -1.170  0.4787  0.0000  3.0 1   -11.753 3.1095402241
    10.00   0.8978884220    0.7782  2.2699  3.6899  1.7648  -0.905  1.478   -0.152  -0.845  -1.090  -1.217  0.4787  0.0000  3.1 1   -11.754 3.1095409393
    10.00   0.8978977203    0.7783  2.2130  3.6941  1.8384  -0.763  1.533   -0.043  -0.713  -0.949  -1.069  0.4787  0.0000  2.7 1   -11.751 3.1095440388
    10.00   0.8979054093    0.7783  2.2019  3.6949  1.8528  -0.735  1.544   -0.021  -0.687  -0.921  -1.040  0.4787  0.0000  2.6 1   -11.750 3.1095466614
    10.00   0.8979433775    0.7783  2.2661  3.6903  1.7702  -0.895  1.480   -0.146  -0.837  -1.081  -1.206  0.4787  0.0000  3.0 1   -11.753 3.1095597744
    10.00   0.8979678750    0.7783  2.3550  3.6839  1.6558  -1.118  1.393   -0.318  -1.044  -1.301  -1.437  0.4787  0.0000  3.7 1   -11.758 3.1095681190
    10.00   0.8979852796    0.7784  2.4388  3.6777  1.5472  -1.327  1.317   -0.476  -1.239  -1.509  -1.653  0.4787  0.0000  4.5 1   -11.764 3.1095740795
    10.00   0.8979952335    0.7784  2.4894  3.6738  1.4808  -1.454  1.280   -0.569  -1.354  -1.633  -1.784  0.4787  0.0000  5.0 1   -11.769 3.1095774174
    10.00   0.8980052471    0.7784  2.5437  3.6697  1.4105  -1.589  1.247   -0.665  -1.475  -1.763  -1.921  0.4787  0.0000  5.7 1   -11.774 3.1095807552
    10.00   0.8980152607    0.7784  2.6012  3.6656  1.3365  -1.733  1.212   -0.768  -1.603  -1.901  -2.066  0.4787  0.0000  6.5 1   -11.782 3.1095843315
    10.00   0.8980258703    0.7784  2.6781  3.6594  1.2345  -1.925  1.184   -0.897  -1.772  -2.085  -2.260  0.4787  0.0000  7.7 1   -11.793 3.1095879078
    10.00   0.8980330229    0.7784  2.7446  3.6545  1.1488  -2.091  1.151   -1.013  -1.919  -2.244  -2.428  0.4787  0.0000  9.0 1   -11.806 3.1095902920
    10.00   0.8980384469    0.7784  2.8046  3.6496  1.0690  -2.241  1.137   -1.111  -2.049  -2.386  -2.579  0.4787  0.0000  10.3    1   -11.820 3.1095921993
    10.00   0.8980432749    0.7784  2.8663  3.6447  0.9877  -2.396  1.129   -1.206  -2.177  -2.528  -2.730  0.4787  0.0000  11.9    1   -11.836 3.1095938683
    10.00   0.8980476856    0.7784  2.9268  3.6404  0.9101  -2.547  1.118   -1.301  -2.305  -2.669  -2.879  0.4787  0.0000  13.7    1   -11.856 3.1095952988
    10.00   0.8980520368    0.7784  2.9843  3.6359  0.8344  -2.691  1.123   -1.385  -2.424  -2.801  -3.021  0.4787  0.0000  15.6    1   -11.878 3.1095969677
    10.00   0.8980566263    0.7784  3.0431  3.6306  0.7546  -2.838  1.148   -1.463  -2.541  -2.934  -3.165  0.4787  0.0000  18.0    1   -11.906 3.1095983982
    10.00   0.8980607390    0.7785  3.1222  3.6238  0.6481  -3.035  1.183   -1.566  -2.698  -3.112  -3.358  0.4787  0.0000  21.8    1   -11.311 3.1095998287
    10.00   0.8980611563    0.7785  3.1403  3.6223  0.6242  -3.081  1.192   -1.589  -2.734  -3.153  -3.401  0.4787  0.0000  22.7    1   -11.148 3.1096000671
    10.00   0.8980611563    0.7785  2.6528  3.6674  1.2922  -1.862  1.059   -0.910  -1.740  -2.035  -2.197  0.4735  0.0000  7.0 1   -11.786 3.1096000671
    10.00   0.8980798721    0.7418  2.7799  3.6610  1.1183  -2.180  0.936   -1.158  -2.033  -2.345  -2.518  0.4729  0.0000  9.4 1   -12.057 3.1096062660
    10.00   0.8980866075    0.7023  2.9651  3.6486  0.8596  -2.643  0.855   -1.477  -2.445  -2.791  -2.986  0.4729  0.0000  14.6    1   -12.393 3.1096086502
    10.00   0.8980873227    0.6971  2.8374  3.6579  1.0216  -2.324  0.891   -1.267  -2.166  -2.486  -2.664  0.4729  0.5378  10.9    1   -12.391 3.1096088886
    10.00   0.8980921507    0.5589  3.4642  3.6415  0.2330  -3.890  0.120   -2.548  -3.648  -4.037  -4.251  0.4729  0.5415  96.7    0   -9.496  3.1096105576
    10.00   0.8980929852    0.5589  3.4666  4.1111  2.1090  -3.897  -2.795  -3.165  -2.844  -2.583  -2.379  0.0110  0.5585  1.6 1   -13.444 3.1096107960
