# log(age/yr)   M_ini       M_act   logL/Lo logTe   logG    mbol    u       g       r       i       z   C/O M_hec   period  pmode   logMdot int_IMF
    10.00   0.1500000060    0.1500  -2.3182 3.5828  5.2095  10.565  15.044  12.404  11.007  10.464  10.151  0.4787  0.0000  0.0 1   -17.817 1.9609395266
    10.00   0.2000000030    0.2000  -2.0193 3.6051  5.1248  9.818   13.589  11.349  10.136  9.674   9.408   0.4787  0.0000  0.0 1   -17.692 2.2217822075
    10.00   0.2500000000    0.2500  -1.8209 3.6167  5.0697  9.322   12.895  10.736  9.599   9.169   8.923   0.4787  0.0000  0.0 1   -17.573 2.4080901146
    10.00   0.3000000119    0.3000  -1.6724 3.6255  5.0353  8.951   12.375  10.276  9.196   8.790   8.560   0.4787  0.0000  0.0 1   -16.636 2.5475041866
    10.00   0.3499999940    0.3500  -1.5473 3.6330  5.0073  8.638   11.935  9.890   8.857   8.472   8.255   0.4787  0.0000  0.0 1   -15.843 2.6555202007
    10.00   0.4000000060    0.4000  -1.4169 3.6403  4.9640  8.312   11.483  9.491   8.506   8.142   7.938   0.4787  0.0000  0.0 1   -15.157 2.7413372993
    10.00   0.4499999881    0.4500  -1.2793 3.6495  4.9147  7.968   10.976  9.055   8.131   7.793   7.606   0.4787  0.0000  0.0 1   -14.551 2.8109800816
    10.00   0.5000000000    0.5000  -1.1292 3.6617  4.8591  7.593   10.378  8.570   7.719   7.412   7.246   0.4787  0.0000  0.0 1   -14.009 2.8684780598
    10.00   0.5500000119    0.5500  -0.9558 3.6805  4.8020  7.159   9.608   7.979   7.234   6.970   6.833   0.4787  0.0000  0.0 1   -13.519 2.9166350365
    10.00   0.6000000238    0.5998  -0.7685 3.7051  4.7509  6.691   8.727   7.347   6.717   6.501   6.398   0.4787  0.0000  0.0 1   -13.073 2.9573988914
    10.00   0.6201918125    0.6200  -0.6902 3.7159  4.7302  6.495   8.370   7.094   6.509   6.311   6.223   0.4787  0.0000  0.0 1   -12.904 2.9721500874
    10.00   0.6486173868    0.6483  -0.5804 3.7309  4.6999  6.221   7.889   6.747   6.224   6.051   5.981   0.4787  0.0000  0.0 1   -12.674 2.9914705753
    10.00   0.6741622686    0.6738  -0.4818 3.7442  4.6711  5.975   7.484   6.446   5.976   5.824   5.769   0.4787  0.0000  0.0 1   -12.475 3.0074896812
    10.00   0.6975662708    0.6971  -0.3909 3.7561  4.6426  5.747   7.135   6.176   5.751   5.617   5.576   0.4787  0.0000  0.0 1   -12.300 3.0211668015
    10.00   0.7192761302    0.7188  -0.3054 3.7668  4.6130  5.533   6.831   5.928   5.543   5.426   5.396   0.4787  0.0000  0.0 1   -12.148 3.0330815315
    10.00   0.7243528962    0.7238  -0.2851 3.7691  4.6052  5.483   6.761   5.870   5.494   5.380   5.353   0.4787  0.0000  0.0 1   -12.112 3.0357677937
    10.00   0.7349460721    0.7344  -0.2408 3.7740  4.5869  5.372   6.609   5.743   5.386   5.279   5.258   0.4787  0.0000  0.0 1   -12.036 3.0412571430
    10.00   0.7518423796    0.7512  -0.1681 3.7821  4.5562  5.190   6.385   5.540   5.210   5.116   5.103   0.4787  0.0000  0.0 1   -11.916 3.0497021675
    10.00   0.7681301236    0.7673  -0.0956 3.7897  4.5232  5.009   6.169   5.339   5.034   4.951   4.947   0.4787  0.0000  0.0 1   -11.806 3.0575017929
    10.00   0.7848855257    0.7840  -0.0170 3.7972  4.4840  4.813   5.939   5.122   4.843   4.771   4.776   0.4787  0.0000  0.0 1   -11.701 3.0651977062
    10.00   0.8040464520    0.8029  0.0797  3.8055  4.4310  4.571   5.675   4.857   4.606   4.547   4.561   0.4787  0.0000  0.0 1   -11.602 3.0736141205
    10.00   0.8155000210    0.8143  0.1408  3.8102  4.3946  4.418   5.515   4.692   4.455   4.404   4.423   0.4787  0.0000  0.0 1   -11.557 3.0784533024
    10.00   0.8243529797    0.8230  0.1906  3.8134  4.3625  4.294   5.386   4.558   4.332   4.286   4.309   0.4787  0.0000  0.0 1   -11.532 3.0820994377
    10.00   0.8336274624    0.8321  0.2477  3.8175  4.3263  4.151   5.237   4.403   4.190   4.152   4.179   0.4787  0.0000  0.0 1   -11.514 3.0858340263
    10.00   0.8438223004    0.8421  0.3150  3.8216  4.2807  3.983   5.065   4.222   4.023   3.992   4.024   0.4787  0.0000  0.0 1   -11.508 3.0898420811
    10.00   0.8475517631    0.8458  0.3412  3.8227  4.2610  3.917   4.999   4.152   3.957   3.928   3.962   0.4787  0.0000  0.0 1   -11.509 3.0912835598
    10.00   0.8476681709    0.8459  0.3420  3.8228  4.2603  3.915   4.996   4.150   3.955   3.926   3.960   0.4787  0.0000  0.0 1   -11.509 3.0913283825
    10.00   0.8520469069    0.8502  0.3758  3.8237  4.2324  3.831   4.913   4.062   3.871   3.843   3.878   0.4787  0.0000  0.0 1   -11.512 3.0930039883
    10.00   0.8550359011    0.8531  0.4003  3.8240  4.2107  3.769   4.853   3.998   3.809   3.782   3.818   0.4787  0.0000  0.0 1   -11.516 3.0941376686
    10.00   0.8652080297    0.8629  0.4912  3.8234  4.1223  3.542   4.636   3.767   3.579   3.552   3.587   0.4787  0.0000  0.1 1   -11.539 3.0979354382
    10.00   0.8722995520    0.8698  0.5698  3.8156  4.0160  3.346   4.465   3.586   3.377   3.339   3.365   0.4787  0.0000  0.1 1   -11.564 3.1005296707
    10.00   0.8766842484    0.8739  0.6296  3.8037  3.9105  3.196   4.348   3.463   3.220   3.164   3.177   0.4787  0.0000  0.1 1   -11.582 3.1021120548
    10.00   0.8795972466    0.8767  0.6747  3.7866  3.7987  3.083   4.303   3.396   3.100   3.017   3.011   0.4787  0.0000  0.1 1   -11.595 3.1031541824
    10.00   0.8816964626    0.8786  0.7080  3.7673  3.6891  3.000   4.321   3.373   3.012   2.899   2.870   0.4787  0.0000  0.1 1   -11.605 3.1039011478
    10.00   0.8833600879    0.8801  0.7503  3.7516  3.5845  2.894   4.324   3.321   2.905   2.768   2.720   0.4787  0.0000  0.1 1   -11.614 3.1044902802
    10.00   0.8848308325    0.8814  0.8190  3.7408  3.4733  2.723   4.258   3.194   2.737   2.582   2.522   0.4787  0.0000  0.2 1   -11.621 3.1050093174
    10.00   0.8858792782    0.8823  0.8910  3.7350  3.3784  2.542   4.139   3.038   2.559   2.395   2.327   0.4787  0.0000  0.2 1   -11.626 3.1053781509
    10.00   0.8865708709    0.8828  0.9501  3.7322  3.3086  2.395   4.021   2.901   2.412   2.243   2.173   0.4787  0.0000  0.2 1   -11.630 3.1056210995
    10.00   0.8871706724    0.8833  1.0094  3.7301  3.2413  2.247   3.895   2.761   2.264   2.093   2.019   0.4787  0.0000  0.2 1   -11.632 3.1058313847
    10.00   0.8876625299    0.8836  1.0628  3.7283  3.1807  2.113   3.781   2.635   2.131   1.957   1.881   0.4787  0.0000  0.3 1   -11.634 3.1060037613
    10.00   0.8881288171    0.8839  1.1195  3.7267  3.1176  1.971   3.657   2.500   1.991   1.813   1.736   0.4787  0.0000  0.3 1   -11.636 3.1061668396
    10.00   0.8885637522    0.8841  1.1774  3.7251  3.0534  1.827   3.529   2.362   1.847   1.667   1.587   0.4787  0.0000  0.3 1   -11.638 3.1063187122
    10.00   0.8889412880    0.8843  1.2326  3.7234  2.9917  1.689   3.415   2.232   1.710   1.528   1.446   0.4787  0.0000  0.4 1   -11.639 3.1064505577
    10.00   0.8892959952    0.8844  1.2890  3.7217  2.9284  1.547   3.300   2.099   1.571   1.385   1.302   0.4787  0.0000  0.4 1   -11.640 3.1065742970
    10.00   0.8896204829    0.8845  1.3466  3.7200  2.8639  1.403   3.184   1.964   1.428   1.240   1.154   0.4787  0.0000  0.5 1   -11.640 3.1066873074
    10.00   0.8898807168    0.8845  1.3984  3.7183  2.8054  1.274   3.081   1.843   1.301   1.109   1.021   0.4787  0.0000  0.5 1   -11.640 3.1067779064
    10.00   0.8901275992    0.8844  1.4511  3.7164  2.7453  1.142   2.977   1.721   1.171   0.976   0.885   0.4787  0.0000  0.6 1   -11.640 3.1068639755
    10.00   0.8903574347    0.8843  1.5058  3.7146  2.6833  1.005   2.868   1.594   1.036   0.838   0.745   0.4787  0.0000  0.6 1   -11.640 3.1069438457
    10.00   0.8905688524    0.8841  1.5612  3.7126  2.6198  0.867   2.760   1.466   0.899   0.698   0.602   0.4787  0.0000  0.7 1   -11.639 3.1070175171
    10.00   0.8907560110    0.8839  1.6149  3.7107  2.5582  0.733   2.654   1.343   0.767   0.563   0.464   0.4787  0.0000  0.8 1   -11.638 3.1070826054
    10.00   0.8909112811    0.8836  1.6644  3.7089  2.5013  0.609   2.558   1.229   0.646   0.438   0.336   0.4787  0.0000  0.9 1   -11.637 3.1071364880
    10.00   0.8910608888    0.8833  1.7158  3.7070  2.4422  0.481   2.460   1.112   0.519   0.308   0.204   0.4787  0.0000  0.9 1   -11.635 3.1071884632
    10.00   0.8911963701    0.8829  1.7663  3.7050  2.3838  0.354   2.366   0.997   0.395   0.180   0.073   0.4787  0.0000  1.0 1   -11.633 3.1072354317
    10.00   0.8913117051    0.8825  1.8130  3.7031  2.3292  0.237   2.280   0.891   0.280   0.061   -0.048  0.4787  0.0000  1.1 1   -11.631 3.1072754860
    10.00   0.8914242983    0.8819  1.8595  3.7012  2.2749  0.121   2.194   0.787   0.166   -0.056  -0.168  0.4787  0.0000  1.3 1   -11.629 3.1073145866
    10.00   0.8915230036    0.8814  1.8982  3.6997  2.2299  0.025   2.123   0.699   0.071   -0.154  -0.268  0.4787  0.0000  1.4 1   -11.626 3.1073489189
    10.00   0.8916185498    0.8808  1.9254  3.6987  2.1984  -0.043  2.076   0.639   0.005   -0.222  -0.337  0.4787  0.0000  1.4 1   -11.623 3.1073820591
    10.00   0.8917276263    0.8801  1.8929  3.7006  2.2381  0.038   2.123   0.707   0.083   -0.141  -0.253  0.4787  0.0000  1.3 1   -11.619 3.1074197292
    10.00   0.8918402791    0.8794  1.9557  3.6979  2.1639  -0.119  2.019   0.569   -0.069  -0.298  -0.414  0.4787  0.0000  1.5 1   -11.616 3.1074588299
    10.00   0.8919454813    0.8785  2.0173  3.6951  2.0907  -0.273  1.921   0.435   -0.217  -0.452  -0.572  0.4787  0.0000  1.7 1   -11.613 3.1074953079
    10.00   0.8920452595    0.8775  2.0818  3.6922  2.0141  -0.435  1.819   0.295   -0.372  -0.612  -0.737  0.4787  0.0000  2.0 1   -11.609 3.1075298786
    10.00   0.8921322823    0.8763  2.1439  3.6893  1.9400  -0.590  1.727   0.162   -0.521  -0.767  -0.896  0.4787  0.0000  2.2 1   -11.604 3.1075599194
    10.00   0.8922163844    0.8748  2.2118  3.6861  1.8585  -0.759  1.629   0.018   -0.684  -0.937  -1.071  0.4787  0.0000  2.6 1   -11.599 3.1075892448
    10.00   0.8922878504    0.8732  2.2762  3.6829  1.7804  -0.921  1.540   -0.117  -0.838  -1.098  -1.237  0.4787  0.0000  3.0 1   -11.594 3.1076138020
    10.00   0.8923565745    0.8711  2.3460  3.6793  1.6951  -1.095  1.447   -0.262  -1.004  -1.272  -1.416  0.4787  0.0000  3.4 1   -11.589 3.1076376438
    10.00   0.8924117088    0.8690  2.4104  3.6758  1.6160  -1.256  1.364   -0.394  -1.157  -1.433  -1.582  0.4787  0.0000  3.9 1   -11.584 3.1076567173
    10.00   0.8924659491    0.8663  2.4802  3.6720  1.5295  -1.431  1.284   -0.533  -1.319  -1.604  -1.759  0.4787  0.0000  4.6 1   -11.579 3.1076755524
    10.00   0.8925066590    0.8637  2.5413  3.6685  1.4530  -1.583  1.225   -0.651  -1.459  -1.752  -1.913  0.4787  0.0000  5.2 1   -11.576 3.1076896191
    10.00   0.8925500512    0.8602  2.6131  3.6645  1.3634  -1.763  1.158   -0.788  -1.623  -1.927  -2.095  0.4787  0.0000  6.1 1   -11.573 3.1077046394
    10.00   0.8925873637    0.8562  2.6832  3.6604  1.2751  -1.938  1.098   -0.921  -1.784  -2.097  -2.273  0.4787  0.0000  7.1 1   -11.573 3.1077175140
    10.00   0.8926197290    0.8516  2.7513  3.6563  1.1880  -2.108  1.049   -1.046  -1.938  -2.262  -2.445  0.4787  0.0000  8.2 1   -11.577 3.1077287197
    10.00   0.8926496506    0.8460  2.8215  3.6519  1.0977  -2.284  1.001   -1.174  -2.096  -2.432  -2.623  0.4787  0.0000  10.0    1   -11.587 3.1077392101
    10.00   0.8926776648    0.8392  2.8990  3.6469  0.9964  -2.478  0.963   -1.308  -2.266  -2.616  -2.816  0.4787  0.0000  12.0    1   -11.607 3.1077487469
    10.00   0.8927023411    0.8309  2.9706  3.6424  0.9026  -2.656  0.940   -1.425  -2.420  -2.785  -2.994  0.4787  0.0000  14.1    1   -11.639 3.1077573299
    10.00   0.8927248716    0.8208  3.0476  3.6367  0.7973  -2.849  0.944   -1.539  -2.581  -2.963  -3.184  0.4787  0.0000  16.9    1   -11.694 3.1077651978
    10.00   0.8927446008    0.8084  3.1228  3.6319  0.6965  -3.037  0.931   -1.658  -2.741  -3.140  -3.371  0.4787  0.0000  20.2    1   -11.578 3.1077718735
    10.00   0.8927624822    0.7932  3.1991  3.6271  0.5927  -3.228  0.923   -1.778  -2.904  -3.319  -3.560  0.4787  0.0000  24.2    1   -10.875 3.1077780724
    10.00   0.8927779198    0.7752  3.2680  3.6226  0.4957  -3.400  0.932   -1.876  -3.046  -3.477  -3.729  0.4787  0.0000  28.6    1   -10.251 3.1077835560
    10.00   0.8927779198    0.7786  1.6977  3.7430  2.5496  0.526   2.102   0.962   0.528   0.380   0.323   0.4787  0.0000  0.8 1   -11.737 3.1077835560
    10.00   0.8928588033    0.7787  1.7112  3.7406  2.5265  0.492   2.092   0.940   0.495   0.344   0.284   0.4787  0.0000  0.8 1   -11.736 3.1078114510
    10.00   0.8929610848    0.7788  1.7178  3.7399  2.5174  0.476   2.082   0.927   0.479   0.327   0.266   0.4787  0.0000  0.8 1   -11.736 3.1078467369
    10.00   0.8930292726    0.7789  1.7210  3.7397  2.5132  0.467   2.076   0.920   0.471   0.318   0.257   0.4787  0.0000  0.8 1   -11.735 3.1078703403
    10.00   0.8930786252    0.7789  1.7217  3.7399  2.5133  0.466   2.073   0.917   0.469   0.317   0.256   0.4787  0.0000  0.8 1   -11.735 3.1078875065
    10.00   0.8932205439    0.7791  1.7226  3.7406  2.5154  0.463   2.064   0.911   0.467   0.315   0.255   0.4787  0.0000  0.8 1   -11.734 3.1079366207
    10.00   0.8933691978    0.7793  1.7218  3.7419  2.5215  0.466   2.054   0.907   0.468   0.319   0.260   0.4787  0.0000  0.8 1   -11.733 3.1079878807
    10.00   0.8935249448    0.7795  1.7208  3.7432  2.5276  0.468   2.045   0.903   0.469   0.322   0.266   0.4787  0.0000  0.8 1   -11.731 3.1080417633
    10.00   0.8936855793    0.7797  1.7206  3.7442  2.5322  0.469   2.036   0.899   0.469   0.324   0.269   0.4787  0.0000  0.8 1   -11.730 3.1080970764
    10.00   0.8938519359    0.7799  1.7212  3.7451  2.5351  0.467   2.026   0.893   0.467   0.324   0.269   0.4787  0.0000  0.8 1   -11.729 3.1081545353
    10.00   0.8940198421    0.7801  1.7227  3.7455  2.5356  0.463   2.018   0.887   0.463   0.320   0.266   0.4787  0.0000  0.8 1   -11.728 3.1082124710
    10.00   0.8940998316    0.7802  1.7238  3.7456  2.5350  0.460   2.014   0.883   0.460   0.317   0.264   0.4787  0.0000  0.8 1   -11.727 3.1082401276
    10.00   0.8941515088    0.7803  1.7250  3.7456  2.5334  0.457   2.012   0.881   0.457   0.314   0.261   0.4787  0.0000  0.8 1   -11.727 3.1082577705
    10.00   0.8942521214    0.7804  1.7277  3.7452  2.5296  0.451   2.009   0.876   0.451   0.307   0.253   0.4787  0.0000  0.8 1   -11.726 3.1082925797
    10.00   0.8943523169    0.7805  1.7311  3.7447  2.5242  0.442   2.006   0.870   0.443   0.298   0.244   0.4787  0.0000  0.8 1   -11.725 3.1083271503
    10.00   0.8944547176    0.7806  1.7354  3.7440  2.5171  0.432   2.002   0.862   0.432   0.287   0.231   0.4787  0.0000  0.8 1   -11.724 3.1083624363
    10.00   0.8945615292    0.7808  1.7408  3.7431  2.5082  0.418   1.997   0.853   0.419   0.272   0.215   0.4787  0.0000  0.8 1   -11.724 3.1083991528
    10.00   0.8946727514    0.7809  1.7481  3.7419  2.4962  0.400   1.990   0.840   0.402   0.252   0.194   0.4787  0.0000  0.9 1   -11.723 3.1084375381
    10.00   0.8947916627    0.7811  1.7573  3.7405  2.4813  0.377   1.982   0.824   0.379   0.228   0.168   0.4787  0.0000  0.9 1   -11.722 3.1084785461
    10.00   0.8949535489    0.7813  1.7722  3.7383  2.4578  0.339   1.967   0.797   0.343   0.188   0.125   0.4787  0.0000  0.9 1   -11.721 3.1085340977
    10.00   0.8950021863    0.7813  1.7773  3.7376  2.4498  0.327   1.961   0.788   0.331   0.174   0.110   0.4787  0.0000  0.9 1   -11.721 3.1085510254
    10.00   0.8950663805    0.7814  1.7847  3.7366  2.4385  0.308   1.953   0.774   0.313   0.155   0.090   0.4787  0.0000  1.0 1   -11.721 3.1085729599
    10.00   0.8953705430    0.7818  1.8614  3.7275  2.3256  0.117   1.855   0.627   0.127   -0.048  -0.125  0.4787  0.0000  1.2 1   -11.719 3.1086776257
    10.00   0.8953945637    0.7818  1.8975  3.7239  2.2750  0.026   1.807   0.555   0.039   -0.142  -0.224  0.4787  0.0000  1.3 1   -11.720 3.1086859703
    10.00   0.8954077959    0.7818  1.9443  3.7195  2.2107  -0.091  1.754   0.463   -0.073  -0.262  -0.349  0.4787  0.0000  1.4 1   -11.721 3.1086905003
    10.00   0.8954117894    0.7818  1.9851  3.7158  2.1552  -0.193  1.705   0.383   -0.171  -0.367  -0.459  0.4787  0.0000  1.6 1   -11.722 3.1086919308
    10.00   0.8954148293    0.7818  2.0454  3.7106  2.0741  -0.343  1.632   0.264   -0.315  -0.520  -0.619  0.4787  0.0000  1.8 1   -11.723 3.1086928844
    10.00   0.8954172134    0.7818  2.1258  3.7041  1.9677  -0.544  1.529   0.103   -0.508  -0.726  -0.833  0.4787  0.0000  2.2 1   -11.725 3.1086935997
    10.00   0.8954196572    0.7818  2.2028  3.6991  1.8707  -0.737  1.422   -0.056  -0.693  -0.922  -1.036  0.4787  0.0000  2.6 1   -11.728 3.1086945534
    10.00   0.8954231143    0.7818  2.2613  3.6954  1.7972  -0.883  1.355   -0.174  -0.831  -1.067  -1.187  0.4787  0.0000  2.9 1   -11.731 3.1086957455
    10.00   0.8954240680    0.7818  2.2717  3.6947  1.7842  -0.909  1.343   -0.194  -0.856  -1.093  -1.214  0.4787  0.0000  3.0 1   -11.731 3.1086959839
    10.00   0.8954370022    0.7819  2.2124  3.6989  1.8602  -0.761  1.404   -0.078  -0.717  -0.946  -1.061  0.4787  0.0000  2.6 1   -11.728 3.1087005138
    10.00   0.8954408169    0.7819  2.2054  3.6994  1.8692  -0.743  1.411   -0.065  -0.700  -0.928  -1.042  0.4787  0.0000  2.6 1   -11.728 3.1087017059
    10.00   0.8954794407    0.7819  2.2750  3.6946  1.7804  -0.918  1.337   -0.202  -0.864  -1.102  -1.223  0.4787  0.0000  3.0 1   -11.731 3.1087150574
    10.00   0.8955022097    0.7819  2.3575  3.6889  1.6752  -1.124  1.252   -0.363  -1.057  -1.307  -1.436  0.4787  0.0000  3.6 1   -11.735 3.1087229252
    10.00   0.8955206871    0.7820  2.4413  3.6830  1.5679  -1.333  1.169   -0.525  -1.253  -1.515  -1.654  0.4787  0.0000  4.3 1   -11.741 3.1087293625
    10.00   0.8955356479    0.7820  2.5165  3.6776  1.4713  -1.521  1.100   -0.668  -1.429  -1.702  -1.849  0.4787  0.0000  5.1 1   -11.748 3.1087343693
    10.00   0.8955452442    0.7820  2.5679  3.6740  1.4054  -1.650  1.059   -0.763  -1.547  -1.830  -1.982  0.4787  0.0000  5.7 1   -11.753 3.1087377071
    10.00   0.8955554962    0.7820  2.6306  3.6694  1.3244  -1.807  1.023   -0.874  -1.687  -1.980  -2.141  0.4787  0.0000  6.6 1   -11.761 3.1087412834
    10.00   0.8955658078    0.7820  2.7090  3.6635  1.2224  -2.003  0.986   -1.010  -1.861  -2.169  -2.339  0.4787  0.0000  7.9 1   -11.773 3.1087448597
    10.00   0.8955726027    0.7820  2.7754  3.6588  1.1371  -2.168  0.952   -1.126  -2.009  -2.329  -2.507  0.4787  0.0000  9.2 1   -11.786 3.1087470055
    10.00   0.8955783844    0.7820  2.8418  3.6537  1.0504  -2.334  0.929   -1.238  -2.155  -2.488  -2.675  0.4787  0.0000  10.7    1   -11.802 3.1087491512
    10.00   0.8955830932    0.7820  2.9030  3.6494  0.9717  -2.487  0.907   -1.340  -2.289  -2.634  -2.830  0.4787  0.0000  12.3    1   -11.819 3.1087508202
    10.00   0.8955876231    0.7820  2.9623  3.6451  0.8954  -2.636  0.899   -1.432  -2.414  -2.772  -2.976  0.4787  0.0000  14.1    1   -11.838 3.1087522507
    10.00   0.8955925107    0.7820  3.0242  3.6402  0.8138  -2.791  0.907   -1.521  -2.542  -2.915  -3.129  0.4787  0.0000  16.2    1   -11.863 3.1087539196
    10.00   0.8955971599    0.7821  3.1021  3.6337  0.7101  -2.985  0.929   -1.629  -2.700  -3.093  -3.321  0.4787  0.0000  19.5    1   -11.698 3.1087555885
    10.00   0.8955979347    0.7821  3.1233  3.6320  0.6821  -3.038  0.935   -1.659  -2.743  -3.142  -3.373  0.4787  0.0000  20.5    1   -11.505 3.1087558270
    10.00   0.8955982327    0.7821  3.1357  3.6311  0.6660  -3.069  0.936   -1.677  -2.769  -3.171  -3.404  0.4787  0.0000  21.1    1   -11.394 3.1087558270
    10.00   0.8955982327    0.7821  3.0409  3.6389  0.7918  -2.832  0.909   -1.545  -2.576  -2.953  -3.170  0.4788  0.0000  16.9    1   -11.871 3.1087558270
    10.00   0.8956161141    0.7516  2.7643  3.6674  1.1654  -2.141  0.784   -1.180  -2.015  -2.315  -2.480  0.4728  0.5290  8.7 1   -11.981 3.1087620258
    10.00   0.8956232071    0.7170  2.8695  3.6609  1.0137  -2.404  0.714   -1.372  -2.253  -2.571  -2.747  0.4728  0.5357  11.2    1   -12.253 3.1087644100
    10.00   0.8956275582    0.6758  2.8746  3.6630  0.9912  -2.417  0.664   -1.402  -2.274  -2.588  -2.760  0.4728  0.5404  11.4    1   -12.555 3.1087660789
    10.00   0.8956282139    0.6460  3.0231  3.6785  0.8850  -2.788  -0.003  -1.908  -2.704  -2.986  -3.133  0.4531  0.5412  13.6    1   -12.811 3.1087663174
    10.00   0.8956289291    0.6104  3.2044  3.6789  0.6809  -3.241  -0.392  -2.350  -3.160  -3.447  -3.594  0.4531  0.5417  19.3    1   -11.956 3.1087665558
    10.00   0.8956295848    0.5806  3.3558  3.6791  0.5087  -3.619  -0.713  -2.718  -3.541  -3.831  -3.979  0.4531  0.5421  25.9    1   -10.868 3.1087667942
    10.00   0.8956300616    0.5564  3.4796  3.6795  0.3679  -3.929  -0.974  -3.017  -3.852  -4.146  -4.294  0.4531  0.5425  33.1    1   -10.006 3.1087667942
