# log(age/yr)   M_ini       M_act   logL/Lo logTe   logG    mbol    u       g       r       i       z   C/O M_hec   period  pmode   logMdot int_IMF
    10.00   0.1500000060    0.1500  -2.3547 3.5709  5.1985  10.657  15.524  12.671  11.193  10.588  10.239  0.4787  0.0000  0.0 1   -17.817 1.9609395266
    10.00   0.2000000030    0.2000  -2.0510 3.5955  5.1181  9.898   13.939  11.559  10.265  9.767   9.478   0.4787  0.0000  0.0 1   -17.692 2.2217822075
    10.00   0.2500000000    0.2500  -1.8548 3.6073  5.0660  9.407   13.192  10.935  9.720   9.261   8.997   0.4787  0.0000  0.0 1   -17.573 2.4080901146
    10.00   0.3000000119    0.3000  -1.7026 3.6166  5.0301  9.027   12.669  10.465  9.306   8.874   8.628   0.4787  0.0000  0.0 1   -16.636 2.5475041866
    10.00   0.3499999940    0.3500  -1.5768 3.6241  5.0012  8.712   12.239  10.078  8.965   8.555   8.323   0.4787  0.0000  0.0 1   -15.843 2.6555202007
    10.00   0.4000000060    0.4000  -1.4386 3.6306  4.9473  8.367   11.785  9.667   8.598   8.208   7.988   0.4787  0.0000  0.0 1   -15.157 2.7413372993
    10.00   0.4499999881    0.4500  -1.3119 3.6392  4.9057  8.050   11.324  9.264   8.252   7.888   7.683   0.4787  0.0000  0.0 1   -14.551 2.8109800816
    10.00   0.5000000000    0.5000  -1.1656 3.6503  4.8498  7.684   10.765  8.784   7.847   7.517   7.333   0.4787  0.0000  0.0 1   -14.009 2.8684780598
    10.00   0.5500000119    0.5500  -0.9998 3.6663  4.7891  7.269   10.060  8.220   7.382   7.092   6.936   0.4787  0.0000  0.0 1   -13.519 2.9166350365
    10.00   0.5763459206    0.5763  -0.9029 3.6778  4.7590  7.027   9.609   7.875   7.104   6.842   6.704   0.4787  0.0000  0.0 1   -13.279 2.9389202595
    10.00   0.6000000238    0.5998  -0.8222 3.6873  4.7335  6.825   9.242   7.603   6.880   6.636   6.512   0.4787  0.0000  0.0 1   -13.073 2.9573988914
    10.00   0.6013923287    0.6012  -0.8169 3.6881  4.7322  6.812   9.216   7.584   6.865   6.622   6.499   0.4787  0.0000  0.0 1   -13.061 2.9584450722
    10.00   0.6334443688    0.6332  -0.6949 3.7053  4.7017  6.507   8.623   7.162   6.524   6.313   6.214   0.4787  0.0000  0.0 1   -12.795 2.9813630581
    10.00   0.6614204049    0.6611  -0.5891 3.7203  4.6746  6.243   8.132   6.815   6.239   6.054   5.975   0.4787  0.0000  0.0 1   -12.573 2.9996492863
    10.00   0.6864628792    0.6861  -0.4941 3.7337  4.6493  6.005   7.714   6.515   5.993   5.828   5.766   0.4787  0.0000  0.0 1   -12.382 3.0147907734
    10.00   0.6999999881    0.6996  -0.4426 3.7409  4.6349  5.877   7.495   6.355   5.861   5.708   5.654   0.4787  0.0000  0.0 1   -12.282 3.0225379467
    10.00   0.7193849683    0.7189  -0.3660 3.7507  4.6097  5.685   7.182   6.122   5.667   5.530   5.486   0.4787  0.0000  0.0 1   -12.147 3.0331394672
    10.00   0.7386009693    0.7380  -0.2891 3.7598  4.5805  5.493   6.905   5.899   5.478   5.354   5.321   0.4787  0.0000  0.0 1   -12.010 3.0431156158
    10.00   0.7564278245    0.7558  -0.2162 3.7682  4.5513  5.310   6.646   5.688   5.299   5.188   5.164   0.4787  0.0000  0.0 1   -11.884 3.0519309044
    10.00   0.7732381225    0.7725  -0.1455 3.7757  4.5204  5.134   6.404   5.486   5.126   5.025   5.010   0.4787  0.0000  0.0 1   -11.772 3.0598821640
    10.00   0.7896959782    0.7888  -0.0739 3.7828  4.4860  4.955   6.187   5.287   4.952   4.862   4.854   0.4787  0.0000  0.0 1   -11.674 3.0673487186
    10.00   0.8000000119    0.7991  -0.0279 3.7870  4.4625  4.840   6.051   5.160   4.839   4.756   4.753   0.4787  0.0000  0.0 1   -11.620 3.0718705654
    10.00   0.8184722066    0.8173  0.0622  3.7941  4.4108  4.615   5.791   4.914   4.618   4.546   4.551   0.4787  0.0000  0.0 1   -11.547 3.0796864033
    10.00   0.8292741776    0.8280  0.1172  3.7978  4.3762  4.477   5.636   4.764   4.483   4.416   4.426   0.4787  0.0000  0.0 1   -11.521 3.0840916634
    10.00   0.8406855464    0.8393  0.1796  3.8017  4.3350  4.321   5.467   4.597   4.329   4.268   4.282   0.4787  0.0000  0.0 1   -11.508 3.0886194706
    10.00   0.8511006832    0.8495  0.2396  3.8049  4.2931  4.171   5.312   4.437   4.180   4.125   4.142   0.4787  0.0000  0.0 1   -11.512 3.0926432610
    10.00   0.8542745709    0.8527  0.2584  3.8057  4.2790  4.124   5.264   4.387   4.133   4.080   4.098   0.4787  0.0000  0.0 1   -11.516 3.0938496590
    10.00   0.8550615907    0.8534  0.2631  3.8058  4.2753  4.112   5.252   4.375   4.122   4.068   4.087   0.4787  0.0000  0.0 1   -11.517 3.0941472054
    10.00   0.8598859310    0.8582  0.2922  3.8067  4.2521  4.040   5.179   4.299   4.049   3.997   4.017   0.4787  0.0000  0.0 1   -11.526 3.0959599018
    10.00   0.8640998006    0.8623  0.3187  3.8072  4.2300  3.973   5.114   4.230   3.983   3.932   3.952   0.4787  0.0000  0.0 1   -11.537 3.0975260735
    10.00   0.8793488145    0.8772  0.4284  3.8063  4.1241  3.699   4.850   3.954   3.706   3.655   3.674   0.4787  0.0000  0.1 1   -11.598 3.1030657291
    10.00   0.8866046667    0.8842  0.4923  3.8010  4.0421  3.539   4.710   3.805   3.543   3.484   3.497   0.4787  0.0000  0.1 1   -11.637 3.1056330204
    10.00   0.8916619420    0.8891  0.5434  3.7928  3.9608  3.411   4.624   3.699   3.410   3.339   3.343   0.4787  0.0000  0.1 1   -11.669 3.1073970795
    10.00   0.8949094415    0.8922  0.5796  3.7830  3.8870  3.321   4.584   3.635   3.315   3.229   3.222   0.4787  0.0000  0.1 1   -11.690 3.1085190773
    10.00   0.8972257376    0.8944  0.6004  3.7698  3.8142  3.269   4.613   3.625   3.259   3.153   3.131   0.4787  0.0000  0.1 1   -11.706 3.1093142033
    10.00   0.8991917968    0.8962  0.6158  3.7559  3.7441  3.231   4.685   3.637   3.219   3.092   3.053   0.4787  0.0000  0.1 1   -11.720 3.1099858284
    10.00   0.8999999762    0.8970  0.6255  3.7498  3.7104  3.206   4.709   3.635   3.195   3.058   3.012   0.4787  0.0000  0.1 1   -11.726 3.1102609634
    10.00   0.9006015658    0.8975  0.6323  3.7456  3.6870  3.189   4.740   3.637   3.180   3.036   2.986   0.4787  0.0000  0.1 1   -11.730 3.1104655266
    10.00   0.9019910097    0.8988  0.6679  3.7372  3.6186  3.100   4.744   3.584   3.095   2.938   2.877   0.4787  0.0000  0.1 1   -11.741 3.1109368801
    10.00   0.9029037952    0.8996  0.6993  3.7324  3.5684  3.022   4.720   3.528   3.020   2.855   2.788   0.4787  0.0000  0.1 1   -11.747 3.1112458706
    10.00   0.9042255282    0.9008  0.7537  3.7269  3.4925  2.886   4.644   3.416   2.887   2.713   2.640   0.4787  0.0000  0.2 1   -11.757 3.1116919518
    10.00   0.9052897096    0.9018  0.8099  3.7232  3.4221  2.745   4.551   3.293   2.749   2.569   2.492   0.4787  0.0000  0.2 1   -11.765 3.1120500565
    10.00   0.9062300920    0.9026  0.8690  3.7205  3.3527  2.598   4.443   3.160   2.605   2.421   2.340   0.4787  0.0000  0.2 1   -11.772 3.1123659611
    10.00   0.9071197510    0.9033  0.9319  3.7184  3.2814  2.440   4.318   3.014   2.451   2.263   2.179   0.4787  0.0000  0.2 1   -11.778 3.1126639843
    10.00   0.9078703523    0.9039  0.9940  3.7165  3.2123  2.285   4.190   2.868   2.298   2.107   2.021   0.4787  0.0000  0.3 1   -11.783 3.1129150391
    10.00   0.9085693359    0.9044  1.0566  3.7148  3.1429  2.128   4.060   2.721   2.144   1.950   1.861   0.4787  0.0000  0.3 1   -11.788 3.1131484509
    10.00   0.9091679454    0.9048  1.1178  3.7130  3.0749  1.975   3.932   2.577   1.993   1.797   1.705   0.4787  0.0000  0.3 1   -11.791 3.1133480072
    10.00   0.9097254872    0.9052  1.1805  3.7111  3.0046  1.819   3.805   2.431   1.840   1.639   1.545   0.4787  0.0000  0.4 1   -11.794 3.1135337353
    10.00   0.9102383256    0.9054  1.2449  3.7091  2.9322  1.658   3.676   2.281   1.681   1.477   1.380   0.4787  0.0000  0.4 1   -11.796 3.1137044430
    10.00   0.9106919169    0.9056  1.3097  3.7071  2.8595  1.496   3.547   2.131   1.521   1.314   1.215   0.4787  0.0000  0.5 1   -11.798 3.1138551235
    10.00   0.9110834002    0.9057  1.3737  3.7050  2.7874  1.336   3.419   1.982   1.364   1.153   1.051   0.4787  0.0000  0.5 1   -11.799 3.1139850616
    10.00   0.9114416242    0.9056  1.4392  3.7026  2.7120  1.172   3.295   1.833   1.203   0.988   0.882   0.4787  0.0000  0.6 1   -11.799 3.1141037941
    10.00   0.9117729664    0.9056  1.5068  3.7003  2.6352  1.003   3.162   1.677   1.037   0.818   0.709   0.4787  0.0000  0.7 1   -11.799 3.1142137051
    10.00   0.9120664597    0.9054  1.5742  3.6977  2.5576  0.834   3.040   1.526   0.874   0.650   0.538   0.4787  0.0000  0.8 1   -11.797 3.1143109798
    10.00   0.9123290181    0.9051  1.6418  3.6948  2.4781  0.666   2.928   1.378   0.712   0.483   0.366   0.4787  0.0000  0.9 1   -11.795 3.1143977642
    10.00   0.9125625491    0.9047  1.7078  3.6923  2.4017  0.501   2.815   1.231   0.553   0.319   0.198   0.4787  0.0000  1.0 1   -11.793 3.1144750118
    10.00   0.9128380418    0.9040  1.7785  3.6894  2.3193  0.324   2.697   1.075   0.383   0.143   0.018   0.4787  0.0000  1.2 1   -11.787 3.1145660877
    10.00   0.9129180908    0.9038  1.7897  3.6890  2.3065  0.296   2.676   1.050   0.355   0.115   -0.010  0.4787  0.0000  1.2 1   -11.786 3.1145925522
    10.00   0.9130914211    0.9033  1.7375  3.6920  2.3704  0.426   2.748   1.159   0.479   0.244   0.123   0.4787  0.0000  1.1 1   -11.781 3.1146497726
    10.00   0.9132226110    0.9030  1.7946  3.6895  2.3029  0.283   2.657   1.034   0.342   0.102   -0.023  0.4787  0.0000  1.2 1   -11.779 3.1146931648
    10.00   0.9133844376    0.9023  1.8625  3.6862  2.2218  0.114   2.553   0.888   0.180   -0.066  -0.196  0.4787  0.0000  1.4 1   -11.774 3.1147465706
    10.00   0.9135236740    0.9016  1.9238  3.6835  2.1492  -0.039  2.456   0.756   0.033   -0.218  -0.352  0.4787  0.0000  1.6 1   -11.769 3.1147925854
    10.00   0.9136613607    0.9007  1.9914  3.6801  2.0675  -0.208  2.357   0.613   -0.128  -0.386  -0.525  0.4787  0.0000  1.8 1   -11.763 3.1148378849
    10.00   0.9137787819    0.8996  2.0563  3.6769  1.9893  -0.371  2.262   0.475   -0.283  -0.547  -0.690  0.4787  0.0000  2.1 1   -11.756 3.1148767471
    10.00   0.9138802290    0.8985  2.1201  3.6738  1.9126  -0.530  2.174   0.341   -0.434  -0.704  -0.852  0.4787  0.0000  2.4 1   -11.748 3.1149101257
    10.00   0.9139644504    0.8972  2.1802  3.6704  1.8385  -0.680  2.103   0.222   -0.572  -0.850  -1.003  0.4787  0.0000  2.7 1   -11.741 3.1149380207
    10.00   0.9140476584    0.8956  2.2451  3.6671  1.7594  -0.843  2.022   0.091   -0.722  -1.007  -1.166  0.4787  0.0000  3.1 1   -11.731 3.1149654388
    10.00   0.9141206145    0.8939  2.3085  3.6634  1.6802  -1.001  1.953   -0.033  -0.866  -1.160  -1.325  0.4787  0.0000  3.5 1   -11.721 3.1149892807
    10.00   0.9141839147    0.8919  2.3699  3.6597  1.6034  -1.155  1.888   -0.153  -1.006  -1.308  -1.479  0.4787  0.0000  4.0 1   -11.710 3.1150102615
    10.00   0.9142411351    0.8897  2.4356  3.6559  1.5214  -1.319  1.817   -0.282  -1.157  -1.466  -1.644  0.4787  0.0000  4.7 1   -11.699 3.1150290966
    10.00   0.9142934680    0.8870  2.5002  3.6525  1.4415  -1.481  1.750   -0.408  -1.305  -1.623  -1.807  0.4787  0.0000  5.3 1   -11.687 3.1150462627
    10.00   0.9143387675    0.8841  2.5620  3.6483  1.3617  -1.635  1.710   -0.518  -1.441  -1.769  -1.961  0.4787  0.0000  6.1 1   -11.676 3.1150612831
    10.00   0.9143818021    0.8806  2.6302  3.6436  1.2730  -1.805  1.675   -0.633  -1.587  -1.928  -2.128  0.4787  0.0000  7.2 1   -11.664 3.1150753498
    10.00   0.9144187570    0.8766  2.6947  3.6394  1.1897  -1.967  1.639   -0.745  -1.726  -2.078  -2.287  0.4787  0.0000  8.3 1   -11.654 3.1150875092
    10.00   0.9144541025    0.8717  2.7659  3.6346  1.0970  -2.145  1.605   -0.866  -1.879  -2.244  -2.462  0.4787  0.0000  9.7 1   -11.645 3.1150991917
    10.00   0.9144844413    0.8662  2.8329  3.6298  1.0078  -2.312  1.585   -0.975  -2.020  -2.399  -2.626  0.4787  0.0000  11.3    1   -11.641 3.1151092052
    10.00   0.9145127535    0.8595  2.9034  3.6250  0.9147  -2.488  1.569   -1.089  -2.170  -2.562  -2.799  0.4787  0.0000  13.3    1   -11.644 3.1151185036
    10.00   0.9145378470    0.8516  2.9707  3.6201  0.8240  -2.657  1.580   -1.181  -2.305  -2.714  -2.962  0.4787  0.0000  15.6    1   -11.656 3.1151268482
    10.00   0.9145607948    0.8421  3.0437  3.6142  0.7225  -2.839  1.616   -1.271  -2.445  -2.875  -3.137  0.4787  0.0000  19.5    1   -11.689 3.1151344776
    10.00   0.9145834446    0.8290  3.1230  3.6080  0.6117  -3.037  1.653   -1.372  -2.599  -3.050  -3.327  0.4787  0.0000  23.6    1   -11.100 3.1151418686
    10.00   0.9146024585    0.8137  3.1989  3.6026  0.5061  -3.227  1.677   -1.474  -2.750  -3.219  -3.509  0.4787  0.0000  28.5    1   -10.369 3.1151480675
    10.00   0.9146221280    0.7906  3.2826  3.5959  0.3829  -3.437  1.738   -1.550  -2.894  -3.397  -3.707  0.4787  0.0000  35.4    1   -9.571  3.1151545048
    10.00   0.9146258235    0.7853  3.2983  3.5947  0.3597  -3.476  1.745   -1.564  -2.921  -3.430  -3.744  0.4787  0.0000  36.8    1   -9.429  3.1151556969
    10.00   0.9146258235    0.7854  1.6836  3.7262  2.5003  0.561   2.378   1.081   0.555   0.382   0.307   0.4787  0.0000  0.9 1   -11.696 3.1151556969
    10.00   0.9147019982    0.7855  1.6988  3.7241  2.4766  0.523   2.368   1.054   0.519   0.343   0.265   0.4787  0.0000  0.9 1   -11.696 3.1151809692
    10.00   0.9148105383    0.7856  1.7087  3.7231  2.4629  0.498   2.358   1.035   0.496   0.317   0.239   0.4787  0.0000  0.9 1   -11.695 3.1152164936
    10.00   0.9148845077    0.7857  1.7126  3.7228  2.4579  0.488   2.352   1.027   0.486   0.307   0.228   0.4787  0.0000  0.9 1   -11.695 3.1152408123
    10.00   0.9149317741    0.7858  1.7131  3.7230  2.4580  0.487   2.349   1.025   0.485   0.306   0.227   0.4787  0.0000  0.9 1   -11.695 3.1152565479
    10.00   0.9150727391    0.7860  1.7125  3.7238  2.4623  0.489   2.338   1.021   0.485   0.308   0.230   0.4787  0.0000  0.9 1   -11.693 3.1153028011
    10.00   0.9152194858    0.7862  1.7104  3.7251  2.4694  0.494   2.326   1.019   0.489   0.314   0.237   0.4787  0.0000  0.9 1   -11.692 3.1153512001
    10.00   0.9153730273    0.7864  1.7086  3.7262  2.4760  0.499   2.318   1.018   0.493   0.319   0.245   0.4787  0.0000  0.9 1   -11.691 3.1154015064
    10.00   0.9155318737    0.7866  1.7076  3.7272  2.4808  0.501   2.310   1.015   0.494   0.323   0.249   0.4787  0.0000  0.9 1   -11.690 3.1154537201
    10.00   0.9156943560    0.7868  1.7075  3.7280  2.4842  0.501   2.303   1.012   0.494   0.324   0.251   0.4787  0.0000  0.9 1   -11.689 3.1155071259
    10.00   0.9158576727    0.7870  1.7081  3.7285  2.4860  0.500   2.295   1.007   0.492   0.323   0.251   0.4787  0.0000  0.9 1   -11.688 3.1155607700
    10.00   0.9160159230    0.7872  1.7097  3.7289  2.4858  0.496   2.288   1.002   0.488   0.319   0.248   0.4787  0.0000  0.9 1   -11.687 3.1156127453
    10.00   0.9161125422    0.7873  1.7107  3.7290  2.4856  0.493   2.284   0.998   0.485   0.317   0.246   0.4787  0.0000  0.9 1   -11.686 3.1156444550
    10.00   0.9161617160    0.7873  1.7120  3.7289  2.4839  0.490   2.282   0.995   0.482   0.314   0.242   0.4787  0.0000  0.9 1   -11.686 3.1156604290
    10.00   0.9162861705    0.7875  1.7157  3.7285  2.4787  0.481   2.277   0.988   0.473   0.304   0.232   0.4787  0.0000  0.9 1   -11.685 3.1157014370
    10.00   0.9164108634    0.7877  1.7205  3.7280  2.4719  0.469   2.271   0.979   0.461   0.291   0.219   0.4787  0.0000  0.9 1   -11.684 3.1157422066
    10.00   0.9165410995    0.7878  1.7269  3.7272  2.4624  0.453   2.264   0.966   0.446   0.274   0.201   0.4787  0.0000  0.9 1   -11.683 3.1157848835
    10.00   0.9166764021    0.7880  1.7357  3.7262  2.4496  0.431   2.254   0.950   0.424   0.251   0.177   0.4787  0.0000  0.9 1   -11.682 3.1158292294
    10.00   0.9168110490    0.7882  1.7469  3.7249  2.4332  0.403   2.241   0.929   0.397   0.222   0.145   0.4787  0.0000  1.0 1   -11.681 3.1158733368
    10.00   0.9169659019    0.7884  1.7637  3.7230  2.4089  0.361   2.228   0.898   0.358   0.179   0.100   0.4787  0.0000  1.0 1   -11.680 3.1159241199
    10.00   0.9170485139    0.7885  1.7729  3.7219  2.3955  0.338   2.221   0.881   0.336   0.155   0.075   0.4787  0.0000  1.0 1   -11.680 3.1159510612
    10.00   0.9171486497    0.7886  1.7900  3.7201  2.3713  0.295   2.205   0.849   0.296   0.112   0.029   0.4787  0.0000  1.1 1   -11.680 3.1159839630
    10.00   0.9174078107    0.7889  1.8492  3.7136  2.2862  0.147   2.156   0.740   0.157   -0.039  -0.130  0.4787  0.0000  1.2 1   -11.679 3.1160688400
    10.00   0.9174305797    0.7889  1.8806  3.7105  2.2425  0.069   2.126   0.680   0.082   -0.119  -0.214  0.4787  0.0000  1.3 1   -11.679 3.1160762310
    10.00   0.9174475074    0.7890  1.9365  3.7054  2.1662  -0.071  2.065   0.572   -0.050  -0.261  -0.363  0.4787  0.0000  1.5 1   -11.680 3.1160817146
    10.00   0.9174525738    0.7890  1.9801  3.7016  2.1072  -0.180  2.016   0.487   -0.154  -0.372  -0.479  0.4787  0.0000  1.7 1   -11.681 3.1160833836
    10.00   0.9174565673    0.7890  2.0628  3.6942  1.9950  -0.387  1.945   0.332   -0.344  -0.577  -0.694  0.4787  0.0000  2.1 1   -11.684 3.1160845757
    10.00   0.9174584746    0.7890  2.1277  3.6884  1.9071  -0.549  1.899   0.214   -0.493  -0.736  -0.862  0.4787  0.0000  2.4 1   -11.686 3.1160852909
    10.00   0.9174605608    0.7890  2.1921  3.6835  1.8231  -0.710  1.840   0.091   -0.642  -0.895  -1.028  0.4787  0.0000  2.8 1   -11.689 3.1160860062
    10.00   0.9174634218    0.7890  2.2489  3.6796  1.7505  -0.852  1.782   -0.020  -0.774  -1.035  -1.174  0.4787  0.0000  3.2 1   -11.691 3.1160869598
    10.00   0.9174653292    0.7890  2.2705  3.6781  1.7227  -0.906  1.761   -0.062  -0.825  -1.089  -1.230  0.4787  0.0000  3.3 1   -11.693 3.1160874367
    10.00   0.9174760580    0.7890  2.2133  3.6824  1.7973  -0.763  1.813   0.047   -0.692  -0.948  -1.082  0.4787  0.0000  2.9 1   -11.689 3.1160910130
    10.00   0.9174848795    0.7890  2.2029  3.6831  1.8105  -0.737  1.823   0.067   -0.668  -0.922  -1.056  0.4787  0.0000  2.8 1   -11.689 3.1160938740
    10.00   0.9175242782    0.7891  2.2655  3.6786  1.7300  -0.894  1.763   -0.054  -0.814  -1.077  -1.217  0.4787  0.0000  3.3 1   -11.692 3.1161067486
    10.00   0.9175497293    0.7891  2.3521  3.6720  1.6172  -1.110  1.691   -0.214  -1.010  -1.287  -1.437  0.4787  0.0000  4.0 1   -11.697 3.1161150932
    10.00   0.9175677896    0.7891  2.4365  3.6657  1.5074  -1.321  1.628   -0.367  -1.198  -1.488  -1.649  0.4787  0.0000  4.8 1   -11.704 3.1161210537
    10.00   0.9175781608    0.7891  2.4892  3.6614  1.4376  -1.453  1.602   -0.458  -1.313  -1.613  -1.781  0.4787  0.0000  5.4 1   -11.709 3.1161243916
    10.00   0.9175885320    0.7891  2.5452  3.6570  1.3640  -1.593  1.575   -0.555  -1.436  -1.746  -1.922  0.4787  0.0000  6.2 1   -11.716 3.1161277294
    10.00   0.9175989032    0.7892  2.6041  3.6526  1.2874  -1.740  1.544   -0.658  -1.566  -1.886  -2.070  0.4787  0.0000  7.1 1   -11.724 3.1161313057
    10.00   0.9176099300    0.7892  2.6821  3.6462  1.1841  -1.935  1.522   -0.784  -1.732  -2.067  -2.263  0.4787  0.0000  8.5 1   -11.738 3.1161348820
    10.00   0.9176173210    0.7892  2.7508  3.6407  1.0931  -2.107  1.508   -0.891  -1.874  -2.225  -2.431  0.4787  0.0000  9.9 1   -11.753 3.1161372662
    10.00   0.9176229835    0.7892  2.8153  3.6352  1.0068  -2.268  1.505   -0.989  -2.006  -2.371  -2.588  0.4787  0.0000  11.6    1   -11.770 3.1161391735
    10.00   0.9176280499    0.7892  2.8816  3.6296  0.9182  -2.434  1.513   -1.085  -2.141  -2.522  -2.750  0.4787  0.0000  13.5    1   -11.791 3.1161408424
    10.00   0.9176325798    0.7892  2.9444  3.6247  0.8355  -2.591  1.519   -1.177  -2.270  -2.666  -2.904  0.4787  0.0000  15.7    1   -11.815 3.1161422729
    10.00   0.9176370502    0.7892  3.0037  3.6194  0.7549  -2.739  1.558   -1.244  -2.382  -2.795  -3.045  0.4787  0.0000  18.1    1   -11.844 3.1161437035
    10.00   0.9176418185    0.7892  3.0652  3.6136  0.6703  -2.893  1.610   -1.310  -2.495  -2.927  -3.191  0.4787  0.0000  21.0    1   -11.499 3.1161453724
    10.00   0.9176461101    0.7892  3.1410  3.6069  0.5679  -3.083  1.665   -1.396  -2.636  -3.091  -3.371  0.4787  0.0000  25.3    1   -10.799 3.1161465645
    10.00   0.9176465869    0.7892  3.1431  3.6067  0.5649  -3.088  1.667   -1.398  -2.640  -3.096  -3.376  0.4787  0.0000  25.4    1   -10.779 3.1161468029
    10.00   0.9176465869    0.7892  3.1108  3.6096  0.6087  -3.007  1.642   -1.362  -2.580  -3.026  -3.299  0.4788  0.0000  23.5    1   -11.077 3.1161468029
    10.00   0.9176586866    0.7654  2.7502  3.6440  1.0936  -2.106  1.436   -0.924  -1.890  -2.233  -2.433  0.4709  0.0000  9.9 1   -11.898 3.1161508560
    10.00   0.9176630378    0.7391  2.8243  3.6392  0.9853  -2.291  1.403   -1.050  -2.050  -2.406  -2.616  0.4709  0.0000  11.8    1   -12.102 3.1161522865
    10.00   0.9176635146    0.7358  2.7868  3.6420  1.0319  -2.197  1.413   -0.990  -1.971  -2.320  -2.524  0.4709  0.5308  10.9    1   -12.115 3.1161522865
    10.00   0.9176773429    0.5628  3.4740  3.6188  0.1355  -3.915  0.792   -2.304  -3.545  -3.983  -4.240  0.4709  0.5415  120.3   0   -8.851  3.1161568165
